0,0.1266,0.1266,0.4534,0.1266,0.2119,1.071,0.1266,0.1266,0.1266,0.1266,0.1266,0.1266,0.1266,0.1266,0.2216,0.1266,0.1118,0.8936,0.1211,0.1266,0.1266,0.1266,0.2537,0.05548,0.1266,0.6274,0.1266,0.701,0.4373,0.1829,0.2734,0.1266,0.1266,0.1266,0.1266,0.605,0.1266,0.1266,0.1266,0.1266,0.1266,0.1266,0.579,0.1266,0.1266,0.1266,0.0759,0.1266,0.1266,1.147,0.1266,0.1266,0.12494,0.10126,0.1266,0.636,0.4446,0.1266,0.6587,0.1266,1.282,0.1266,0.1266,0.3716,0.1266,0.1266,0.7524,0.1266,0.1266,0.1266,0.1266,0.1266,0.1266,0.1266,0.1266,1.433,0.1266,0.3623,0.1266,0.1266,0.1266,0.1266,0.1266,0.1266,0.55,0.1266,0.1266,0.1266,0.1266,0.1266,0.1266,0.10016,0.6187,0.3167,0.1266,0.04193,0.1266,0.0995,0.1266,0.2411,0.1266,0.1266,0.3035,0.1266,0.1266,0.1266,0.1266,0.1266,0.4214,0.1266,0.1266,0.1266,0.1266,0.1266,0.1266,1.779,0.06866,0.1266,0.1266,0.1266,0.736,0.1266,0.1266,0.1266,0.1266,0.1266,0.1266,0.1266,0.1266,0.1266,0.1266,0.10376,0.1266,0.3503,0.1266,0.1266,0.1266,0.1266,0.5884,0.1266,0.1266,0.1266,0.1266,0.562,0.1266,0.1266,0.1266,0.1266,0.1266,0.1266,0.1266,0.1266,0.1266,0.1266,0.1266,0.1266,0.1266,1.349,0.1266,0.112,0.1266,0.5327,0.1266,0.10876,0.1266,0.1266,0.1266,0.1266,0.1266,0.0996,0.1266,0.1266,0.1266,0.1266,0.678,0.1266,0.1266,0.802,0.1095,0.1266,0.1266,0.1266,0.1266,0.1266,0.1266,0.3538,0.1266,0.9307,0.1266,0.1266,0.1266,0.1266,0.1266,0.1431,0.2646,0.1266,0.1266,0.1266,1.417,0.1266,0.4368,0.17,0.0617,1.858,0.0994,0.07916,0.1266,0.1266,0.1266,0.709,0.1266,0.1266,0.1266,0.1266,0.1266,0.3276,0.1266,0.1266,0.1515,0.1266,0.1266,1.153,0.4277,0.1266,0.1266,0.1266,0.1266,0.1266,0.1266,0.5815,0.06158,0.06525,0.1467,0.1266,0.1266,0.1266,0.12256,0.1266,0.1266,0.1266,0.1316,0.1266,0.1266,0.1266,0.1266,0.1266,0.12317,0.1266,0.1266,0.1251,0.1266,0.1266,0.1266,1.108,0.1244,0.4907,0.1266,0.1266,0.1266,0.1266,0.1266,0.1266,0.1266,0.1266,0.1266,0.1266,0.1266,0.03857,0.616,0.09247,0.1176,0.1266,0.1266,0.1266,0.1266,0.1266,0.1266,0.1266,0.1266,0.1266,0.1266,0.1266,0.1134,0.1266,0.1266,0.1266,0.1266,0.1266,0.1266,0.09644,0.1266,0.1266,0.1266,0.2213,0.1266,0.1266,0.1266,0.1266,0.1266,0.1266,0.1266,0.1215,0.1646,0.1266,0.0698,0.9917,0.10175,0.1266,0.1266,0.1266,0.2242,0.1266,0.1266,0.1266,0.266,0.1266,0.1266,0.1266,0.1266,1.2,0.1266,0.1266,0.4053,2.105,0.1266,0.1266,0.68,0.1266,0.1266,0.1266,0.1266,0.0865,0.1266,0.1266,0.1266,0.368,0.07825,0.1266,0.1266,0.1266,0.1266,0.5166,0.3875,1.526,0.1266,0.397,0.1266,0.1266,0.2627,0.1266,0.1266,0.1266,0.1266,0.0659,0.227,0.4587,0.2235,0.1266,0.1266,0.1384,1.527,0.1266,0.1266,0.07996,0.1266,0.1266,0.1266,0.779,0.9404,0.12195,0.1266,0.1266,0.1266,0.1266,0.255,0.157,0.1266,0.1266,0.1266,0.8496,0.1266,0.1266,0.1266,1.047,0.1266,0.193,0.0972,0.08453,0.1266,0.1266,0.1266,0.1266,0.0857,0.1266,0.1266,0.1266,1.018,0.1266,0.27,0.1266,1.51,0.1266,0.1266,0.1266,0.325,0.1266,0.1266,0.09814,0.1266,0.1266,0.2676,0.759,0.1266,0.1266,0.1266,0.1266,0.235,0.1266,0.1266,0.1266,0.1266,0.1266,0.1266,0.1266,0.1266,0.191,0.1266,0.1266,0.1266,0.1266,0.575,0.1266,0.1266,0.1266,0.2146,0.1266,0.1266,0.1266,0.3276,0.1266,0.1266,0.1266,0.1266,0.6006,0.1266,0.1266,0.441,0.1181,0.1266,0.1266,0.1266,0.1266,0.06238,0.1266,0.1266,0.1266,0.1266,0.1266,0.1622,0.1266,0.1266,0.1266,0.1266,0.1266,0.1266,0.1266,0.1266,0.1266,0.1266,0.1266,0.1266,0.1266,0.321,0.1266,0.1266,0.1266,0.3855,0.1266,0.1266,0.1266,0.1266,1.063,0.0958,0.1266,0.1266,0.1266,0.1266,0.1266,0.1266,0.1266,0.1266,0.397,0.1139,0.1266,0.1266,0.1266,0.1266,0.1266,0.1266,0.1266,0.1266,0.1266,0.1266,0.08154,0.1266,0.1266,0.1266,0.1266,0.1266,0.1266,0.1266,0.1266,0.10803,0.1266,0.1926,0.1266,0.1266,0.1266,0.1266,0.1266,0.3047,0.1266,0.1266,0.215,0.1891,0.1266,0.1101,0.1266,0.1266,0.1266,0.1266,0.1266,0.1266,0.1266,0.1266,0.1266,0.1266,0.1266,0.1266,0.1266,0.1266,0.1266,0.1266,0.1691,0.1266,0.0881,0.1266,0.1266,0.1266,0.09155,0.1266,0.1266,0.1266,0.758,0.1266,0.2769,0.1266,0.1266,0.1266,0.1266,0.1266,0.1266,0.1266,0.1266,0.1266,0.1517,0.1266,0.1266,0.1592,0.1266,0.1266,0.1266,0.1266,0.6465,0.1266,0.1266,0.551,0.1266,0.3972,0.1266,0.1266,0.1266,0.1266,0.1266,0.1266,0.1266,0.1266,0.1266,0.1266,0.1266,0.396,0.1266,0.1266,0.1266,0.1266,0.1266,0.1266,0.1266,0.1266,0.1266,0.1266,0.1266,0.1266,0.1266,0.1266,0.2076,0.1266,0.1266,0.0731,0.1266,1.427,0.1266,0.1266,0.1266,0.0909,0.735,0.1266,0.1266,0.0918,0.1266,0.1266,0.1266,1.183,0.08624,0.4204,0.432,0.1266,0.1266,0.0838,0.1266,0.1266,0.548,0.08374,0.1266,0.1266,0.1266,0.1619,0.1129,0.1266,0.1266,0.1266,0.1266,0.442,0.1266,0.1266,0.1266,0.1266,0.1266,0.9746,0.1266,0.1266,0.1266,0.1266,0.1266,0.1266,0.6616,0.1266,0.1266,0.1266,0.1266,0.06323,0.1266,0.0969,0.1266,0.1266,0.1266,0.1266,0.0983,0.10333,0.03534,0.1266,0.1266,0.1266,0.1266,0.1266,0.1266,0.1266,0.1266,0.408,0.1266,0.1266,0.1266,0.1266,0.1266,0.07715,0.1266,0.1266,0.9688,0.1266,0.1266,0.4724,0.1266,0.265,0.1266,0.1266,0.1266,0.1266,0.527,0.764,0.1266,0.1266,0.1266,0.1266,0.311,0.1266,0.1266,0.404,0.0685,0.1266,0.53,0.1266,0.4539,0.1266,0.1266,0.1266,0.11224,0.1266,1.47,0.2222,0.1266,0.1266,0.1266,0.5884,0.1266,0.1266,0.1266,0.1266,0.07605,0.3203,0.1266,0.8857,0.1266,0.1266,0.1266,0.04648,0.1266,0.1266,0.1266,0.1266,0.1266,0.1266,0.1266,0.1266,0.1266,0.1266,0.1232,0.5615,0.1266,0.1266,0.1266,0.1266,0.1266,0.5405,1.213,0.1266,0.1266,0.1266,0.1266,0.1266,0.1266,0.1266,0.8843,0.1266,0.1266,0.1266,0.1266,0.1266,0.1266,1.059,0.1266,0.284,0.1266,0.503,0.1266,0.12415,0.1266,0.1022,0.1266,0.1266,0.1266,0.1266,0.1266,0.1266,0.518,0.1266,0.1266,0.578,0.1266,0.10803,0.533,0.1266,0.1266,0.1266,0.1266,0.362,0.1266,0.1266,0.1294,0.1266,0.1266,0.1266,0.1266,0.9595,0.1266,0.1266,0.1266,0.1266,0.1266,0.1266,0.1266,0.1266,0.1266,0.0708,0.1266,0.1266,0.1,0.1266,0.1266,0.1266,1.312,0.1266,0.1233,0.1016,0.1266,1.506,0.753,0.1266,0.1266,0.1266,0.05316,0.1266,0.1266,0.1266,0.1266,1.0625,0.09894,0.1266,0.1266,0.1266,0.0817,0.1266,0.1266,0.8057,0.1266,0.4072,0.1266,0.1266,0.11774,0.125,0.1266,0.1266,0.1266,0.1266,0.1266,0.1266,0.1266,0.0921,0.1266,0.1266,0.1266,0.3267,0.1266,0.1266,0.1266,0.1266,0.10895,0.1266,0.1266,0.1266,0.1266,0.1266,0.1266,0.1266,0.126,0.1266,0.1266,0.1266,0.1266,0.1266,0.1266,0.1266,0.1266,0.1266,0.849,0.2551,0.2089,0.1266,0.4045,0.1266,0.1266,0.0844,0.1266,0.1266,0.4624,0.1266,0.1266,0.1266,0.6436,0.1266,0.1266,0.0707,0.1266,0.686,0.1266,0.1266,0.1266,0.1266,0.1266,0.0888,0.1266,0.1266,0.911,0.2776,0.128,0.1266,0.1266,0.1266,0.1266,0.1266,0.1266,0.1266,0.1266,0.1266,0.1266,0.2668,0.1266,0.1266,0.1266,0.1266,0.2019,0.1266,0.1145,0.1266,0.1626,0.1266,0.1266,0.2727,0.1266,0.1266,0.1328,0.1266,0.5513,0.1266,0.1056,0.04523,0.0669,0.1554,0.1266,0.1266,0.1266,0.1266,0.2747,0.1266,0.067,0.1266,0.1266,0.1266,0.1266,0.1266,0.1299,0.1266,0.161,0.532,0.1266,0.1266,1.161,0.1266,0.06836,0.1266,0.1266,0.1266,0.1266,0.1266,0.1266,0.1266,0.1266,0.0979,0.1266,0.1266,0.1266,0.1266,0.1266,0.1266,0.1142,0.9624,0.961,0.1266,0.1854,0.1266,0.1266,0.1266,0.1599,0.1266,0.1266,0.1266,0.1266,0.1266,0.1266,0.0841,0.1266,0.1266,0.1266,0.1131,0.1266,0.262,0.1266,0.1266,0.348,0.1266,0.1266,0.1266,0.1266,0.1073,0.1266,0.1266,0.1266,0.1266,0.1266,0.1266,0.1266,0.1266,1.051,0.1266,0.1266,0.0923,1.017,0.1266,0.693,0.10693,0.11835,0.1266,0.1266,1.229,0.1266,0.1266,0.8193,0.1266,0.0401,0.1266,0.851,1.073,0.1266,0.1266,0.1266,0.1266,0.1266,0.1266,0.1074,0.1266,0.1266,0.1266,0.1266,0.1266,0.1266,0.1127,0.1266,0.4587,0.1266,0.4966,0.1266,0.1266,0.1266,0.1266,0.1266,0.1262,0.1266,0.2397,0.1266,0.1266,0.1266,0.1266,0.1266,0.1266,0.1266,0.302,0.1266,0.5527,0.1266,0.1266,0.1266,0.1266,0.1266,0.1266,0.2169,0.3733,0.1266,0.1266,0.1266,0.1052,0.1266,0.1266,0.1266,0.11487,0.1266,0.1266,0.1266,0.1266,0.1266,0.1266,0.1266,0.1266,0.1266,0.1266,1.335,0.1266,0.1266,0.1266,0.1266,1.74,0.1266,0.1266,0.5396,0.1266,0.1266,0.4744,0.1266,0.1266,2.285,0.0864,0.1266,0.1266,0.0849,0.1266,0.1266,0.1266,0.1266,0.1266,0.1196,0.1266,0.1699,0.1266,0.1266,0.1266,0.1266,0.1266,0.1266,0.0842,0.1266,0.1266,0.2037,0.0824,0.1266,0.1266,0.2052,0.1266,0.1266,0.1266,0.1266,0.1266,0.1266,0.1266,0.1266,0.1266,0.1266,0.1266,0.1266,0.5356,0.1266,0.1266,0.1266,0.1266,0.1266,0.594,0.1266,0.5356,0.1266,0.1266,0.1266,1.079,0.4607,0.1266,0.1266,0.584,0.1266,0.1266,0.0804,0.0928,0.1266,0.7334,0.1266,0.1328,0.1266,0.1266,0.1266,0.1266,0.1266,0.1266,0.1266,0.1266,0.3047,0.1266,0.405,0.3137,0.5117,1.071,0.1266,0.1266,0.1266,0.1266,0.1266,0.1266,0.1266,0.1266,0.1266,0.1266,0.09607,0.1266,0.1261,0.1266,0.1266,0.1266,0.1266,0.1266,0.281,0.1266,0.1266,0.1266,0.1266,0.1266,0.788,0.6646,0.1266,0.1266,0.1266,0.4119,0.1161,0.1266,0.1266,0.2698,0.1266,0.1266,0.1266,0.0745,0.1266,0.1266,0.1266,0.1266,0.1266,0.1156,0.1266,0.1266,0.1266,0.1749,0.1266,0.1266,0.1266,0.1224,0.1266,0.1266,0.1266,0.1266,0.1266,0.1266,0.3013,0.1266,0.1266,0.1266,0.1266,0.1094,0.2751,0.1266,0.7,0.3381,0.1266,0.1266,0.1266,0.1266,0.1266,0.1266,0.3516,0.1266,0.1266,0.1266,0.1266,0.3381,0.4785,0.1266,0.1266,0.1241,0.1266,0.1266,0.1266,0.06775,0.1266,0.1266,0.1266,0.1266,0.1266,0.1266,0.1266,0.331,0.6675,0.1599,0.1266,0.1266,0.1138,0.1266,0.1266,0.1266,0.1266,0.1266,1.084,0.2852,0.1266,0.1266,0.4336,0.1266,0.1266,0.1266,0.1266,0.1266,0.505,0.1266,0.1266,0.1266,0.1266,0.1266,0.12213,0.1266,0.1266,0.1266,0.1266,0.1266,0.0814,0.12274,0.1266,0.09125,0.1266,0.1266,0.243,0.1266,0.1223,1.228,0.1266,0.1266,0.1266,0.11597,0.1266,0.1266,0.1266,0.9204,0.1266,0.077,0.1266,0.1266,0.1266,0.771,0.1266,0.1266,0.1266,0.1266,0.1783,0.2563,0.1266,0.1266,0.1266,0.05942,0.1266,0.1266,0.1266,0.1266,0.1266,0.12317,0.1266,0.1266,0.1266,0.754,0.1266,0.46,0.1266,0.1266,0.1266,0.1266,0.1266,0.1266,0.1266,0.1266,0.1266,0.1266,0.1266,0.244,0.1266,0.1266,0.0415,0.1266,0.1072,0.07086,0.1266,0.1266,0.1266,0.1266,2.076,0.1266,0.1266,0.1266,0.1718,0.1266,0.1266,0.3547,0.1266,0.1266,0.1266,0.1266,0.1266,0.1266,0.1266,0.1266,0.1266,0.1266,0.1266,0.1266,0.05984,0.1266,0.641,0.1266,0.1266,0.1266,0.1266,0.0962,0.118,0.04593,0.174,0.1266,1.14,0.1266,0.1266,0.1266,0.1266,0.1674,0.1266,0.1266,0.1266,0.2041,1.955,0.1266,0.1266,0.1266,0.1266,0.1266,0.1266,0.1266,0.1266,0.1266,0.09735,0.2142,0.1131,0.1266,0.1266,0.1266,0.1266,0.1266,0.1266,0.1266,0.4666,0.1266,0.1266,0.1244,0.1266,0.1266,0.4897,0.09894,0.1266,0.1266,0.1266,0.0751,0.1266,0.1266,0.0985,0.1266,0.437,0.2717,0.1266,0.1266,0.1266,0.1322,0.1266,0.1266,0.1266,1.137,0.1266,0.1266,0.1266,0.1183,0.1266,0.1266,0.1266,0.1302,0.08325,0.1266,0.1266,0.375,0.1266,0.1266,0.1432,0.2151,0.1255,0.1266,0.906,0.086,0.1266,0.645,0.1266,0.1266,0.1266,0.1266,0.1266,1.68,0.369,0.329,0.1266,0.10376,0.1266,0.1266,0.1359,0.1266,0.1266,0.1266,0.1266,0.1266,0.1266,0.10474,0.1266,0.1266,0.1266,1.667,0.6987,0.1266,0.1266,0.7637,0.1266,0.1887,0.1266,0.1266,0.1151,0.1266,0.843,0.1266,0.1266,0.1255,0.1266,0.1266,0.3684,0.1033,0.1266,1.085,0.1266,0.526,0.1266,0.1266,0.1266,0.1266,0.1266,0.1266,0.1266,0.1266,0.1279,0.1266,0.1301,0.1266,0.8174,0.1266,0.1266,0.0917,0.1266,0.1266,0.1175,0.1266,0.1266,0.1266,0.1266,0.1266,0.05447,0.1266,0.1266,0.1266,0.3257,0.1266,0.1185,0.1266,0.1266,0.1266,0.1266,0.1266,0.1266,0.1266,1.633,0.1266,0.1266,0.1266,0.1266,0.1266,0.1266,0.8247,0.1266,0.1266,0.1266,0.1266,0.1266,0.1266,0.218,0.847,0.1266,0.1266,0.1266,0.1266,0.1266,0.1266,0.1266,0.1266,0.1979,0.3076,0.1266,0.1266,1.234,0.1266,0.1266,0.1266,0.1266,0.1266,0.1266,0.1266,0.1266,0.1266,0.1266,0.1266,0.1266,0.1266,0.07684,2.041,0.3074,0.1266,0.1266,0.1266,0.1266,0.1266,0.1266,0.1266,0.1266,1.249,0.2347,0.1266,0.11755,0.1026,0.1266,0.11786,0.1266,0.1266,0.1934,0.1266,0.1266,0.2417,0.1266,0.1266,0.1266,0.1063,0.5664,0.1266,0.1266,0.2817,0.1266,0.1266,0.1266,0.1115,0.1266,0.663,0.1266,0.5566,0.3179,0.097,0.1266,0.1266,0.1266,0.1266,0.1266,0.825,0.1266,0.0684,0.198,0.1266,0.1266,1.067,0.1266,0.1266,0.1266,0.1266,0.1266,0.1266,0.1266,0.2815,0.1266,1.568,0.1266,0.1266,0.1266,0.4824,0.1266,0.10925,0.1266,0.1266,0.1266,0.1266,0.512,0.1802,0.627,0.1266,0.1266,0.4138,0.1266,0.1266,0.2017,0.1266,0.1266,0.1266,0.1266,0.1266,0.1266,0.0757,0.1443,0.1266,0.1266,0.11926,0.113,0.1266,0.1266,0.1266,0.1266,0.1266,0.1266,0.1266,0.1266,0.1266,0.5703,0.1266,0.1266,0.1266,0.115,0.1266,0.1266,0.1266,0.361,0.0785,0.1266,0.1266,0.2456,0.1266,0.1266,0.3887,0.04333,1.162,0.1266,0.1266,0.0984,1.379,0.1266,0.1266,0.1266,0.1266,0.1266,0.1266,0.1266,0.1266,0.09735,0.1266,0.1266,0.1266,0.1266,0.1266,0.125,0.1266,0.1266,0.1266,0.1266,0.1266,0.1266,0.1266,0.2307,0.1266,0.394,0.1266,0.372,0.05136,0.319,0.1266,0.6865,0.1266,0.1266,0.5215,0.1266,0.7524,0.1382,0.1266,0.1163,0.1266,0.1266,0.1266,0.1266,0.1266,0.11426,0.1146,0.1266,0.1266,0.1266,0.485,0.1266,0.1266,0.1266,0.1266,0.1266,0.1266,0.09216,0.1266,0.1266,0.719,0.1266,0.1266,0.8374,0.1266,0.1266,0.1208,0.1266,0.1266,0.1266,0.4297,0.1069,0.1266,0.1266,0.1266,0.1266,0.1266,0.7007,0.1266,0.1266,0.1266,0.1907,0.1266,0.1266,0.1302,0.1266,0.2261,0.1266,0.4578,0.1266,0.07324,0.1266,0.1266,0.1266,0.1266,0.1266,0.1266,0.1266,0.1266,0.1266,0.1266,0.1266,0.1466,0.1266,0.1266,0.1266,0.1266,0.1266,0.1266,0.0899,0.1266,0.4185,0.4336,0.1266,0.1266,0.1266,0.1266,0.0987,0.5903,0.1266,0.1266,0.1266,0.2269,0.1266,0.1266,0.513,0.1266,0.1266,0.1266,0.1266,0.1266,0.1266,0.77,0.1482,1.085,0.1266,0.1266,0.1266,0.1266,0.1266,0.1266,0.2223,0.09314,0.1266,0.4739,0.4104,0.516,0.1266,0.686,0.111,0.1266,0.1266,0.1516,0.1266,0.1266,0.1266,0.1266,1.584,0.1266,0.1266,0.1266,0.1266,0.1266,0.1266,0.1597,0.1266,1.313,0.1266,0.61,0.1266,0.556,0.1266,0.1266,0.1266,0.1266,0.1266,0.1266,0.5176,0.1266,0.1266,0.1266,0.1266,0.12256,0.1266,0.1266,1.053,0.3643,0.3313,0.1266,0.083,0.1266,0.1266,0.1266,0.2385,0.1266,0.1266,0.1266,0.1266,0.1266,0.1266,0.1266,0.1266,0.1266,0.6367,0.1266,0.1266,0.1266,0.1266,0.1266,0.1052,0.1266,0.1266,0.1266,0.1266,0.1266,0.1266,0.4329,0.1266,0.513,0.1892,0.1266,0.1266,0.1266,0.1166,0.745,0.1279,0.6763,0.1266,0.11115,0.1266,0.1266,0.1266,0.1266,0.1266,0.1266,0.1266,0.1266,0.1266,0.1266,0.1266,0.3145,0.1266,0.1266,0.1231,0.1266,0.1266,0.1266,0.1266,0.1266,0.1266,0.1266,0.074,0.4192,0.1266,0.576,0.311,0.1266,0.1266,0.1266,0.1266,0.1266,0.1064,0.3372,0.1266,0.2527,0.1266,0.1266,0.1266,0.387,0.1906,0.1266,0.4065,0.1266,0.1266,0.1266,0.1266,0.1093,0.10315,0.1266,0.1266,0.1266,0.1266,0.1266,0.1266,0.2489,0.806,0.1573,0.10944,0.1266,0.939,0.1266,0.1266,0.3938,0.1266,0.1266,0.3467,0.2294,0.1266,0.1266,0.1266,0.1266,0.1266,0.1266,0.1266,0.1266,0.1266,0.1266,0.1266,0.766,0.095,0.10913,0.1266,0.1266,0.0913,0.4285,0.1266,0.1266,0.1266,0.1266,0.1266,0.1266,0.1266,0.1266,0.1266,0.787,0.1266,0.2179,0.1266,0.0998,0.1266,0.1266,0.1266,2.432,0.1266,0.1049,0.1266,1.253,0.4258,0.1266,0.1266,0.2637,0.1266,0.09125,0.1266,0.1222,0.303,0.485,0.1266,0.1266,0.1266,0.1266,0.1266,0.1266,0.1266,0.144,0.1266,0.1266,0.1266,0.5884,0.1266,0.1266,0.1266,1.399,0.1266,0.1505,0.3208,0.1266,0.1266,1.311,0.1266,0.1168,0.3782,0.1266,0.1266,0.1266,0.1266,0.1989,0.1266,0.1266,0.0951,0.08093,0.1266,0.1266,0.1266,0.1266,0.1266,0.1266,0.1266,0.1266,0.1266,0.1266,0.1266,0.04556,0.1266,0.1266,0.1266,0.1266,0.1083,0.1266,0.1775,0.1266,0.06052,0.1266,0.1266,0.1266,0.1266,0.1266,0.1093,0.1998,0.11334,0.1266,0.645,0.1266,0.1266,0.764,0.1266,0.6855,0.2115,0.06665,0.1266,0.1266,0.4065,0.1266,0.1266,0.1266,0.1266,0.1266,0.08514,0.1266,0.1005,0.1266,0.1266,0.1266,0.1266,0.1266,0.1266,0.1266,0.392,0.292,0.1266,0.1266,0.1266,0.1266,0.1266,0.1266,0.11975,0.1266,0.1266,0.1266,0.1266,0.1076,0.1266,0.1266,0.1271,0.1266,0.1266,0.1266,0.342,0.1266,0.1266,0.2086,0.1266,0.1266,0.0777,0.1266,1.55,0.1266,0.1266,0.7227,0.1266,0.6074,0.06006,0.7925,0.1266,0.1266,0.1266,0.1266,0.1266,0.1266,0.1266,0.1266,0.1266,0.1266,0.1266,0.1266,0.1266,0.1266,0.1266,0.5674,1.511,0.1266,0.1266,0.1266,1.375,0.2632,0.343,0.1484,0.1266,0.1266,0.1266,0.1266,0.1266,0.2467,0.1266,0.1266,0.1266,0.7065,0.1266,0.1266,0.1266,0.10345,0.1266,0.1266,0.1266,0.1266,0.1266,0.1266,0.1266,0.1266,0.1055,0.1266,0.1266,0.1266,0.1266,0.1077,0.1266,0.1266,0.1266,0.8203,0.1266,0.1266,0.1266,0.1266,0.2195,0.1266,0.1266,0.12286,0.1266,0.1266,0.1266,0.1266,0.1266,0.1266,0.1266,0.7617,0.5063,0.1266,0.1266,0.1266,0.1266,0.997,1.749,0.1266,0.1266,0.1266,0.1266,0.11945,0.1266,0.1266,0.1266,0.1266,0.1266,0.1266,0.1266,0.0487,0.544,0.1266,0.1266,0.1266,0.1129,0.1266,0.1266,1.051,0.1266,0.1266,0.1266,0.1266,0.1266,0.1266,0.1266,0.1266,0.1266,0.1266,0.9097,0.1266,0.1266,0.1266,0.1266,0.1266,0.1266,0.1266,0.1266,0.5176,0.1266,0.1266,0.1266,0.1266,0.0944,0.1266,0.2058,0.1266,0.1266,0.1266,0.4192,0.1395,0.1266,0.11676,0.3694,0.1266,0.1266,0.1266,0.1266,0.1266,0.1266,0.1266,0.462,0.1266,0.3115,0.3513,0.68,0.1266,0.1266,0.1217,0.1266,0.1266,0.7397,0.0785,0.1266,0.1266,0.1266,0.1266,0.1266,0.1266,0.1266,0.56,0.1266,0.32,0.1266,1.088,0.1266,0.1437,0.1266,0.1266,0.1266,0.6587,0.1638,0.1266,0.1266,0.1266,0.261,0.1266,0.1266,0.1796,0.1266,0.1266,0.1266,0.1266,0.1266,0.1266,0.1266,0.1266,0.9624,0.1266,0.1266,0.1266,0.0683,0.1265,0.1266,0.1266,0.1266,0.1266,0.1266,0.1266,0.0982,0.1266,0.1266,0.1266,0.1266,0.1266,0.1266,0.1266,1.076,0.1266,0.1266,0.07916,0.1266,0.1266,0.1266,0.1266,0.1266,0.1266,0.876,0.1266,0.1266,0.1266,0.1266,0.1266,0.1266,0.1266,0.1266,0.1266,0.1266,0.1255,0.2236,0.1266,0.1266,0.1266,0.1266,0.1266,0.1266,0.1266,0.1266,0.4097,0.1266,0.1266,0.1266,0.1266,0.1266,0.4229,0.1266,0.4775,0.1266,0.1266,0.1266,0.1266,0.1266,0.1266,0.5312,0.1266,0.1266,0.1266,0.12366,0.1614,0.1266,0.1266,0.1266,0.242,0.1266,0.1266,0.6934,0.1266,0.1266,0.147,0.1266,0.1266,0.1266,0.1266,0.1266,0.1266,0.1266,0.1266,0.1266,0.1266,0.365,0.1266,0.1266,0.11304,0.1266,0.1266,0.1266,0.1266,0.1266,0.1266,0.1266,0.1266,0.1266,0.3909,0.10614,0.1266,0.1266,0.1266,0.1074,0.5195,0.1266,0.1075,0.0909,0.1266,0.1266,0.1266,0.11633,0.1266,0.1172,0.1266,0.1266,0.1266,0.1266,0.1266,0.1266,0.1266,0.05692,0.3696,0.1266,0.1266,0.0795,0.1266,2.342,0.1266,0.1266,0.1266,0.2915,0.1266,0.1266,0.1035,0.1266,0.1897,0.1266,0.1478,0.1266,0.1266,0.1718,0.0936,0.1266,0.1266,0.1266,0.9014,0.1097,0.0783,0.1266,0.1266,0.1266,0.1266,0.0857,1.745,0.1266,0.1266,0.1266,0.8853,0.1266,0.9785,0.1266,0.1266,0.07983,0.1266,0.1266,0.1084,0.1011,0.1119,0.084,0.1266,0.2495,0.1266,0.1266,0.1266,0.1266,0.1266,0.1266,0.1266,0.1688,0.1266,0.1266,0.1266,0.1266,0.1266,0.08545,0.1266,0.1266,0.1266,0.594,0.1266,0.1266,0.1266,0.1266,0.1266,0.10486,0.1627,0.1266,0.1266,0.1266,0.0518,0.1266,0.1266,0.1266,1.17,0.1266,0.1266,0.1266,0.1239,0.3997,0.1251,0.1266,0.1266,0.4111,0.1266,0.1266,1.778,0.1266,0.1266,0.1266,0.1266,0.1266,0.1266,0.1266,0.11346,0.1266,0.1202,0.1266,0.1266,0.1266,0.1266,0.1266,0.1266,0.1266,0.1251,0.1505,0.1266,0.661,0.1266,0.1266,0.1266,0.1266,0.1266,0.1266,0.2883,0.1266,0.2068,0.1266,0.1266,0.11664,0.1039,0.8623,0.0827,0.1266,0.1266,0.1266,0.1266,0.1266,0.1147,0.1266,0.2434,0.1266,0.1266,0.04636,0.1266,0.1266,0.1266,0.1266,0.4043,0.1266,0.1266,0.1266,0.694,0.671,0.08997,0.1266,0.1266,0.1266,0.1266,0.1266,1.119,0.3953,0.1266,0.1266,0.1266,0.1266,0.1082,0.1266,0.5293,0.1266,0.1266,0.1266,0.1266,0.1266,0.1266,0.1266,0.1223,0.1266,0.1266,0.3147,0.1266,0.1266,0.1266,0.1266,0.1266,0.1266,0.1266,0.1266,0.1266,0.1266,0.1266,0.1289,0.1266,0.1266,0.1174,0.1179,0.117,0.1266,0.4026,0.4868,0.761,0.1266,0.1582,0.1532,0.1266,0.1266,0.1266,0.3118,0.1266,0.1266,0.1266,0.1266,0.1266,0.1266,0.1266,1.26,0.4792,0.1266,0.1266,0.1266,0.1266,0.1266,0.1266,0.2954,0.3298,0.1266,0.1266,0.1266,0.1266,0.1266,0.1266,0.03754,0.1248,0.1266,0.8438,0.1266,0.1266,1.013,0.8906,0.1266,0.1266,0.1266,0.12244,0.1266,0.1266,0.1266,0.1266,0.319,1.246,0.0993,0.5767,0.1266,0.07416,0.1266,0.1266,0.1266,0.1266,0.1207,0.1266,0.1266,0.1266,0.1736,0.1266,0.1266,0.562,0.1266,0.06946,0.1266,0.1266,0.1266,0.1266,0.1193,0.1266,0.1266,0.1266,0.1266,0.1266,0.1266,0.1266,0.1266,0.1266,0.1266,0.1266,0.1266,0.1266,0.12366,0.1266,0.08264,0.7017,0.1198,0.1266,0.06854,0.1266,0.1278,0.1266,0.1266,0.04642,0.1266,0.1266,0.1266,0.1515,0.1266,0.1266,0.1266,0.1266,0.1266,0.1266,0.1266,0.1266,0.1266,0.1266,0.1266,0.2983,0.984,0.1266,0.1266,0.1266,0.1995,0.3696,0.1266,0.1125,0.1266,0.1266,0.1266,0.1266,0.1266,0.0716,0.1263,0.1266,0.1266,0.1266,0.1266,0.4988,0.1266,0.1266,0.0852,0.3804,0.1266,0.1266,0.1266,0.1266,0.10474,0.11786,0.1266,0.1266,0.1266,0.0925,0.1266,0.1266,0.1266,0.1266,0.1266,0.1266,0.0865,0.1266,0.0664,0.08276,0.1266,0.1266,0.1266,0.1266,0.1266,0.1266,0.1266,0.1266,0.1266,0.1266,0.1266,0.1266,0.1266,0.524,0.1266,0.1266,0.1266,0.1266,0.151,0.1266,0.1266,0.1266,0.1266,0.10986,0.1266,0.1266,0.1266,0.1266,0.1266,0.1266,0.1266,0.439,0.1266,0.1857,0.1266,0.1266,0.07544,0.1266,0.1266,0.1266,0.1168,0.1266,0.1266,0.1266,0.1266,0.1266,0.1266,0.06155,0.1266,0.1266,0.1266,1.599,0.1144,0.575,0.1814,0.1266,0.2524,0.1266,0.1266,0.3398,0.1266,0.1266,0.1266,0.1266,0.0912,0.1266,0.662,0.1266,0.1266,0.662,0.08203,0.1266,0.1389,0.1266,0.4932,0.1266,0.1049,0.1266,0.1266,0.12195,0.2869,0.2058,0.537,0.1266,0.1266,0.09546,0.1266,0.1212,0.1259,0.1266,0.1266,0.1266,0.3906,0.1266,0.0967,0.4172,0.0644,0.1266,0.1266,0.1266,0.1266,0.1266,0.1266,0.1266,0.4565,0.1266,0.0989,1.117,0.074,0.1266,0.1266,0.1266,0.1266,0.1915,0.1266,0.1266,0.0626,0.1266,0.1266,0.1256,0.1266,0.1266,0.1266,0.1266,0.1266,0.1266,0.1266,0.1266,0.1266,0.1266,0.1266,0.1266,0.1266,0.1266,0.1266,0.11743,0.05426,0.1266,0.1266,0.1266,0.1346,0.1266,0.1266,0.1266,1.427,0.1266,0.5845,0.1266,0.1266,0.1266,0.1266,0.1266,0.361,0.1242,0.1266,0.1266,0.1266,0.1266,0.1207,0.1266,0.1266,0.1266,0.1266,0.1266,0.1266,0.1743,0.1266,0.1266,0.1401,0.12054,0.1266,0.1266,0.1327,0.1266,0.1266,0.1266,0.7266,0.1266,0.1266,0.1266,0.1813,0.1266,0.227,1.338,0.1266,0.1266,0.1266,0.09143,0.1266,0.1266,0.1805,0.7173,0.1266,0.1266,0.6367,0.1266,0.1266,0.1266,0.1296,0.1266,0.1,0.1266,0.1266,0.2627,0.0968,0.1266,0.11914,0.06305,0.1266,0.1266,0.1266,0.5146,0.1266,0.0833,0.1266,0.1266,0.1266,0.4536,0.2151,0.1266,0.1266,0.5435,0.1266,1.004,0.9985,0.1266,0.1266,0.1266,0.1266,0.1266,0.4614,0.12366,0.1266,0.1266,0.1266,0.2878,0.1266,0.1266,0.1266,0.3472,0.10986,0.9126,1.162,0.1266,0.1266,0.1218,0.3635,0.1266,0.1266,0.1266,1.076,0.1266,0.1266,0.1266,0.453,0.1266,0.1266,0.1266,0.1266,0.1266,0.3154,0.1266,0.1266,0.4827,0.1266,0.1266,0.1266,0.1266,0.1266,0.1266,0.11316,0.1266,0.1266,0.1266,0.1228,0.1426,0.101,0.1266,1.064,0.1266,0.9775,0.2148,0.1266,0.1266,0.1266,0.1266,0.12146,0.1266,0.1266,0.1266,0.717,0.0849,0.1266,0.1266,1.066,0.1266,0.1266,0.1266,0.1266,0.1266,0.1266,0.542,0.1266,0.297,0.1266,0.1266,0.492,1.072,0.1266,0.1266,0.1266,0.1266,0.463,0.5757,0.1266,0.1266,0.1266,0.1266,0.1266,0.1266,0.1266,0.05124,0.1266,0.1266,0.2517,0.1266,0.1266,0.1266,0.1266,0.0953,0.1266,0.4583,0.1266,0.12085,0.12366,0.1266,0.11084,0.1266,0.1266,0.763,0.1266,0.1266,0.1266,0.1266,0.839,0.1266,0.1266,0.1266,0.1266,0.1526,0.1073,0.08765,0.1266,0.1266,0.1266,0.1266,0.112,0.765,0.71,0.11774,0.1266,0.1266,0.07886,0.1266,1.694,0.1266,0.1266,0.2686,0.12213,0.11804,0.306,0.1266,0.2754,0.1266,0.1054,0.1266,0.1266,0.12006,0.1266,0.1266,0.1266,0.1266,0.077,0.5137,0.1266,0.1266,0.1266,0.1266,0.5684,0.1266,0.1266,0.1266,0.1266,0.105,0.1266,1.413,0.1266,0.286,0.1266,0.1266,0.1266,0.2335,0.1266,0.1266,0.1266,0.1266,0.1266,0.1266,0.1266,0.1194,0.1266,0.1266,0.1266,0.1266,0.1266,0.1266,0.1266,0.1266,0.1266,0.1266,0.1266,0.1266,0.1266,0.12103,0.1266,0.1266,0.1266,0.1266,0.2725,0.1266,0.2576,0.1266,0.1266,0.4077,0.1266,0.1266,0.4192,0.09644,0.1266,0.1266,0.1266,0.0717,0.4885,0.1266,0.1266,0.6836,0.1266,0.0795,0.4285,0.1266,0.636,0.1254,0.1266,0.10425,0.1266,0.1302,0.1057,0.1266,0.1266,0.1266,0.1266,0.1266,0.1266,0.1266,0.1266,0.1266,0.1266,0.1266,0.1266,0.1266,0.1266,0.1266,0.1266,0.1266,0.1266,0.2314,0.1266,0.1266,0.12054,0.09937,0.1266,0.1266,0.1266,0.1266,0.11176,0.1266,0.1266,0.1266,0.1266,0.1266,0.1266,0.1266,0.1266,0.6436,0.1266,0.1266,0.0493,0.1266,0.7246,0.1266,0.1266,0.1266,0.1085,0.1266,0.1266,0.1266,0.1266,0.1266,0.1266,0.1266,0.1266,0.1266,0.1957,0.666,0.1266,0.1266,0.1266,0.1266,0.1266,0.1266,0.11847,0.1266,0.1266,0.1266,0.1266,0.1266,0.1266,0.1266,0.1266,0.1266,0.1266,0.1266,0.1266,0.1266,0.1266,0.3716,0.1266,0.5513,0.1266,0.07086,0.1266,0.1266,0.61,0.1266,0.1266,0.12396,0.1266,0.1266,0.1266,0.1266,0.1266,0.1266,0.1266,0.05737,0.1266,0.09576,0.1266,0.3877,0.1266,0.1266,0.1266,0.1266,0.1266,0.1266,0.11444,0.1797,0.1266,0.1266,0.0634,0.1266,0.1266,0.1266,0.1266,0.741,0.11,0.2761,0.1266,0.1266,0.1266,0.1266,0.1266,0.1266,0.05362,0.1266,0.1266,0.3464,0.1266,0.1266,0.1266,0.1266,0.1266,0.1266,0.1266,0.1266,0.11426,1.305,0.1266,0.1266,0.1266,0.1266,0.1266,0.1266,0.1266,0.1266,0.1266,0.1266,0.08234,0.1266,0.1266,0.1266,0.1266,0.1266,0.1266,0.1266,0.06525,0.152,0.3186,0.0973,0.28,0.1266,0.1266,0.1266,0.1266,0.1266,0.3826,0.1266,0.743,0.1266,0.1266,0.1266,0.1266,0.1266,0.862,0.1266,0.507,0.1266,0.1266,0.1266,0.1266,0.1381,0.1266,0.1266,0.1266,0.0748,0.1266,0.1266,0.1266,0.1266,0.1266,0.1266,0.1266,0.4116,0.1266,0.1266,0.0792,1.459,0.2284,0.1266,0.1266,0.1266,0.0622,0.1266,0.1266,0.1266,0.6045,0.1266,0.2145,0.0688,0.1266,0.2068,0.2292,0.1266,0.1266,0.1266,0.1266,0.1266,0.1266,0.1266,0.1266,0.1266,0.2654,0.1266,0.1578,0.329,0.1266,0.1266,0.1266,0.1076,0.1266,0.574,0.1266,0.1266,0.1266,0.1816,0.1266,0.1266,0.1266,0.1266,0.1266,0.1266,0.1266,0.1266,0.1266,0.1266,0.1266,0.1266,0.1266,0.1266,0.1266,0.1266,0.1266,0.1266,0.1266,0.483,0.1266,0.08295,0.1266,0.966,0.1266,0.1266,0.1266,0.1266,0.1266,0.1307,0.1266,0.1266,0.1266,0.12256,0.1266,0.631,0.1266,0.1266,0.2336,0.1266,0.1266,0.1266,0.1266,0.1266,0.0853,0.1266,0.1266,0.1221,0.1266,0.1266,0.1266,0.329,0.5044,0.084,0.1266,0.1266,0.1266,0.1266,0.1266,0.633,0.1242,0.1266,0.2483,0.1266,0.1266,0.1266,0.3518,0.1266,1.041,0.1979,0.1266,0.1445,0.09515,0.1266,0.1266,0.1266,0.1266,0.109,0.1266,0.1266,0.1266,0.1266,0.1266,0.1266,0.1266,0.1266,0.1266,0.1266,0.1266,0.1266,0.1266,0.9004,0.1266,0.1266,0.1266,0.1266,0.1266,0.1266,0.1266,0.1266,0.1266,0.3284,0.1266,0.1266,0.1266,0.1266,0.1266,0.1266,0.1266,0.3015,0.1266,0.1597,0.1619,0.1266,0.1266,0.1266,0.1266,0.1266,0.2208,0.1266,0.1266,0.1074,0.1266,0.1266,0.1266,0.1266,0.1266,0.10333,0.1266,0.1266,0.9634,0.1266,0.1266,0.09534,0.61,0.1266,0.1266,0.1266,0.1266,0.106,0.1266,0.1266,0.1266,0.1266,0.508,0.1266,0.1219,0.1266,0.1266,0.1266,0.1266,0.1266,0.1993,0.1266,0.1266,0.1266,0.1266,0.1266,0.1266,0.1266,0.1266,0.1266,0.1266,0.1266,0.1195,0.1266,0.1266,0.1266,0.1266,0.10645,0.08575,0.1266,0.1266,0.1266,0.1266,0.1266,0.0978,0.1266,0.1266,0.1266,0.1266,0.1266,0.1266,0.06305,0.0804,0.672,0.369,0.1871,0.1266,0.68,0.1266,0.1266,0.1266,0.1266,0.1266,0.1266,0.1266,0.1266,0.1266,0.9546,0.1266,0.1266,0.1266,0.12036,0.1266,0.1266,0.1266,0.1266,0.1266,0.562,0.1266,0.1266,0.1266,0.1266,0.1266,0.0861,0.1266,0.1266,0.1266,0.1266,0.323,0.1266,0.1266,0.571,0.1266,0.1266,0.1266,0.1266,0.1266,0.1266,0.1212,0.1266,0.1266,0.1266,0.1266,0.1266,0.0968,0.1197,0.1266,0.1266,1.165,0.09845,0.1266,0.6025,0.1266,0.1266,0.1266,0.1266,0.1266,0.4111,0.1266,0.1266,0.10516,0.1266,0.1266,0.1342,0.09393,0.973,0.1266,0.1266,0.6167,0.1266,0.1266,0.1266,0.1266,2.115,0.09515,0.1266,0.1266,0.1266,0.09357,0.2708,0.537,0.1266,0.1266,0.1266,0.1266,0.1266,0.1266,0.11804,0.1266,0.1266,0.1266,0.1266,0.1266,0.1266,0.08057,0.0865,0.1266,0.392,0.1266,0.1266,0.1266,0.1266,0.1266,0.1266,0.1266,0.1266,0.1266,0.1266,0.1266,0.962,0.1266,0.1266,0.1266,0.1266,0.1266,0.1266,0.1266,0.1266,0.1266,0.1266,0.1266,0.1266,0.1266,0.1266,0.1266,0.1266,0.2311,0.1266,0.1266,0.1266,0.1266,0.1266,0.1266,0.1266,0.1266,0.1097,0.1266,0.1266,0.1266,0.08545,0.1266,0.1266,0.1266,0.1266,0.1266,0.1266,0.1266,0.1266,0.1266,0.1266,0.1266,0.1266,0.1266,0.1266,0.0999,0.1266,0.1101,0.1266,0.1266,0.1266,0.1266,0.1266,0.1266,0.1266,0.1266,0.1266,0.497,0.1266,0.74,0.42,0.1266,0.1266,0.1266,0.1266,0.1266,0.1266,0.3645,0.1266,0.1266,0.1266,0.1266,0.1266,0.1266,1.205,0.1266,0.1266,0.1266,0.2164,0.338,0.1266,0.1266,0.1266,0.1266,1.255,0.1266,0.1266,0.1266,0.1266,0.2463,0.1266,0.1266,0.1266,0.1195,0.28,0.1266,0.1266,0.2556,0.1266,0.1266,0.1266,0.109,0.1266,0.1266,0.1266,0.1266,0.1266,0.1266,0.1266,0.617,0.12213,0.1266,0.1266,0.11304,0.7656,0.1266,0.1266,0.1266,0.1266,0.1266,0.1266,0.08606,0.1266,0.1266,0.1266,0.1266,0.1266,0.1239,0.1266,0.3152,0.1266,0.3462,1.582,0.1266,0.1266,0.1266,0.1266,0.1266,0.1266,0.1266,0.06573,0.1152,1.156,0.1266,0.1266,0.1266,0.1266,0.1266,0.1266,0.134,0.1266,0.1178,0.1266,0.1266,0.1266,0.109,0.619,0.1266,0.1266,0.1266,0.1266,0.1266,0.1266,0.1266,0.1266,0.1266,0.1266,0.1266,0.1266,0.1077,0.1266,0.1266,0.1096,0.1266,0.0881,0.1266,0.0872,0.1266,0.1266,0.1266,0.1266,0.1266,0.1266,0.1266,0.1266,0.1266,0.11957,0.226,0.7354,0.1266,0.2072,0.1266,0.07166,0.09186,0.2255,0.1266,0.114,0.1266,0.1266,0.1266,0.594,0.1266,0.1266,0.539
1,0.12305,0.12305,0.3105,0.12305,0.2389,0.8296,0.12305,0.12305,0.12305,0.12305,0.12305,0.12305,0.12305,0.12305,0.1153,0.12305,0.0562,0.9863,0.12305,0.12305,0.12305,0.12305,0.3154,0.1036,0.12305,0.5005,0.12305,0.8936,0.476,0.1276,0.1647,0.12305,0.12305,0.12305,0.12305,0.3174,0.12305,0.12305,0.12305,0.12305,0.12305,0.12305,0.4888,0.12305,0.12305,0.12305,0.1121,0.12305,0.12305,1.18,0.12305,0.12305,0.299,0.12305,0.12305,0.4348,0.3542,0.12305,0.784,0.12305,1.213,0.12305,0.12305,0.544,0.12305,0.12305,0.764,0.12305,0.12305,0.12305,0.12305,0.12305,0.12305,0.12305,0.12305,1.541,0.12305,0.2021,0.12305,0.12305,0.12305,0.12305,0.12305,0.12305,0.3523,0.12305,0.12305,0.12305,0.12305,0.12305,0.12305,0.11804,0.5703,0.272,0.12305,0.10895,0.12305,0.1302,0.12305,0.3477,0.12305,0.12305,0.4805,0.12305,0.12305,0.12305,0.12305,0.12305,0.574,0.12305,0.12305,0.12305,0.12305,0.12305,0.12305,1.508,0.09595,0.12305,0.12305,0.12305,0.7017,0.12305,0.12305,0.12305,0.12305,0.12305,0.12305,0.12305,0.12305,0.12305,0.12305,0.10547,0.12305,0.1647,0.12305,0.12305,0.12305,0.12305,0.589,0.12305,0.12305,0.12305,0.12305,0.4778,0.12305,0.12305,0.12305,0.12305,0.12305,0.12305,0.12305,0.12305,0.12305,0.12305,0.12305,0.12305,0.12305,1.277,0.0929,0.12305,0.12305,0.5728,0.12305,0.12305,0.12305,0.12305,0.12305,0.12225,0.12305,0.04636,0.12305,0.12305,0.12305,0.12305,0.5083,0.12305,0.12305,0.6016,0.1178,0.12305,0.12305,0.12305,0.12305,0.12305,0.12305,0.3882,0.12305,0.821,0.12305,0.12305,0.12305,0.12305,0.12305,0.1493,0.2249,0.12305,0.12305,0.12305,1.053,0.12305,0.226,0.1888,0.0934,1.629,0.0797,0.05658,0.12305,0.12305,0.12305,0.599,0.12305,0.12305,0.12305,0.12305,0.12305,0.2627,0.12305,0.12305,0.06415,0.12305,0.12305,1.183,0.254,0.12305,0.12305,0.12305,0.12305,0.12305,0.12305,0.5264,0.1348,0.0799,0.1826,0.12305,0.12305,0.12305,0.1222,0.12305,0.12305,0.12305,0.1477,0.12305,0.12305,0.12305,0.12305,0.12305,0.12305,0.12305,0.12305,0.12305,0.12305,0.12305,0.1162,1.14,0.12305,0.5957,0.12305,0.12305,0.12305,0.12305,0.12305,0.12305,0.12305,0.12305,0.12305,0.1162,0.12305,0.06305,0.5312,0.1222,0.12305,0.12305,0.12305,0.12305,0.12305,0.12305,0.12305,0.12305,0.12305,0.12305,0.12305,0.12305,0.12305,0.103,0.12305,0.12305,0.12305,0.12305,0.12305,0.1014,0.12305,0.12305,0.12305,0.1742,0.12305,0.12305,0.12305,0.12305,0.12305,0.12305,0.12305,0.2316,0.11774,0.12305,0.06354,0.9204,0.04193,0.12305,0.12305,0.12305,0.3374,0.12305,0.12305,0.12305,0.2352,0.12305,0.12305,0.12305,0.12305,1.093,0.12305,0.12305,0.434,1.938,0.12305,0.12305,0.684,0.12305,0.12305,0.12305,0.12305,0.0734,0.12305,0.12305,0.12305,0.4624,0.14,0.12305,0.12305,0.12305,0.12305,0.4148,0.3403,1.44,0.12305,0.2996,0.12305,0.12305,0.2588,0.12305,0.12305,0.12305,0.12305,0.03357,0.1523,0.4412,0.212,0.12305,0.12305,0.2211,1.364,0.12305,0.12305,0.12305,0.1022,0.12305,0.12305,0.776,0.765,0.12305,0.12305,0.12305,0.1189,0.12305,0.4038,0.2311,0.12305,0.12305,0.12305,0.9595,0.12305,0.12305,0.12305,0.916,0.12305,0.1522,0.1039,0.05316,0.12305,0.12305,0.12305,0.12305,0.1215,0.12305,0.12305,0.12305,1.099,0.12305,0.3577,0.12305,1.432,0.12305,0.12305,0.12305,0.3245,0.11896,0.12305,0.1069,0.12305,0.12305,0.2109,0.6025,0.12305,0.12305,0.12305,0.12305,0.2416,0.12305,0.12305,0.12305,0.12305,0.12305,0.12305,0.12305,0.12305,0.3079,0.12305,0.12305,0.12305,0.12305,0.475,0.12305,0.12305,0.12305,0.1741,0.12305,0.12305,0.12305,0.262,0.12305,0.12305,0.12305,0.12305,0.6094,0.12305,0.12305,0.1821,0.10266,0.12305,0.12305,0.12305,0.12305,0.05988,0.12305,0.12305,0.12305,0.12305,0.12305,0.1091,0.12305,0.12305,0.12305,0.11005,0.12305,0.12305,0.12305,0.12305,0.12305,0.12305,0.12305,0.12305,0.12305,0.2319,0.12305,0.12305,0.0814,0.5293,0.12305,0.12305,0.12305,0.12305,1.016,0.11395,0.12305,0.12305,0.12305,0.12305,0.0911,0.12305,0.12305,0.12305,0.33,0.10913,0.12305,0.12305,0.12305,0.12305,0.12305,0.12305,0.12305,0.12305,0.12305,0.12305,0.09357,0.12305,0.12305,0.12305,0.12305,0.12305,0.12305,0.12305,0.12305,0.07935,0.12305,0.2554,0.12305,0.12305,0.12305,0.12305,0.12305,0.1241,0.12305,0.12305,0.1831,0.08,0.12305,0.0965,0.12305,0.12305,0.12305,0.12305,0.12305,0.12305,0.12305,0.12305,0.12305,0.12305,0.12305,0.0988,0.12305,0.12305,0.12305,0.12305,0.253,0.12305,0.09076,0.12305,0.12305,0.12305,0.098,0.12305,0.12305,0.12305,0.6387,0.12305,0.3052,0.12305,0.12305,0.12305,0.12305,0.12305,0.12305,0.12305,0.12305,0.12305,0.1854,0.12305,0.12305,0.1122,0.12305,0.12305,0.12305,0.12305,0.684,0.10315,0.12305,0.6724,0.12305,0.2622,0.12305,0.12305,0.12305,0.11865,0.12305,0.12305,0.12305,0.12305,0.12305,0.12305,0.12305,0.3276,0.12305,0.12305,0.12305,0.12305,0.12305,0.12305,0.12305,0.12305,0.12305,0.12305,0.12305,0.12305,0.12305,0.12305,0.1932,0.1198,0.12305,0.1107,0.12305,1.402,0.12305,0.12305,0.12305,0.1777,0.7026,0.12305,0.12305,0.08685,0.12305,0.12305,0.12305,1.096,0.06464,0.4338,0.4688,0.12305,0.12305,0.09686,0.12177,0.12305,0.4578,0.2155,0.12305,0.12305,0.12305,0.0907,0.12305,0.121,0.12305,0.12305,0.12305,0.4465,0.12305,0.12305,0.12305,0.12305,0.12085,0.893,0.12305,0.12305,0.12305,0.12305,0.12305,0.12305,0.8604,0.12305,0.12305,0.12305,0.12305,0.11115,0.12305,0.1473,0.12305,0.12305,0.12305,0.12305,0.0543,0.11334,0.06116,0.12305,0.12305,0.12305,0.12305,0.1083,0.12305,0.12305,0.12305,0.3303,0.12305,0.12305,0.12305,0.12305,0.12305,0.1204,0.12305,0.12305,1.0,0.12305,0.12305,0.2903,0.12305,0.2837,0.12305,0.12305,0.1135,0.12305,0.461,0.553,0.12305,0.12305,0.12305,0.12305,0.2377,0.12305,0.12305,0.309,0.0734,0.12305,0.3489,0.12305,0.3838,0.12305,0.12305,0.12305,0.1168,0.12305,1.519,0.1774,0.12305,0.12305,0.12305,0.5835,0.12305,0.12305,0.12305,0.12305,0.0653,0.2974,0.12305,0.7046,0.12305,0.12305,0.12305,0.1038,0.12305,0.12305,0.12305,0.12305,0.12305,0.12305,0.12305,0.12305,0.12305,0.12305,0.12305,0.3452,0.12305,0.12305,0.12305,0.12305,0.12305,0.3584,1.264,0.12305,0.12305,0.12305,0.12305,0.12305,0.12305,0.12305,0.895,0.12305,0.12305,0.12305,0.12305,0.12305,0.12305,1.076,0.12305,0.4004,0.12305,0.3975,0.12305,0.1026,0.12305,0.07513,0.12305,0.12305,0.12305,0.12305,0.12305,0.12305,0.3567,0.12305,0.12305,0.4856,0.12305,0.12305,0.5273,0.12305,0.12305,0.12305,0.12305,0.4075,0.12305,0.12305,0.09106,0.12305,0.12305,0.12305,0.12305,0.6436,0.12305,0.12305,0.12305,0.12305,0.12305,0.12305,0.12305,0.12305,0.12305,0.05023,0.12305,0.12305,0.096,0.12305,0.12305,0.12305,1.019,0.12305,0.12305,0.0573,0.12305,1.424,0.7524,0.12305,0.12305,0.12305,0.06244,0.12305,0.12305,0.12305,0.12305,0.942,0.0706,0.12305,0.12305,0.12305,0.05472,0.12103,0.12305,0.832,0.12305,0.3066,0.12305,0.12305,0.04074,0.2034,0.12305,0.12305,0.12305,0.12305,0.12305,0.12305,0.12305,0.09033,0.12305,0.12305,0.12305,0.2207,0.12305,0.12305,0.12305,0.12305,0.12305,0.12305,0.12305,0.12305,0.12305,0.12305,0.12305,0.12305,0.12305,0.12305,0.12305,0.12305,0.12305,0.12305,0.12305,0.12305,0.12305,0.12305,0.701,0.2532,0.292,0.12305,0.369,0.12305,0.12305,0.12305,0.12305,0.12305,0.7485,0.12305,0.12305,0.12305,0.549,0.12305,0.12305,0.1746,0.12305,0.678,0.12305,0.12305,0.12305,0.12305,0.12305,0.1805,0.12305,0.12305,0.646,0.3196,0.1323,0.12305,0.12305,0.12305,0.12305,0.12305,0.12305,0.12305,0.12305,0.12305,0.12305,0.2333,0.12305,0.12305,0.12305,0.12305,0.1943,0.12305,0.1059,0.12305,0.0561,0.12305,0.12305,0.584,0.12305,0.12305,0.12305,0.12305,0.4932,0.12305,0.12305,0.1042,0.04233,0.1327,0.12305,0.12305,0.12305,0.12305,0.2654,0.12305,0.04877,0.12305,0.12305,0.12305,0.12305,0.12305,0.2418,0.12305,0.0905,0.539,0.12305,0.12305,0.868,0.12305,0.11194,0.12305,0.12305,0.12305,0.12305,0.12305,0.12305,0.0562,0.12305,0.0884,0.12305,0.12305,0.12305,0.12305,0.12305,0.12305,0.0879,0.786,0.9375,0.12305,0.0802,0.12305,0.12305,0.12305,0.0912,0.12305,0.12305,0.12305,0.12305,0.12305,0.12305,0.03253,0.12305,0.12305,0.12305,0.078,0.12305,0.1114,0.12305,0.12305,0.3599,0.12305,0.12305,0.12305,0.12305,0.12054,0.12305,0.12305,0.12305,0.12305,0.12305,0.12305,0.12305,0.12305,0.8545,0.12305,0.12305,0.10583,1.008,0.12305,0.5605,0.12305,0.09686,0.12305,0.12305,1.206,0.12305,0.12305,0.7925,0.12305,0.1226,0.12305,0.8706,1.035,0.12305,0.12305,0.12305,0.12305,0.12305,0.12305,0.10187,0.12305,0.12305,0.12305,0.12305,0.12305,0.12305,0.08624,0.12305,0.5435,0.12305,0.3198,0.12305,0.12305,0.12305,0.12305,0.12305,0.0318,0.12305,0.2427,0.12305,0.12305,0.12305,0.12305,0.12305,0.12305,0.12305,0.148,0.12305,0.455,0.12305,0.12305,0.12305,0.12305,0.12305,0.12305,0.2683,0.254,0.12305,0.12305,0.12305,0.12305,0.12305,0.12305,0.12305,0.10614,0.05344,0.12305,0.12305,0.12305,0.12305,0.12305,0.12305,0.12305,0.12305,0.12305,1.113,0.1982,0.12305,0.12305,0.12305,1.535,0.12305,0.12305,0.3103,0.12305,0.12305,0.4246,0.12305,0.12305,2.07,0.08704,0.12305,0.12305,0.11096,0.12305,0.12305,0.12305,0.12305,0.12305,0.12305,0.12305,0.267,0.12305,0.12305,0.12305,0.12305,0.12305,0.12305,0.0911,0.1153,0.12305,0.3008,0.05103,0.12305,0.12305,0.3357,0.12305,0.12305,0.12305,0.12305,0.12305,0.12305,0.12305,0.12305,0.12305,0.12305,0.12305,0.12305,0.387,0.12305,0.12305,0.12305,0.12305,0.1009,0.403,0.12305,0.481,0.12305,0.11804,0.12305,1.03,0.518,0.12305,0.12305,0.524,0.12305,0.12305,0.0689,0.03047,0.12305,0.912,0.12305,0.107,0.12305,0.12305,0.12305,0.12305,0.12305,0.12305,0.12305,0.12305,0.359,0.12305,0.479,0.3423,0.502,1.054,0.12305,0.12305,0.12305,0.12305,0.12305,0.12305,0.12305,0.12305,0.12305,0.12305,0.05237,0.12305,0.086,0.12305,0.12305,0.12305,0.12305,0.12305,0.2487,0.12305,0.12305,0.12305,0.12305,0.12305,0.497,0.4104,0.12305,0.12305,0.12305,0.395,0.0595,0.12305,0.12305,0.382,0.12305,0.12305,0.12305,0.04788,0.12305,0.12305,0.12305,0.12305,0.12305,0.0949,0.12305,0.12305,0.12305,0.1564,0.12305,0.12305,0.12305,0.12305,0.12305,0.12305,0.12305,0.12305,0.12305,0.12305,0.3997,0.12305,0.12305,0.12305,0.12305,0.1077,0.147,0.12305,0.506,0.4387,0.12305,0.12305,0.12305,0.12305,0.12305,0.12305,0.31,0.12305,0.12305,0.12305,0.12305,0.3333,0.65,0.12305,0.12305,0.12305,0.12305,0.12305,0.12305,0.1038,0.12305,0.12305,0.12305,0.12305,0.12305,0.12305,0.12305,0.2708,0.628,0.0974,0.12305,0.12305,0.1226,0.12305,0.12305,0.12305,0.12305,0.12305,0.9717,0.2281,0.12305,0.0765,0.5156,0.12305,0.12305,0.12305,0.12305,0.12305,0.4949,0.12305,0.12305,0.12305,0.12305,0.12305,0.12305,0.12305,0.12305,0.12305,0.12305,0.1178,0.1831,0.10535,0.12305,0.3074,0.12305,0.12305,0.2644,0.12305,0.12006,1.085,0.12305,0.12305,0.12305,0.1187,0.12305,0.12305,0.12305,0.8545,0.12305,0.06866,0.12305,0.12305,0.12305,0.72,0.12305,0.12305,0.12305,0.12305,0.09186,0.392,0.12305,0.12305,0.12305,0.04352,0.12305,0.12305,0.12305,0.12305,0.12305,0.1163,0.12305,0.12305,0.12305,0.587,0.12305,0.4812,0.12305,0.12305,0.12305,0.12305,0.12305,0.12305,0.12305,0.12305,0.12305,0.12305,0.12305,0.2754,0.12305,0.12305,0.1247,0.12305,0.12305,0.05692,0.12305,0.12305,0.12305,0.12305,1.81,0.12305,0.12305,0.12305,0.2355,0.12305,0.12305,0.3047,0.12305,0.12305,0.12305,0.12305,0.12305,0.12305,0.12305,0.12305,0.12305,0.12305,0.12305,0.12305,0.3438,0.12305,0.4587,0.12305,0.12305,0.12305,0.12305,0.07495,0.12305,0.05188,0.276,0.12305,1.074,0.12305,0.12305,0.12305,0.12305,0.1371,0.12305,0.12305,0.12305,0.4307,1.964,0.12305,0.12305,0.12305,0.12305,0.12305,0.12305,0.12305,0.12305,0.12305,0.12305,0.291,0.08014,0.12305,0.12305,0.12305,0.12305,0.12305,0.12305,0.12305,0.4583,0.12305,0.12305,0.1217,0.12305,0.12305,0.602,0.1101,0.12305,0.12305,0.12305,0.03029,0.12305,0.12305,0.1017,0.12305,0.6094,0.2233,0.12305,0.12305,0.12305,0.168,0.12305,0.12305,0.12305,1.114,0.12305,0.12305,0.12305,0.12305,0.12305,0.1077,0.12305,0.2242,0.10504,0.12305,0.12305,0.4434,0.12305,0.12305,0.2307,0.2222,0.1131,0.12305,1.143,0.12305,0.12305,0.4868,0.12305,0.12305,0.12305,0.12305,0.12305,1.549,0.372,0.3577,0.12305,0.092,0.12305,0.12305,0.1943,0.12305,0.12305,0.12305,0.12305,0.12305,0.12305,0.07825,0.12305,0.12305,0.12305,1.441,0.5923,0.12305,0.12305,0.93,0.12305,0.2253,0.12305,0.12305,0.1018,0.12305,0.735,0.12305,0.12305,0.1007,0.12305,0.12305,0.2817,0.0574,0.12305,1.137,0.12305,0.4375,0.12305,0.12305,0.12305,0.12305,0.12305,0.12305,0.12305,0.12305,0.23,0.12305,0.2291,0.12305,0.9053,0.12305,0.12305,0.12305,0.12305,0.12305,0.0944,0.12305,0.12305,0.12305,0.12305,0.12305,0.07947,0.12305,0.12305,0.12305,0.1755,0.12305,0.12305,0.12305,0.12305,0.12305,0.12305,0.1073,0.12305,0.12305,1.575,0.12305,0.12305,0.12305,0.12305,0.12305,0.12305,0.6978,0.12305,0.12305,0.12305,0.12305,0.12305,0.12305,0.1757,0.766,0.12305,0.12305,0.12305,0.12305,0.12305,0.12305,0.12305,0.12305,0.18,0.2808,0.12305,0.12305,0.889,0.12305,0.12305,0.12305,0.12305,0.12305,0.12305,0.12305,0.12305,0.12305,0.12305,0.12305,0.12305,0.12305,0.1152,1.784,0.2822,0.12305,0.12305,0.12305,0.12305,0.12305,0.12305,0.12305,0.12305,1.263,0.2084,0.12305,0.12225,0.0631,0.12305,0.12305,0.12305,0.12305,0.05823,0.12305,0.12305,0.09436,0.12305,0.12305,0.12305,0.12305,0.659,0.12305,0.12305,0.3333,0.12305,0.12305,0.12305,0.11597,0.12305,0.6626,0.12305,0.7383,0.4497,0.10876,0.12305,0.12305,0.12305,0.12305,0.12305,0.7715,0.12305,0.0671,0.09216,0.12305,0.12305,0.925,0.12305,0.12305,0.12305,0.12305,0.12305,0.12305,0.12305,0.309,0.12305,1.561,0.09973,0.12305,0.12305,0.577,0.12305,0.11975,0.12305,0.12305,0.12305,0.12305,0.2393,0.267,0.5015,0.12305,0.12305,0.58,0.12305,0.12305,0.418,0.12305,0.12305,0.12305,0.12305,0.12305,0.12305,0.12305,0.05182,0.12305,0.12305,0.12305,0.12305,0.12305,0.12305,0.12305,0.12305,0.12305,0.12305,0.12305,0.12305,0.12305,0.47,0.12305,0.12305,0.12305,0.1157,0.12305,0.12305,0.12305,0.4272,0.0793,0.12305,0.12305,0.2002,0.12305,0.12305,0.4297,0.0628,1.035,0.12305,0.12305,0.05054,1.407,0.12305,0.12305,0.12305,0.12305,0.12305,0.12305,0.12305,0.12305,0.12305,0.12305,0.12305,0.12305,0.12305,0.12305,0.05762,0.12305,0.12305,0.12305,0.12305,0.12305,0.12305,0.12305,0.1779,0.12305,0.462,0.12305,0.2234,0.03873,0.2181,0.12305,0.7793,0.12305,0.12305,0.561,0.12305,0.7056,0.0987,0.12305,0.0632,0.12305,0.12305,0.12305,0.12305,0.12305,0.12305,0.12305,0.12305,0.12305,0.12305,0.4395,0.12305,0.12305,0.12305,0.12305,0.12305,0.11597,0.08875,0.12305,0.12305,0.5645,0.12305,0.12305,0.9077,0.12305,0.12305,0.078,0.12305,0.12305,0.12305,0.4058,0.12146,0.12305,0.12305,0.12305,0.12305,0.12305,0.8184,0.12305,0.12305,0.12305,0.1383,0.12305,0.12305,0.2249,0.12305,0.4832,0.12305,0.5225,0.12305,0.12305,0.12305,0.12305,0.12305,0.12305,0.12305,0.12305,0.12305,0.12305,0.0432,0.12305,0.12305,0.1868,0.12305,0.12305,0.1147,0.12305,0.12305,0.12305,0.1464,0.12305,0.657,0.4436,0.12305,0.12305,0.12305,0.12305,0.07355,0.3767,0.12305,0.1155,0.12305,0.3042,0.12305,0.12305,0.445,0.1344,0.12305,0.12305,0.12305,0.12305,0.12305,0.863,0.2441,1.077,0.12305,0.12305,0.12305,0.12305,0.12305,0.12305,0.02815,0.11163,0.12305,0.631,0.436,0.5254,0.12305,0.545,0.12305,0.12305,0.12305,0.08685,0.12305,0.1053,0.12305,0.12305,1.415,0.12305,0.12305,0.12305,0.12305,0.12305,0.12305,0.1595,0.12305,1.3,0.12305,0.5405,0.12305,0.3855,0.12305,0.12305,0.12305,0.12305,0.12305,0.12305,0.594,0.12305,0.12305,0.12305,0.12305,0.0977,0.12305,0.12305,1.237,0.195,0.11743,0.12305,0.0799,0.12305,0.12305,0.12305,0.452,0.12305,0.12305,0.12305,0.12305,0.12305,0.12305,0.12305,0.1193,0.1093,0.572,0.12305,0.12305,0.12305,0.12305,0.12305,0.03818,0.12305,0.12305,0.12305,0.12305,0.12305,0.12305,0.434,0.12305,0.4636,0.1315,0.12305,0.12305,0.12305,0.10876,0.728,0.0734,0.8716,0.12305,0.1416,0.12305,0.12305,0.12305,0.12305,0.12305,0.12305,0.12305,0.12305,0.12305,0.12305,0.12305,0.1105,0.12305,0.12305,0.12305,0.12305,0.12305,0.12305,0.12305,0.12305,0.12305,0.0777,0.0976,0.3323,0.12305,0.6587,0.1041,0.12305,0.12305,0.12305,0.12305,0.12305,0.0672,0.3784,0.12305,0.0759,0.12305,0.12305,0.12305,0.2233,0.12305,0.12305,0.375,0.12305,0.12305,0.12305,0.12305,0.0722,0.12305,0.12305,0.12305,0.12305,0.12305,0.1028,0.12305,0.4976,0.7563,0.05957,0.12305,0.12305,0.9634,0.12305,0.12305,0.5977,0.12305,0.12305,0.4204,0.3901,0.12305,0.12305,0.12305,0.12305,0.12305,0.12305,0.12305,0.12305,0.12305,0.12305,0.12305,0.583,0.1044,0.09155,0.12305,0.12305,0.05957,0.4983,0.12305,0.12305,0.12305,0.12305,0.12305,0.12305,0.12305,0.12305,0.12305,0.616,0.12305,0.268,0.12305,0.1597,0.12305,0.12305,0.12305,2.45,0.12305,0.12006,0.12305,0.9697,0.3772,0.12305,0.12305,0.2795,0.12305,0.09656,0.12305,0.09796,0.4492,0.6733,0.12305,0.12305,0.12305,0.12305,0.12305,0.12305,0.12305,0.3408,0.12305,0.12305,0.12305,0.5244,0.12305,0.12305,0.12305,1.186,0.12305,0.1382,0.4314,0.12305,0.12305,1.245,0.12305,0.122,0.2947,0.12305,0.12305,0.12305,0.12305,0.0784,0.12305,0.12305,0.1088,0.06058,0.12305,0.12305,0.12305,0.12305,0.12305,0.12305,0.12305,0.12305,0.10913,0.12305,0.12305,0.1423,0.12305,0.12305,0.12305,0.12305,0.05002,0.12305,0.147,0.12305,0.0372,0.11176,0.12305,0.12305,0.12305,0.12305,0.07196,0.1635,0.1575,0.12305,0.63,0.12305,0.12305,0.6396,0.12305,0.577,0.2695,0.0969,0.12305,0.12305,0.2273,0.12305,0.12305,0.12305,0.12305,0.12305,0.072,0.12305,0.0788,0.12305,0.12305,0.12305,0.12305,0.12305,0.12305,0.12305,0.415,0.2347,0.12305,0.12305,0.12305,0.12305,0.12305,0.12305,0.12305,0.12305,0.12305,0.12305,0.12305,0.07166,0.12305,0.11725,0.245,0.12305,0.12305,0.12305,0.3914,0.12305,0.12305,0.08514,0.12305,0.09863,0.0727,0.12305,1.55,0.12305,0.12305,0.6787,0.12305,0.7266,0.03622,0.783,0.12305,0.12305,0.12305,0.12305,0.12305,0.12305,0.12305,0.12305,0.12305,0.12305,0.12305,0.12305,0.12305,0.12305,0.12305,0.5117,1.521,0.12305,0.12305,0.12305,1.353,0.324,0.2411,0.1268,0.1228,0.12305,0.12305,0.12305,0.12305,0.2568,0.12305,0.12305,0.12305,0.5566,0.12305,0.12305,0.12305,0.12305,0.12305,0.12305,0.1216,0.12305,0.12305,0.12305,0.12305,0.12305,0.081,0.12305,0.12305,0.12305,0.12305,0.08,0.12305,0.12305,0.12305,0.9575,0.12305,0.12305,0.12305,0.12305,0.2437,0.12305,0.12305,0.12177,0.12305,0.12305,0.12305,0.12305,0.12305,0.12305,0.12305,0.7227,0.3003,0.12305,0.12305,0.12305,0.12305,0.945,1.628,0.12305,0.12305,0.12305,0.12305,0.12305,0.12305,0.12305,0.12305,0.12305,0.12305,0.12305,0.12305,0.08105,0.646,0.12305,0.12305,0.12305,0.1105,0.12305,0.12305,0.87,0.12305,0.12305,0.12305,0.12305,0.12305,0.12305,0.12305,0.12305,0.12305,0.12305,0.8643,0.11957,0.12305,0.12305,0.1041,0.12305,0.12305,0.12305,0.12305,0.5796,0.12305,0.12305,0.12305,0.12305,0.2014,0.12305,0.1543,0.12305,0.12305,0.12305,0.4287,0.0864,0.12305,0.12305,0.354,0.12305,0.12305,0.12305,0.12305,0.12305,0.12305,0.12305,0.34,0.12305,0.2734,0.3655,0.8965,0.12305,0.12305,0.1083,0.12305,0.12305,0.748,0.11664,0.11584,0.12305,0.12305,0.12305,0.12305,0.12305,0.12305,0.4775,0.12305,0.1989,0.1138,1.062,0.12305,0.3313,0.12305,0.12305,0.12305,0.607,0.1173,0.12305,0.12305,0.12305,0.4153,0.12305,0.12305,0.2133,0.12305,0.12305,0.12305,0.12305,0.12305,0.12305,0.12305,0.12305,0.9604,0.12305,0.0786,0.12305,0.06573,0.05533,0.12305,0.12305,0.12305,0.12305,0.12305,0.12305,0.0876,0.12305,0.12305,0.12305,0.1195,0.12305,0.12305,0.1191,0.804,0.12305,0.12305,0.11176,0.12305,0.12305,0.12305,0.12305,0.12305,0.12305,0.848,0.12305,0.12305,0.12305,0.12305,0.12305,0.12305,0.12305,0.12305,0.12305,0.12305,0.1202,0.1898,0.12305,0.12305,0.12305,0.12305,0.12305,0.12305,0.12305,0.12305,0.3955,0.12305,0.12305,0.12305,0.12305,0.12305,0.363,0.12305,0.4468,0.12305,0.12305,0.12305,0.12305,0.12305,0.12305,0.7666,0.12305,0.12305,0.12305,0.12305,0.0783,0.12305,0.0973,0.11346,0.2207,0.12305,0.12305,0.781,0.12305,0.12305,0.1891,0.12305,0.12305,0.12305,0.12305,0.12305,0.12305,0.12305,0.12305,0.12305,0.12305,0.349,0.12305,0.12305,0.0965,0.12305,0.12305,0.12305,0.12305,0.12305,0.0891,0.12305,0.12305,0.12305,0.447,0.08856,0.12305,0.1227,0.12305,0.1033,0.679,0.12305,0.1125,0.1808,0.12305,0.12305,0.12305,0.10944,0.12305,0.12305,0.12305,0.12305,0.12305,0.12305,0.12305,0.12305,0.12305,0.10126,0.4006,0.12305,0.12305,0.04276,0.12305,2.281,0.12305,0.12305,0.12305,0.1537,0.12305,0.12305,0.1464,0.12305,0.292,0.12305,0.3704,0.12305,0.12305,0.401,0.12225,0.12305,0.12305,0.12305,0.8247,0.1092,0.0737,0.12305,0.12305,0.12305,0.12305,0.0738,1.515,0.12305,0.12305,0.12305,0.6323,0.12305,0.9146,0.12305,0.12305,0.11957,0.12305,0.12305,0.0627,0.0421,0.1279,0.1348,0.0999,0.29,0.12305,0.12305,0.12305,0.12305,0.12305,0.12305,0.12305,0.1471,0.12305,0.12305,0.12305,0.12305,0.12305,0.2161,0.12305,0.12305,0.12305,0.548,0.12305,0.12305,0.12305,0.12305,0.1143,0.1138,0.04276,0.12305,0.12305,0.12305,0.08093,0.12305,0.12305,0.12305,1.027,0.12305,0.12305,0.12305,0.12305,0.4407,0.12305,0.12305,0.12305,0.2184,0.12305,0.12305,1.701,0.12305,0.12305,0.12305,0.12305,0.12305,0.12305,0.12305,0.0571,0.12305,0.12305,0.12305,0.12305,0.12305,0.12305,0.12305,0.12305,0.12305,0.12305,0.1599,0.12305,0.572,0.12305,0.12305,0.12305,0.12305,0.12305,0.12305,0.2869,0.12305,0.1707,0.1187,0.12305,0.0826,0.09033,0.7695,0.08167,0.12305,0.12305,0.12305,0.12305,0.12305,0.12305,0.12305,0.3665,0.12305,0.12305,0.0659,0.12305,0.12305,0.12305,0.12305,0.3774,0.12305,0.12305,0.12305,0.5864,0.5146,0.1153,0.12305,0.12305,0.12305,0.12305,0.12305,1.22,0.4116,0.12305,0.12305,0.12305,0.12305,0.05832,0.12305,0.4214,0.12305,0.12305,0.12305,0.12305,0.12305,0.12305,0.12305,0.2101,0.12305,0.1196,0.289,0.12305,0.12305,0.12305,0.12305,0.12305,0.12305,0.12305,0.12305,0.12305,0.12305,0.12305,0.0714,0.12305,0.12305,0.12305,0.0859,0.1209,0.12305,0.2646,0.4656,0.667,0.12305,0.1267,0.1986,0.12305,0.12305,0.12305,0.4983,0.12305,0.12305,0.12305,0.12305,0.12305,0.12305,0.12305,1.119,0.5317,0.12305,0.12305,0.12305,0.12305,0.12305,0.12305,0.3633,0.4612,0.12305,0.12305,0.12305,0.1214,0.12305,0.12305,0.0838,0.10156,0.12305,0.691,0.12305,0.12305,1.258,0.7354,0.12305,0.12305,0.12305,0.1497,0.12305,0.12305,0.12305,0.12305,0.317,1.313,0.12305,0.551,0.12305,0.2252,0.12305,0.12305,0.12305,0.12305,0.12305,0.12305,0.12305,0.12305,0.1671,0.12305,0.12305,0.5654,0.12305,0.0741,0.12305,0.12305,0.12305,0.12305,0.12305,0.12305,0.12305,0.12305,0.12305,0.12305,0.12305,0.12305,0.12305,0.12305,0.12305,0.12305,0.12305,0.12305,0.07355,0.12305,0.0818,0.7236,0.12305,0.12305,0.09766,0.12305,0.02719,0.12305,0.12305,0.218,0.12305,0.12305,0.12305,0.3828,0.12305,0.12305,0.12305,0.12305,0.12305,0.12305,0.12305,0.12305,0.12305,0.12305,0.11255,0.1929,1.207,0.12305,0.12305,0.12305,0.3455,0.2817,0.12305,0.0826,0.12305,0.12305,0.12305,0.12305,0.12305,0.1271,0.1192,0.12305,0.12305,0.12305,0.12305,0.4983,0.1125,0.12305,0.1072,0.393,0.12305,0.12305,0.12305,0.12305,0.12305,0.09106,0.12305,0.12305,0.12305,0.05255,0.12305,0.12305,0.12305,0.12305,0.12305,0.12305,0.11346,0.12305,0.1068,0.0998,0.12305,0.12305,0.12305,0.12305,0.12305,0.12305,0.12305,0.12305,0.12305,0.12305,0.12305,0.12305,0.12305,0.518,0.12305,0.12305,0.12305,0.12305,0.192,0.12305,0.12305,0.12305,0.12305,0.0985,0.12305,0.12305,0.12305,0.12305,0.12305,0.12305,0.12305,0.4812,0.12305,0.1342,0.12305,0.12305,0.06744,0.12305,0.12305,0.12305,0.12305,0.12305,0.12305,0.12305,0.12305,0.12305,0.12305,0.0887,0.12305,0.12305,0.12305,1.546,0.1141,0.582,0.0463,0.12305,0.2216,0.12305,0.12305,0.3184,0.12305,0.12305,0.12305,0.12305,0.2056,0.12305,0.588,0.12305,0.12305,0.794,0.0637,0.12305,0.174,0.12305,0.3179,0.12305,0.06088,0.12305,0.12305,0.10376,0.3718,0.2437,0.5273,0.12305,0.12305,0.04776,0.12305,0.04022,0.12305,0.12305,0.12305,0.12305,0.4124,0.12305,0.1119,0.3984,0.081,0.12305,0.12305,0.12305,0.07855,0.12305,0.12305,0.12305,0.4229,0.12305,0.0842,1.009,0.2416,0.12305,0.12305,0.12305,0.12305,0.1395,0.12305,0.12305,0.03342,0.12305,0.12305,0.1227,0.12305,0.12305,0.12305,0.12305,0.12305,0.12305,0.12305,0.12305,0.12305,0.12305,0.12305,0.12305,0.12305,0.12305,0.12305,0.07404,0.1175,0.12305,0.12305,0.12305,0.1111,0.12305,0.12305,0.12305,1.246,0.12305,0.3306,0.06525,0.12305,0.12305,0.12305,0.12305,0.3005,0.0647,0.12305,0.12305,0.12305,0.12305,0.12305,0.12305,0.12305,0.12305,0.12305,0.12305,0.12305,0.2996,0.1146,0.12305,0.0675,0.12305,0.12305,0.12305,0.05948,0.12305,0.12305,0.12305,0.5654,0.12305,0.12305,0.12305,0.2074,0.12305,0.09674,1.053,0.12305,0.12305,0.12305,0.07947,0.12305,0.04358,0.2627,0.605,0.12305,0.12305,0.677,0.12305,0.12305,0.12305,0.3696,0.12305,0.1025,0.12305,0.12305,0.12463,0.3804,0.12305,0.0577,0.085,0.12305,0.12305,0.12305,0.5566,0.12305,0.1076,0.12305,0.12305,0.12305,0.4866,0.1222,0.12305,0.12305,0.5493,0.12305,1.146,0.887,0.12305,0.12305,0.12305,0.12305,0.12305,0.4219,0.2695,0.12305,0.12305,0.12305,0.2637,0.12305,0.12305,0.12305,0.1903,0.12305,0.8276,1.008,0.12305,0.12305,0.12305,0.1987,0.12305,0.12305,0.12305,1.166,0.12305,0.12305,0.12305,0.378,0.12305,0.12305,0.12305,0.12305,0.12305,0.11383,0.12305,0.12305,0.357,0.12305,0.12305,0.12305,0.12305,0.12305,0.12305,0.12305,0.12305,0.12305,0.12305,0.117,0.08624,0.09546,0.12305,0.9595,0.12305,0.9834,0.2693,0.12305,0.12305,0.12305,0.12305,0.12305,0.12305,0.12305,0.12305,0.8315,0.1028,0.12305,0.0853,0.929,0.12305,0.12305,0.12305,0.12305,0.12305,0.12305,0.563,0.12305,0.2096,0.12305,0.12305,0.3975,0.937,0.12305,0.12305,0.106,0.12305,0.4944,0.549,0.12305,0.12305,0.12305,0.12305,0.12305,0.12305,0.12305,0.0627,0.12305,0.12305,0.392,0.12305,0.12305,0.12305,0.12305,0.188,0.12305,0.3147,0.12305,0.1132,0.0916,0.12305,0.075,0.12305,0.12305,0.747,0.12305,0.12305,0.12305,0.12305,0.68,0.12305,0.12305,0.12305,0.12305,0.0944,0.0763,0.08777,0.12305,0.12305,0.12305,0.12305,0.1032,0.71,0.588,0.2253,0.12305,0.12305,0.09174,0.12305,1.4795,0.12305,0.12305,0.1553,0.12305,0.106,0.1667,0.12305,0.128,0.12305,0.12305,0.12305,0.12305,0.125,0.12305,0.12305,0.12305,0.12305,0.1289,0.609,0.12305,0.12305,0.12305,0.12305,0.493,0.12305,0.12305,0.12305,0.12305,0.1072,0.12305,1.308,0.12305,0.2223,0.12305,0.12305,0.12305,0.0756,0.12305,0.12305,0.12305,0.0951,0.12305,0.12305,0.12305,0.12305,0.12305,0.12305,0.12305,0.12305,0.12305,0.12305,0.12305,0.12305,0.12305,0.12305,0.12305,0.12305,0.12305,0.12274,0.12305,0.12305,0.12305,0.12305,0.3445,0.12305,0.151,0.12305,0.12305,0.3708,0.10376,0.12305,0.408,0.0592,0.12305,0.12305,0.12305,0.1953,0.271,0.12305,0.12305,0.6465,0.12305,0.0967,0.5986,0.12305,0.511,0.12305,0.12305,0.10175,0.12305,0.1885,0.12305,0.12305,0.12305,0.12305,0.12305,0.12305,0.12305,0.12305,0.12305,0.12305,0.12305,0.12305,0.12305,0.12305,0.12305,0.12305,0.12305,0.12305,0.12305,0.3328,0.12305,0.12305,0.08887,0.11523,0.12305,0.12305,0.12305,0.12305,0.12305,0.12305,0.12305,0.12305,0.12305,0.12305,0.12305,0.12305,0.12305,0.5103,0.12305,0.12305,0.0658,0.12305,0.542,0.12305,0.12305,0.12305,0.12305,0.12305,0.12305,0.12305,0.108,0.12305,0.12305,0.12305,0.12305,0.12305,0.237,0.5234,0.12305,0.12305,0.12305,0.12305,0.12305,0.12305,0.1191,0.12305,0.12305,0.12305,0.12305,0.12305,0.12305,0.12305,0.12305,0.12305,0.12305,0.12305,0.12305,0.12305,0.12305,0.1958,0.12305,0.5654,0.12305,0.0956,0.12305,0.12305,0.4578,0.12305,0.12305,0.12305,0.12305,0.12305,0.12305,0.12305,0.12305,0.12305,0.12305,0.0869,0.12305,0.1246,0.12305,0.3057,0.12305,0.12305,0.12305,0.12305,0.12305,0.12305,0.12305,0.1521,0.12305,0.12305,0.12463,0.12305,0.12305,0.12305,0.12305,0.763,0.0678,0.2289,0.12305,0.12305,0.12305,0.12305,0.12305,0.076,0.0773,0.12305,0.12305,0.4128,0.12305,0.12305,0.12305,0.12305,0.12305,0.12305,0.12305,0.12305,0.05978,1.115,0.12305,0.12305,0.12305,0.12305,0.12305,0.12305,0.12305,0.12305,0.12305,0.12305,0.1364,0.12305,0.12305,0.12305,0.12305,0.12305,0.12305,0.12305,0.0906,0.08655,0.2018,0.12305,0.2307,0.12305,0.12305,0.12305,0.12305,0.12305,0.2412,0.12305,0.6943,0.12305,0.12305,0.12305,0.12305,0.12305,1.033,0.12305,0.4966,0.12305,0.11926,0.12305,0.12305,0.1871,0.12305,0.12305,0.12305,0.118,0.12305,0.12305,0.1009,0.12305,0.12305,0.12305,0.12305,0.745,0.12305,0.12305,0.1046,1.323,0.2998,0.12305,0.12305,0.0764,0.0446,0.12305,0.08936,0.12305,0.612,0.12305,0.266,0.2443,0.12305,0.1152,0.3994,0.12305,0.12305,0.12305,0.12305,0.12305,0.12305,0.12305,0.12305,0.12305,0.1449,0.12305,0.1087,0.1483,0.12305,0.12305,0.12305,0.12305,0.12305,0.558,0.12305,0.12305,0.12305,0.1581,0.12305,0.12305,0.12305,0.12305,0.12305,0.12305,0.12305,0.12305,0.12305,0.12305,0.12305,0.12305,0.12305,0.12305,0.12305,0.12305,0.12305,0.12305,0.12305,0.3928,0.12305,0.10394,0.12305,0.8613,0.12305,0.12305,0.12305,0.12305,0.12305,0.0881,0.12305,0.12305,0.12305,0.0899,0.12305,0.678,0.12305,0.12305,0.1735,0.12305,0.12305,0.12305,0.12305,0.12305,0.1727,0.12305,0.12305,0.12115,0.12305,0.12305,0.12305,0.4146,0.6235,0.0892,0.12305,0.12305,0.12305,0.12305,0.12305,0.5723,0.12305,0.12305,0.1682,0.12305,0.12305,0.12305,0.289,0.12305,0.7256,0.11053,0.12305,0.09735,0.0377,0.12305,0.12305,0.12305,0.12305,0.1587,0.12305,0.12305,0.12305,0.12305,0.12305,0.1222,0.12305,0.12305,0.12305,0.12305,0.12305,0.12305,0.12305,0.722,0.12305,0.12305,0.12305,0.12305,0.12305,0.12305,0.12305,0.12305,0.12305,0.304,0.12305,0.12305,0.12305,0.12305,0.12305,0.12305,0.12305,0.531,0.12305,0.12164,0.2974,0.1177,0.12305,0.12305,0.12305,0.12305,0.28,0.12305,0.12305,0.1268,0.12305,0.12305,0.12305,0.12305,0.12305,0.1283,0.12305,0.12305,1.06,0.12305,0.12305,0.092,0.4612,0.12305,0.12305,0.12305,0.12305,0.2827,0.11316,0.12305,0.12305,0.12305,0.418,0.12305,0.12305,0.12305,0.12305,0.12305,0.12305,0.12305,0.1522,0.11957,0.12305,0.12305,0.12305,0.12305,0.12305,0.12305,0.12305,0.12305,0.12305,0.12305,0.12305,0.12305,0.12305,0.12305,0.12305,0.09564,0.3643,0.12305,0.12305,0.12305,0.12305,0.12305,0.0818,0.12305,0.12305,0.12305,0.12305,0.12305,0.12305,0.07135,0.0679,0.6973,0.2764,0.1431,0.10455,0.808,0.12305,0.12305,0.12305,0.12305,0.12305,0.12305,0.12305,0.12305,0.12305,0.849,0.12305,0.12305,0.12305,0.12305,0.12305,0.12305,0.12305,0.12305,0.12305,0.44,0.12305,0.12305,0.12305,0.12305,0.12305,0.089,0.12305,0.12305,0.12305,0.12305,0.1539,0.12305,0.12305,0.338,0.12305,0.12305,0.12305,0.12305,0.12305,0.12305,0.12305,0.12305,0.12305,0.12305,0.12305,0.12305,0.11523,0.1198,0.12305,0.12305,1.093,0.0556,0.12305,0.574,0.12305,0.12305,0.12305,0.12305,0.12305,0.4233,0.12305,0.12305,0.076,0.12305,0.12305,0.1085,0.1124,1.197,0.12305,0.12305,0.6616,0.12305,0.12305,0.12305,0.12305,2.035,0.1056,0.12305,0.12305,0.12305,0.12305,0.2313,0.6167,0.12305,0.12305,0.12305,0.12305,0.12305,0.12305,0.12305,0.09595,0.12305,0.12305,0.12305,0.12305,0.12305,0.11505,0.08704,0.12305,0.318,0.12305,0.12305,0.12305,0.12305,0.12305,0.12305,0.12305,0.12305,0.07745,0.12305,0.12305,0.699,0.12305,0.12305,0.12305,0.12305,0.12305,0.12305,0.12305,0.12305,0.12305,0.12305,0.12305,0.12305,0.12305,0.12305,0.12305,0.12305,0.1835,0.12305,0.12305,0.12305,0.12305,0.12305,0.12305,0.12305,0.12305,0.05582,0.12305,0.12305,0.12305,0.02946,0.12305,0.12305,0.12305,0.12305,0.12305,0.12305,0.12305,0.12305,0.12305,0.12305,0.12305,0.12305,0.12305,0.12305,0.12305,0.12305,0.1342,0.12305,0.12305,0.12305,0.12305,0.12305,0.12305,0.11755,0.12305,0.12305,0.421,0.12305,0.6514,0.356,0.12305,0.12305,0.12305,0.12305,0.12305,0.12305,0.4617,0.12305,0.12305,0.12305,0.12305,0.12305,0.12305,1.177,0.12305,0.12305,0.12305,0.1489,0.4312,0.12305,0.12305,0.12305,0.12305,1.22,0.12305,0.12305,0.12305,0.11633,0.2328,0.12305,0.12305,0.12305,0.12305,0.224,0.12305,0.12305,0.268,0.12305,0.12305,0.12305,0.09326,0.12305,0.12305,0.12305,0.12305,0.09296,0.12305,0.12305,0.535,0.1151,0.12305,0.0905,0.09796,0.771,0.12305,0.12305,0.12305,0.12305,0.12305,0.12305,0.10364,0.12305,0.12305,0.12305,0.12305,0.12305,0.12305,0.12305,0.1636,0.12305,0.271,1.253,0.12305,0.0581,0.12305,0.12305,0.12305,0.12305,0.12305,0.0707,0.0611,0.906,0.12305,0.12305,0.12305,0.12305,0.12305,0.12305,0.06537,0.12305,0.12305,0.12305,0.1155,0.12305,0.12305,0.5503,0.12305,0.12305,0.12305,0.12305,0.12305,0.12305,0.12305,0.12305,0.12305,0.12305,0.12305,0.12305,0.1087,0.12305,0.12305,0.12305,0.12305,0.0751,0.12305,0.09796,0.12305,0.12305,0.12305,0.12305,0.12305,0.12305,0.12305,0.12305,0.12305,0.2407,0.3992,0.6553,0.12305,0.2144,0.12305,0.08154,0.12305,0.3906,0.12305,0.1393,0.12305,0.12305,0.12305,0.699,0.12305,0.12305,0.319
2,0.1301,0.1301,0.2625,0.1301,0.2798,0.825,0.1301,0.1301,0.1301,0.1271,0.1301,0.1301,0.1301,0.1301,0.3018,0.1301,0.1427,0.884,0.1301,0.1301,0.1301,0.1301,0.3774,0.12244,0.1301,0.4294,0.1301,0.866,0.2654,0.1372,0.08044,0.1301,0.0662,0.1301,0.1301,0.3352,0.1301,0.1301,0.1301,0.1301,0.1301,0.1301,0.4077,0.1301,0.1301,0.1301,0.1301,0.1301,0.1301,1.2295,0.1301,0.1301,0.1621,0.09735,0.1301,0.5234,0.2013,0.1301,0.7754,0.1301,1.357,0.1301,0.1301,0.6177,0.1301,0.1301,0.911,0.1301,0.1301,0.1301,0.1301,0.1301,0.1301,0.1301,0.1301,1.472,0.1301,0.1832,0.1301,0.1301,0.1301,0.1301,0.1301,0.1301,0.433,0.1301,0.1301,0.1301,0.1301,0.104,0.1301,0.03543,0.5796,0.2556,0.1301,0.1235,0.1301,0.1736,0.1301,0.09985,0.1301,0.1301,0.4521,0.1301,0.1301,0.1301,0.1301,0.1301,0.5376,0.1301,0.1301,0.1301,0.1301,0.1301,0.1301,1.722,0.0823,0.1301,0.1301,0.1301,0.7495,0.1301,0.1301,0.1301,0.1301,0.1301,0.1301,0.1301,0.1301,0.1301,0.1301,0.1301,0.1301,0.1785,0.1301,0.1301,0.1301,0.1301,0.7144,0.1301,0.1301,0.1301,0.1301,0.4675,0.1301,0.1301,0.1301,0.1301,0.1301,0.1301,0.1219,0.1301,0.1301,0.1301,0.1301,0.1301,0.1301,1.281,0.05695,0.1301,0.1301,0.5767,0.1301,0.1102,0.1301,0.1301,0.1301,0.1301,0.1301,0.11945,0.1301,0.1301,0.1301,0.1301,0.723,0.1301,0.1301,0.5703,0.1007,0.1301,0.1301,0.1301,0.1301,0.1301,0.1301,0.3704,0.1301,0.922,0.1301,0.1301,0.1301,0.1301,0.1301,0.06107,0.2407,0.1301,0.1301,0.1301,1.057,0.1301,0.4678,0.11237,0.1153,1.814,0.02628,0.1273,0.1301,0.1301,0.1301,0.5444,0.1301,0.1301,0.1301,0.1301,0.1301,0.229,0.1301,0.1301,0.05798,0.1301,0.1301,1.148,0.2396,0.1301,0.1301,0.1301,0.1301,0.1301,0.1301,0.6206,0.05603,0.0841,0.0686,0.1301,0.1301,0.1301,0.1301,0.1301,0.1232,0.1301,0.1414,0.1301,0.1301,0.1301,0.1301,0.1301,0.1301,0.1301,0.1301,0.1209,0.1301,0.1301,0.13,1.264,0.11584,0.6187,0.1301,0.1301,0.1301,0.1301,0.1176,0.1301,0.1301,0.1301,0.1301,0.1251,0.1301,0.1084,0.4927,0.10803,0.0847,0.1301,0.1301,0.1301,0.1301,0.1301,0.1301,0.1301,0.1301,0.1301,0.1301,0.1301,0.12024,0.1257,0.1301,0.1301,0.1301,0.1301,0.1301,0.1254,0.1301,0.1301,0.1301,0.2424,0.1301,0.1301,0.1301,0.1301,0.1301,0.1301,0.1301,0.1412,0.1786,0.1301,0.05072,0.838,0.0513,0.1301,0.1301,0.1301,0.404,0.1301,0.1301,0.1301,0.05313,0.1301,0.1301,0.1301,0.1301,1.161,0.1301,0.1301,0.2465,2.008,0.1301,0.1301,0.594,0.1301,0.1057,0.1301,0.1301,0.12274,0.1301,0.1301,0.1301,0.2411,0.09607,0.1301,0.1301,0.1301,0.1301,0.479,0.3965,1.459,0.1301,0.52,0.10345,0.1301,0.3252,0.1301,0.1301,0.1301,0.1301,0.06006,0.11206,0.2893,0.156,0.1301,0.1301,0.2166,1.493,0.1301,0.1301,0.1301,0.10706,0.1301,0.1301,1.064,0.9,0.1246,0.1301,0.1301,0.1301,0.1301,0.3794,0.2026,0.1301,0.1301,0.1301,1.013,0.1301,0.1301,0.1301,0.704,0.1301,0.1146,0.12415,0.1096,0.1301,0.1301,0.1301,0.1301,0.1125,0.1301,0.1301,0.06744,1.009,0.1301,0.246,0.1301,1.45,0.1301,0.1301,0.1301,0.1925,0.1301,0.1301,0.1255,0.1301,0.1301,0.3142,0.651,0.1301,0.1301,0.1301,0.1301,0.2932,0.1301,0.1301,0.1301,0.1301,0.1301,0.1301,0.1301,0.1301,0.539,0.1301,0.1301,0.1301,0.1301,0.521,0.1301,0.1301,0.1301,0.261,0.1301,0.1301,0.1301,0.1981,0.1301,0.1301,0.1301,0.1301,0.513,0.1301,0.1301,0.1594,0.1301,0.1301,0.1301,0.1301,0.1301,0.06058,0.1301,0.1301,0.1301,0.1301,0.1301,0.04736,0.1301,0.1301,0.1301,0.08057,0.1301,0.1301,0.1301,0.1301,0.1301,0.1301,0.1301,0.1301,0.1301,0.2477,0.1301,0.1301,0.0982,0.363,0.1301,0.1301,0.1301,0.1301,1.186,0.1117,0.1301,0.1301,0.1301,0.1301,0.1301,0.1301,0.1301,0.1301,0.3174,0.1301,0.1301,0.1301,0.1301,0.1301,0.1301,0.1301,0.1301,0.1301,0.1301,0.1301,0.11145,0.1301,0.1301,0.1301,0.1301,0.1301,0.1301,0.1301,0.1301,0.1169,0.1301,0.2384,0.1301,0.1301,0.1301,0.1301,0.1301,0.267,0.1301,0.1301,0.12445,0.07983,0.1301,0.0964,0.1301,0.1301,0.1301,0.1301,0.1301,0.1301,0.1301,0.1301,0.1301,0.1301,0.1301,0.0779,0.1301,0.1301,0.1301,0.1301,0.187,0.1301,0.0774,0.1301,0.1301,0.1301,0.11255,0.1301,0.1301,0.1301,0.87,0.1301,0.4023,0.1301,0.1301,0.1301,0.1301,0.1301,0.1301,0.1301,0.1301,0.1301,0.2607,0.1301,0.1301,0.1437,0.1301,0.1301,0.1301,0.1301,0.798,0.1301,0.1301,0.6133,0.1301,0.45,0.1301,0.1301,0.1301,0.11523,0.1301,0.1301,0.1301,0.1301,0.1301,0.1301,0.1301,0.4783,0.1301,0.1301,0.1301,0.1301,0.1301,0.1301,0.1301,0.1301,0.1301,0.1301,0.1301,0.1301,0.1301,0.1301,0.2898,0.12213,0.1285,0.1511,0.1301,1.416,0.1301,0.1301,0.11,0.2035,0.796,0.1301,0.1301,0.1278,0.1301,0.1301,0.1301,1.262,0.1383,0.3157,0.3254,0.1301,0.1301,0.1012,0.1301,0.1301,0.3525,0.1038,0.1301,0.1301,0.1301,0.11664,0.07275,0.1301,0.1301,0.1301,0.1301,0.444,0.1301,0.1301,0.1301,0.1301,0.1274,0.883,0.1301,0.1301,0.1301,0.1301,0.1301,0.1301,0.82,0.1301,0.1301,0.1301,0.1301,0.2181,0.1301,0.1956,0.1301,0.1301,0.1301,0.1301,0.1447,0.0915,0.065,0.1301,0.1301,0.1301,0.1301,0.1301,0.1301,0.1301,0.1301,0.3042,0.1301,0.1301,0.1268,0.1301,0.1301,0.11676,0.1301,0.1301,1.061,0.1301,0.1301,0.415,0.1301,0.3123,0.1301,0.1301,0.1301,0.1301,0.4722,0.565,0.1301,0.1301,0.1301,0.1301,0.4,0.1301,0.1301,0.25,0.08276,0.1301,0.3213,0.1301,0.3826,0.1301,0.1301,0.1301,0.10614,0.1301,1.979,0.4958,0.1301,0.1301,0.1301,0.5723,0.1301,0.1301,0.1301,0.1301,0.1301,0.2114,0.1301,0.7583,0.1301,0.1301,0.1197,0.1143,0.1301,0.1301,0.1301,0.1301,0.1301,0.1301,0.1301,0.1301,0.1301,0.1301,0.08655,0.6494,0.1289,0.1301,0.1301,0.1301,0.1182,0.4058,1.05,0.1301,0.1301,0.1301,0.1301,0.1301,0.1301,0.1301,0.841,0.1301,0.1301,0.1301,0.1301,0.1301,0.1301,1.174,0.1301,0.4739,0.1301,0.7007,0.1301,0.02902,0.1301,0.1166,0.1301,0.1301,0.1301,0.1301,0.1301,0.1301,0.3318,0.1301,0.1301,0.542,0.1301,0.11707,0.4548,0.1301,0.1301,0.1301,0.1301,0.3367,0.1301,0.1301,0.1766,0.1301,0.1301,0.1301,0.1301,0.7256,0.1301,0.1301,0.1301,0.1301,0.1301,0.1301,0.1301,0.1301,0.1301,0.1823,0.1301,0.1301,0.0962,0.1301,0.1301,0.1301,1.35,0.1301,0.1301,0.09045,0.1301,1.521,0.8145,0.1301,0.1301,0.1301,0.0754,0.1301,0.1301,0.1301,0.1301,0.947,0.02412,0.1301,0.1301,0.1233,0.0544,0.1301,0.1301,0.8784,0.1301,0.1932,0.1301,0.1301,0.11,0.1543,0.1301,0.1301,0.1301,0.1301,0.1301,0.1301,0.1301,0.1301,0.1301,0.1301,0.1301,0.2905,0.1301,0.1301,0.1301,0.1301,0.1087,0.1301,0.11456,0.1301,0.1301,0.1301,0.1301,0.1301,0.1289,0.1301,0.1301,0.1301,0.1301,0.1301,0.1301,0.1301,0.1301,0.1301,0.5127,0.10016,0.0908,0.1301,0.4753,0.1301,0.1301,0.09204,0.1301,0.1301,0.773,0.1301,0.1301,0.1301,0.5176,0.1301,0.1301,0.3853,0.1301,0.592,0.1301,0.1301,0.1301,0.1301,0.1301,0.1484,0.1301,0.1301,0.7993,0.3765,0.0654,0.1301,0.1301,0.1301,0.1301,0.1301,0.1301,0.1301,0.1301,0.1301,0.1301,0.3335,0.1301,0.1301,0.1247,0.1301,0.11725,0.1301,0.05673,0.1301,0.05612,0.1301,0.1301,0.647,0.1301,0.1301,0.1301,0.1301,0.5566,0.1301,0.1301,0.05057,0.0809,0.1122,0.1301,0.1301,0.1301,0.1301,0.1833,0.1301,0.1032,0.1301,0.1301,0.1301,0.1301,0.1301,0.2566,0.1301,0.0748,0.4854,0.1301,0.1301,0.6846,0.1301,0.193,0.1301,0.1301,0.1301,0.1301,0.1301,0.1301,0.1096,0.1301,0.0835,0.1301,0.1301,0.1301,0.1301,0.1301,0.1301,0.09436,0.6484,0.9326,0.1301,0.0918,0.1301,0.1301,0.1301,0.1404,0.1301,0.1301,0.1301,0.1301,0.1301,0.1301,0.10785,0.1301,0.1301,0.1301,0.05447,0.1301,0.1263,0.1301,0.1301,0.2439,0.1301,0.1301,0.1301,0.1301,0.1301,0.1301,0.1301,0.1301,0.1301,0.1301,0.1301,0.1301,0.1301,0.768,0.1301,0.1301,0.1301,1.074,0.1301,0.645,0.1301,0.09973,0.1301,0.1301,1.279,0.1301,0.1301,0.7783,0.1301,0.114,0.1301,1.016,1.05,0.1301,0.1301,0.1301,0.1301,0.1301,0.1301,0.1301,0.1301,0.1301,0.1301,0.1301,0.1301,0.1301,0.1107,0.1301,0.722,0.1301,0.246,0.1301,0.1301,0.1301,0.1301,0.1301,0.11163,0.1301,0.2296,0.1301,0.1301,0.1301,0.1301,0.1301,0.1301,0.1301,0.382,0.1301,0.4133,0.1301,0.1301,0.1301,0.1301,0.1301,0.1301,0.4016,0.4233,0.1301,0.1301,0.0914,0.1209,0.1301,0.1301,0.1301,0.08246,0.1301,0.1301,0.1301,0.1301,0.1301,0.1301,0.1301,0.1301,0.1301,0.1301,1.018,0.286,0.1301,0.1301,0.1301,1.754,0.1301,0.1301,0.1407,0.1301,0.1301,0.3518,0.12225,0.1301,2.338,0.2822,0.1301,0.1301,0.0911,0.1301,0.1301,0.1301,0.1301,0.1301,0.1301,0.1301,0.4778,0.1301,0.1301,0.1301,0.1301,0.1301,0.1301,0.1301,0.0822,0.1301,0.1249,0.1231,0.1301,0.1301,0.3618,0.1301,0.1301,0.1301,0.1301,0.1301,0.1301,0.1301,0.1301,0.1301,0.1301,0.1301,0.1301,0.324,0.1301,0.1301,0.1301,0.1301,0.07355,0.509,0.1301,0.387,0.1301,0.11066,0.1301,1.094,0.515,0.1301,0.1301,0.4326,0.1301,0.1301,0.1318,0.1298,0.1301,0.9824,0.1301,0.2035,0.1301,0.1301,0.1301,0.1301,0.1301,0.1301,0.1301,0.1301,0.2917,0.1301,0.5933,0.4783,0.509,0.7754,0.1301,0.1301,0.1301,0.1301,0.1301,0.1301,0.1301,0.1301,0.1301,0.1301,0.06238,0.1301,0.0912,0.1301,0.1301,0.1301,0.1301,0.1301,0.3018,0.1301,0.1301,0.1276,0.1272,0.1301,0.482,0.411,0.1301,0.1301,0.1301,0.3162,0.04007,0.1301,0.1301,0.505,0.1301,0.1301,0.1301,0.0684,0.1301,0.1301,0.1301,0.1301,0.1301,0.1301,0.1301,0.1301,0.1301,0.1115,0.1301,0.1301,0.1301,0.1301,0.1301,0.1301,0.1301,0.1301,0.1301,0.1301,0.3096,0.1301,0.1301,0.1301,0.1301,0.11865,0.0857,0.1301,0.583,0.356,0.1301,0.1301,0.1301,0.1301,0.1301,0.1301,0.4585,0.1301,0.1301,0.1301,0.1301,0.2751,0.4978,0.1301,0.1301,0.0958,0.1301,0.1301,0.1301,0.1181,0.1301,0.1301,0.1301,0.1301,0.1301,0.1301,0.1301,0.3796,0.7876,0.05682,0.1301,0.1301,0.1052,0.1301,0.1301,0.1301,0.1301,0.1301,0.9927,0.1649,0.1301,0.1301,0.472,0.1301,0.1301,0.1301,0.1301,0.1301,0.4624,0.1301,0.1301,0.1301,0.1301,0.1301,0.0977,0.1301,0.1301,0.1301,0.1301,0.103,0.2241,0.10864,0.1301,0.3481,0.1301,0.1301,0.1926,0.1301,0.12103,1.105,0.1301,0.1283,0.1301,0.1246,0.1301,0.1301,0.1301,0.908,0.1301,0.0848,0.1301,0.1301,0.1301,0.5723,0.1301,0.1301,0.1301,0.1301,0.07056,0.591,0.1301,0.1301,0.1301,0.08295,0.1301,0.1301,0.1301,0.1301,0.1301,0.1301,0.1301,0.1301,0.1301,0.665,0.1301,0.478,0.1301,0.1301,0.1301,0.1301,0.1301,0.1301,0.1301,0.1301,0.1301,0.1301,0.1301,0.3462,0.1301,0.1301,0.05643,0.1301,0.13,0.161,0.1301,0.1301,0.1301,0.1301,1.777,0.1301,0.1301,0.1301,0.2188,0.1301,0.1301,0.11664,0.1301,0.1301,0.1301,0.1301,0.1301,0.1301,0.1301,0.1301,0.1301,0.1301,0.12366,0.1301,0.4888,0.1301,0.741,0.1301,0.1301,0.1301,0.1301,0.05704,0.1301,0.11365,0.3726,0.1301,1.021,0.1301,0.1301,0.1301,0.1301,0.08215,0.1301,0.1301,0.1301,0.3347,1.919,0.1301,0.1301,0.1301,0.1301,0.1301,0.1301,0.1301,0.1301,0.1301,0.1301,0.5757,0.11176,0.1301,0.1301,0.1301,0.1301,0.1301,0.1301,0.1301,0.4954,0.1301,0.1301,0.1301,0.1301,0.1301,0.751,0.1301,0.1301,0.1301,0.1301,0.0719,0.1301,0.1301,0.1456,0.1301,0.5874,0.098,0.1301,0.1301,0.1301,0.12177,0.1301,0.1301,0.1301,1.0625,0.1301,0.1301,0.1301,0.10034,0.1301,0.1301,0.1301,0.1987,0.0967,0.1301,0.1301,0.4146,0.1301,0.1301,0.2041,0.2186,0.124,0.1301,1.032,0.1071,0.1301,0.3555,0.1301,0.1301,0.1301,0.1301,0.1301,1.526,0.4463,0.495,0.1301,0.08344,0.1301,0.1301,0.1103,0.1301,0.1301,0.1301,0.1301,0.1301,0.1301,0.0861,0.1301,0.1301,0.1301,1.689,0.5703,0.1301,0.1301,1.109,0.1301,0.3027,0.1301,0.1301,0.07513,0.1301,0.624,0.1301,0.1301,0.09155,0.1301,0.1301,0.3604,0.07654,0.1301,1.196,0.1301,0.1112,0.1301,0.1301,0.1301,0.1301,0.1301,0.1301,0.1301,0.1301,0.2357,0.1301,0.2073,0.1301,0.9287,0.1301,0.1301,0.1301,0.1301,0.1301,0.1301,0.1301,0.1301,0.1301,0.1301,0.1301,0.11334,0.1301,0.1301,0.1301,0.325,0.1301,0.06696,0.1301,0.1301,0.1301,0.1301,0.10046,0.1301,0.1301,1.641,0.1301,0.0919,0.1301,0.1301,0.1301,0.1301,0.844,0.1301,0.1301,0.1301,0.1301,0.1301,0.1301,0.247,0.84,0.1301,0.1301,0.1301,0.1301,0.1301,0.1301,0.1301,0.1301,0.1879,0.3748,0.1301,0.1301,0.762,0.1301,0.1301,0.1301,0.1301,0.1301,0.1301,0.1301,0.1301,0.1301,0.1301,0.1301,0.1301,0.1301,0.1278,1.921,0.4644,0.1301,0.1301,0.1301,0.1203,0.1301,0.1301,0.1301,0.1301,1.377,0.286,0.1301,0.1301,0.1647,0.1265,0.1123,0.1301,0.1301,0.11975,0.1301,0.1301,0.2343,0.1301,0.1301,0.1301,0.1301,0.623,0.1301,0.1301,0.2844,0.1301,0.1301,0.1301,0.1301,0.1301,0.993,0.1301,0.964,0.3723,0.1301,0.1301,0.1301,0.1301,0.1301,0.1301,1.004,0.1301,0.1301,0.11957,0.1301,0.1301,0.904,0.1301,0.1301,0.1301,0.1301,0.1301,0.1301,0.1301,0.2761,0.1301,1.825,0.10126,0.1301,0.1301,0.6426,0.1301,0.12103,0.1301,0.1301,0.1301,0.1301,0.3333,0.2135,0.3298,0.1301,0.1301,0.653,0.1301,0.1301,0.3945,0.1301,0.1301,0.1301,0.1301,0.1301,0.1301,0.1301,0.2278,0.1301,0.1301,0.1301,0.1301,0.1301,0.1301,0.1301,0.1301,0.1301,0.1301,0.1301,0.1301,0.12067,0.2905,0.1301,0.1301,0.1301,0.147,0.1301,0.1301,0.1301,0.31,0.05078,0.1301,0.1301,0.2957,0.1301,0.1301,0.6187,0.2035,1.2,0.1301,0.1301,0.0748,1.598,0.1301,0.1301,0.1301,0.1301,0.1301,0.1301,0.1301,0.1301,0.1301,0.1301,0.1301,0.1301,0.1301,0.1301,0.07007,0.1301,0.1301,0.1301,0.1301,0.1301,0.1301,0.1301,0.1101,0.1301,0.538,0.1301,0.2169,0.07135,0.216,0.1301,0.645,0.1301,0.1301,0.635,0.1301,0.8354,0.0602,0.1301,0.1027,0.1301,0.1301,0.1301,0.1301,0.1301,0.1301,0.1301,0.1301,0.1301,0.1301,0.4275,0.1301,0.1301,0.1301,0.1301,0.1301,0.1254,0.10364,0.1301,0.1301,0.607,0.1301,0.1301,1.223,0.1301,0.1301,0.1276,0.1301,0.1301,0.1301,0.5723,0.1002,0.1301,0.1301,0.1301,0.1301,0.1301,0.586,0.1301,0.1301,0.129,0.2712,0.1301,0.1301,0.1211,0.1301,0.3308,0.1301,0.72,0.1301,0.1241,0.1301,0.1301,0.1301,0.1301,0.1301,0.1301,0.1301,0.1301,0.1301,0.1301,0.1301,0.3433,0.1301,0.1301,0.1268,0.1301,0.1301,0.1301,0.10565,0.1301,0.538,0.5786,0.1301,0.1301,0.1301,0.1301,0.10767,0.4302,0.1301,0.1301,0.1301,0.428,0.1301,0.1301,0.554,0.1121,0.1301,0.1301,0.1301,0.1301,0.1301,1.18,0.4417,1.439,0.1301,0.1301,0.1301,0.1301,0.1301,0.1301,0.214,0.0874,0.1301,0.722,0.2737,0.456,0.1301,0.6157,0.13,0.1301,0.1301,0.1239,0.1301,0.153,0.1301,0.1301,1.83,0.1301,0.1301,0.1301,0.1301,0.1301,0.1301,0.279,0.1301,1.54,0.1301,0.8345,0.1301,0.572,0.1301,0.1301,0.1301,0.1301,0.1301,0.1301,0.6187,0.1301,0.1301,0.1301,0.1301,0.12195,0.1301,0.1301,1.261,0.4766,0.1693,0.1301,0.2705,0.1301,0.1301,0.1301,0.4336,0.1301,0.1301,0.1301,0.1301,0.1301,0.1301,0.1301,0.0857,0.1301,0.4297,0.1301,0.1301,0.1301,0.1301,0.1301,0.0688,0.1301,0.1301,0.1301,0.1301,0.1301,0.1301,0.572,0.1301,0.493,0.1009,0.1301,0.1301,0.1301,0.12476,0.816,0.1022,0.743,0.1301,0.0999,0.1301,0.1301,0.1301,0.1301,0.1301,0.1301,0.1301,0.1301,0.1301,0.177,0.1301,0.2242,0.1301,0.1301,0.1301,0.1301,0.1301,0.1301,0.1301,0.1301,0.1301,0.0665,0.1758,0.4968,0.1301,0.765,0.0938,0.1301,0.1301,0.1301,0.1301,0.1301,0.07465,0.1984,0.1301,0.243,0.1301,0.1301,0.1301,0.282,0.0891,0.1301,0.4548,0.1301,0.1301,0.1097,0.1301,0.10455,0.1301,0.1301,0.1301,0.1301,0.1301,0.1301,0.1301,0.376,0.766,0.2231,0.08075,0.1301,0.9863,0.1301,0.1301,0.739,0.1301,0.1301,0.4194,0.4314,0.1301,0.12085,0.1301,0.1301,0.1301,0.1301,0.1301,0.1301,0.1301,0.1301,0.1301,0.6226,0.09973,0.105,0.1301,0.1301,0.1514,0.617,0.1301,0.1301,0.1301,0.1301,0.1301,0.1301,0.1301,0.1301,0.1301,0.469,0.1301,0.308,0.1301,0.0652,0.1301,0.1301,0.1301,2.447,0.1301,0.1301,0.1301,1.317,0.3374,0.1301,0.1301,0.3555,0.1301,0.1248,0.1301,0.154,0.373,0.8765,0.1301,0.1301,0.1301,0.1301,0.1301,0.1301,0.1301,0.3923,0.1301,0.1301,0.1301,0.2155,0.1301,0.1301,0.1301,1.285,0.1301,0.2637,0.435,0.1301,0.1301,1.433,0.1301,0.1301,0.2778,0.1301,0.1301,0.1301,0.1301,0.08093,0.1301,0.1301,0.1301,0.05307,0.1301,0.1301,0.1301,0.1301,0.1301,0.1301,0.1301,0.1301,0.1301,0.1301,0.1301,0.2212,0.1301,0.1301,0.1301,0.1301,0.1102,0.1301,0.1364,0.1301,0.05115,0.11847,0.1301,0.1301,0.1301,0.1301,0.1301,0.3958,0.263,0.1301,0.8247,0.1301,0.1301,0.679,0.1301,0.607,0.1469,0.1151,0.1301,0.1301,0.2866,0.1301,0.1301,0.1301,0.1301,0.1301,0.0853,0.1301,0.11346,0.1301,0.1301,0.1301,0.1301,0.1301,0.1301,0.1301,0.28,0.391,0.12463,0.1301,0.1301,0.1301,0.1301,0.1301,0.1301,0.1301,0.1301,0.1301,0.1301,0.323,0.1301,0.1301,0.2595,0.1301,0.1301,0.1301,0.3643,0.1301,0.1301,0.07684,0.1301,0.0934,0.122,0.1301,1.7295,0.1301,0.1301,0.7393,0.1301,0.7534,0.2048,0.885,0.1301,0.1301,0.1301,0.1301,0.1301,0.1301,0.1301,0.1301,0.1301,0.1301,0.1274,0.1301,0.1301,0.1301,0.1301,0.6094,1.724,0.1301,0.1301,0.1301,1.422,0.531,0.1815,0.3323,0.10754,0.1301,0.1301,0.1301,0.1301,0.1724,0.1301,0.1301,0.1301,0.681,0.1301,0.1301,0.1301,0.1301,0.1301,0.1301,0.1301,0.1301,0.1301,0.1301,0.1301,0.1301,0.1152,0.1301,0.1301,0.1301,0.1301,0.1404,0.1301,0.1301,0.1301,1.024,0.1301,0.1301,0.1301,0.1301,0.316,0.1301,0.1301,0.1301,0.1301,0.1301,0.1301,0.1301,0.1301,0.1301,0.1301,0.789,0.3975,0.1301,0.1301,0.1301,0.1301,0.9185,1.591,0.1301,0.1301,0.1301,0.1301,0.1301,0.1301,0.1301,0.1301,0.1301,0.1301,0.1301,0.1301,0.1356,0.599,0.1301,0.1301,0.1301,0.1144,0.1301,0.1301,0.8433,0.1301,0.1301,0.1301,0.1301,0.1301,0.1301,0.1301,0.1301,0.1301,0.1301,0.9707,0.1301,0.1301,0.1301,0.1268,0.1301,0.1301,0.1301,0.1301,0.576,0.1301,0.1301,0.1301,0.1301,0.1406,0.1301,0.0944,0.1301,0.1301,0.1301,0.4111,0.1301,0.1301,0.1301,0.333,0.1301,0.1301,0.1301,0.1301,0.1301,0.1301,0.1301,0.5083,0.1301,0.411,0.2257,0.7505,0.1301,0.1301,0.1301,0.1226,0.1301,0.8237,0.268,0.0742,0.1285,0.1301,0.1301,0.1301,0.1301,0.1301,0.3333,0.1301,0.2083,0.0916,1.163,0.1301,0.57,0.1301,0.11975,0.1301,0.7593,0.10767,0.1301,0.1301,0.1301,0.3748,0.1301,0.1301,0.1549,0.1301,0.1301,0.1301,0.1301,0.1301,0.1301,0.1301,0.1301,0.9883,0.1301,0.1301,0.1301,0.116,0.0952,0.1301,0.1301,0.1301,0.12384,0.1301,0.1301,0.3086,0.1301,0.1301,0.1301,0.11664,0.1301,0.1301,0.1301,0.919,0.1301,0.1301,0.0951,0.1301,0.1301,0.1301,0.1301,0.1301,0.1301,1.063,0.1301,0.1301,0.1301,0.1301,0.1301,0.1301,0.1301,0.1301,0.1301,0.1301,0.1301,0.107,0.1301,0.1301,0.1301,0.1301,0.1301,0.1301,0.1301,0.1301,0.3875,0.1301,0.1301,0.1301,0.1301,0.1301,0.2094,0.1301,0.3887,0.1301,0.1301,0.1301,0.1301,0.1301,0.1299,0.672,0.1301,0.1301,0.1301,0.1301,0.09735,0.1301,0.1301,0.1237,0.1841,0.1301,0.1301,0.811,0.1301,0.1301,0.1863,0.1301,0.1301,0.1301,0.1301,0.1301,0.1301,0.1301,0.1301,0.1301,0.1301,0.1868,0.1301,0.1301,0.136,0.1301,0.1301,0.1301,0.1301,0.1301,0.06696,0.1301,0.1301,0.1301,0.6885,0.1891,0.1301,0.1279,0.1301,0.1301,0.717,0.1301,0.1946,0.1487,0.1301,0.1301,0.1301,0.1096,0.1301,0.1301,0.1301,0.1301,0.1301,0.1301,0.1301,0.1301,0.1301,0.06476,0.457,0.1301,0.1301,0.106,0.1301,2.213,0.1301,0.0961,0.1301,0.103,0.1301,0.1301,0.1715,0.1301,0.2324,0.1301,0.3276,0.1301,0.1301,0.387,0.1272,0.1301,0.1301,0.1301,0.8296,0.1396,0.12274,0.1301,0.1301,0.1301,0.1301,0.0972,1.427,0.1301,0.1301,0.1301,0.6475,0.1157,1.137,0.1301,0.1301,0.1301,0.1301,0.1301,0.1102,0.216,0.1543,0.0571,0.1301,0.278,0.1301,0.1301,0.1301,0.1301,0.1301,0.1301,0.1301,0.0971,0.1301,0.1301,0.1301,0.1301,0.1301,0.0825,0.1301,0.1301,0.1301,0.5293,0.1301,0.1301,0.1301,0.1301,0.1301,0.0591,0.10803,0.1301,0.1301,0.1301,0.0879,0.1301,0.1301,0.1301,1.167,0.1301,0.1301,0.1301,0.1301,0.484,0.1301,0.1301,0.1301,0.1222,0.1301,0.1301,1.8,0.1301,0.1301,0.1301,0.1301,0.1301,0.1301,0.1301,0.1301,0.1301,0.10187,0.1301,0.1301,0.1301,0.1301,0.1301,0.1301,0.1301,0.1112,0.075,0.1301,0.7524,0.1301,0.1301,0.1301,0.1301,0.1301,0.1301,0.3364,0.1301,0.2343,0.1301,0.1301,0.11725,0.10266,0.956,0.1096,0.1301,0.1301,0.1301,0.1301,0.1301,0.1197,0.1301,0.3894,0.1301,0.1301,0.1058,0.1301,0.1301,0.1301,0.1301,0.4075,0.1301,0.1301,0.1301,0.5093,0.4238,0.1301,0.1301,0.1301,0.1301,0.1301,0.1301,1.142,0.4417,0.1301,0.1301,0.1301,0.1301,0.1301,0.1301,0.4053,0.1301,0.1301,0.1301,0.1301,0.1301,0.1301,0.1301,0.11285,0.1301,0.1301,0.419,0.1301,0.1301,0.1301,0.1301,0.1301,0.1301,0.1301,0.1301,0.1301,0.1301,0.1301,0.1487,0.1301,0.1301,0.1199,0.1045,0.1301,0.1301,0.2964,0.6094,0.702,0.1301,0.3555,0.0824,0.1301,0.1301,0.1301,0.4983,0.1301,0.1301,0.1301,0.1301,0.1301,0.1301,0.1301,1.112,0.41,0.1301,0.1301,0.1301,0.1301,0.1301,0.1301,0.3347,0.572,0.1301,0.1301,0.1301,0.1278,0.1301,0.1301,0.05728,0.0978,0.1301,0.8086,0.1301,0.1301,1.342,0.6387,0.1301,0.1301,0.1301,0.0831,0.1301,0.1301,0.1301,0.1301,0.2783,1.461,0.1226,0.7124,0.1301,0.0636,0.1301,0.1301,0.1301,0.1301,0.1301,0.1301,0.1301,0.1301,0.2961,0.1301,0.1301,0.7876,0.1301,0.1365,0.1301,0.1301,0.1301,0.1301,0.1301,0.1301,0.1301,0.1301,0.1301,0.1301,0.1301,0.1301,0.1301,0.1301,0.1301,0.1301,0.1301,0.1301,0.2524,0.1301,0.07684,0.824,0.1301,0.1301,0.06396,0.1301,0.03574,0.1301,0.1301,0.2183,0.1301,0.1301,0.1301,0.3389,0.1301,0.10034,0.1301,0.1301,0.1301,0.1301,0.1301,0.1301,0.1266,0.1301,0.1301,0.2014,1.079,0.1301,0.1301,0.1301,0.2798,0.348,0.1301,0.1212,0.1071,0.1301,0.1301,0.1301,0.1301,0.276,0.1301,0.1301,0.1301,0.1301,0.1301,0.654,0.06396,0.1301,0.1346,0.5093,0.1301,0.1301,0.1301,0.1301,0.10364,0.076,0.1301,0.1301,0.1301,0.1158,0.1301,0.1301,0.1301,0.1301,0.1301,0.1301,0.08527,0.1301,0.1912,0.2922,0.1301,0.1301,0.1301,0.1301,0.1301,0.1301,0.1301,0.1301,0.1301,0.1301,0.1301,0.1301,0.1301,0.2915,0.1301,0.1301,0.1301,0.1301,0.2474,0.1301,0.1301,0.1301,0.1301,0.0577,0.1301,0.1301,0.1301,0.1301,0.1301,0.1301,0.1301,0.4565,0.1301,0.0475,0.1301,0.1301,0.2285,0.0951,0.1301,0.1301,0.10675,0.1301,0.1301,0.1301,0.1301,0.1301,0.1301,0.1126,0.1301,0.1301,0.1301,1.691,0.111,0.674,0.2019,0.1301,0.1653,0.1301,0.1301,0.1749,0.1301,0.1301,0.1301,0.1301,0.1696,0.1301,0.4631,0.1301,0.0909,1.022,0.0845,0.1301,0.04688,0.1301,0.424,0.1301,0.09143,0.1301,0.1301,0.1301,0.316,0.0711,0.5195,0.1301,0.1301,0.05005,0.1301,0.0797,0.1301,0.1301,0.1301,0.1301,0.637,0.1301,0.1301,0.4146,0.05402,0.1301,0.1301,0.1301,0.09717,0.1301,0.1301,0.1301,0.3523,0.1301,0.0955,0.988,0.2119,0.1301,0.1301,0.1301,0.1301,0.11035,0.1301,0.1301,0.0572,0.1301,0.1301,0.10486,0.1301,0.1301,0.1301,0.1301,0.1301,0.1301,0.1301,0.1301,0.1301,0.1235,0.1301,0.1301,0.1301,0.1301,0.1301,0.07825,0.05005,0.1301,0.1301,0.1301,0.1191,0.1301,0.1301,0.1301,1.519,0.1301,0.3972,0.1301,0.1301,0.1301,0.1301,0.1301,0.5117,0.0902,0.1301,0.1301,0.1301,0.1301,0.1237,0.1301,0.1301,0.1301,0.1301,0.1301,0.1301,0.2266,0.066,0.1301,0.0679,0.1301,0.1301,0.1301,0.1786,0.1301,0.1301,0.1301,0.5054,0.1301,0.1301,0.1301,0.04935,0.1301,0.12054,1.13,0.1301,0.1301,0.1301,0.0858,0.1301,0.1301,0.07074,0.466,0.1301,0.1301,0.88,0.1301,0.1301,0.1301,0.3474,0.1301,0.1301,0.1301,0.1301,0.3228,0.2666,0.1301,0.08356,0.12354,0.1301,0.1301,0.1301,0.5557,0.1301,0.0769,0.1301,0.1301,0.1301,0.478,0.1858,0.1301,0.1301,0.774,0.1301,1.202,0.846,0.1301,0.1301,0.1301,0.1301,0.1301,0.22,0.4111,0.1301,0.1301,0.1301,0.4219,0.1301,0.1301,0.1301,0.1344,0.1301,0.9985,1.275,0.1301,0.1301,0.1301,0.09625,0.1301,0.1301,0.1301,1.31,0.1301,0.1301,0.1301,0.3352,0.1301,0.1301,0.1301,0.1301,0.1301,0.09015,0.1301,0.1301,0.4607,0.1301,0.1301,0.1301,0.1301,0.1301,0.1301,0.1277,0.1301,0.1301,0.1301,0.1301,0.1262,0.1575,0.1301,1.209,0.1301,1.09,0.1438,0.1301,0.1301,0.1301,0.1301,0.1301,0.1301,0.1301,0.1301,0.8105,0.084,0.1301,0.08026,0.9194,0.1301,0.1301,0.1301,0.1301,0.1301,0.1301,0.577,0.1301,0.2578,0.1301,0.1301,0.2505,1.122,0.1301,0.1301,0.1211,0.1301,0.4626,0.62,0.1301,0.1301,0.1301,0.1301,0.1301,0.1301,0.1301,0.1106,0.1301,0.1301,0.3215,0.1301,0.1301,0.1301,0.1301,0.1696,0.1301,0.3438,0.1301,0.1301,0.1301,0.1301,0.286,0.1301,0.1301,0.514,0.1301,0.1301,0.1301,0.1301,0.6885,0.1301,0.1301,0.1301,0.1227,0.1333,0.05737,0.0415,0.1301,0.1301,0.1301,0.1301,0.11926,0.833,0.551,0.1624,0.1301,0.1301,0.11884,0.1301,1.534,0.1301,0.1301,0.2291,0.1301,0.12463,0.3064,0.1301,0.1225,0.1301,0.1301,0.1301,0.1301,0.2004,0.1301,0.1301,0.1301,0.1301,0.2593,0.6123,0.1301,0.1301,0.1301,0.1301,0.387,0.1301,0.1301,0.1301,0.1301,0.0432,0.1301,1.175,0.1301,0.384,0.1301,0.1301,0.1301,0.11456,0.1301,0.1301,0.1301,0.0801,0.1301,0.1301,0.1301,0.1301,0.1301,0.1301,0.1301,0.1301,0.1301,0.1301,0.1301,0.1301,0.1301,0.1301,0.1301,0.1301,0.1301,0.1204,0.1301,0.1301,0.1301,0.1301,0.3394,0.1301,0.10785,0.1301,0.1301,0.37,0.1221,0.1301,0.543,0.0661,0.1301,0.1301,0.1301,0.07385,0.28,0.1301,0.1301,0.6304,0.1301,0.06223,0.699,0.1301,0.8076,0.12146,0.1301,0.0993,0.1301,0.2457,0.1171,0.1301,0.1301,0.1301,0.1301,0.1301,0.1301,0.1301,0.1301,0.1301,0.1301,0.1301,0.1301,0.1301,0.1301,0.1301,0.1301,0.1301,0.1301,0.2078,0.1301,0.1301,0.128,0.1301,0.1301,0.1301,0.1301,0.1301,0.125,0.1301,0.1301,0.1301,0.1301,0.1301,0.1301,0.1301,0.1301,0.518,0.1301,0.1301,0.11194,0.1301,0.597,0.1301,0.1301,0.1301,0.126,0.1301,0.1301,0.1301,0.1301,0.1301,0.1301,0.1301,0.1301,0.1301,0.05377,0.4988,0.1301,0.1301,0.1301,0.1194,0.1301,0.1301,0.1015,0.1301,0.1301,0.1301,0.1301,0.1301,0.1301,0.1301,0.1301,0.1301,0.1301,0.1301,0.1301,0.1301,0.1301,0.2345,0.1301,0.7607,0.1301,0.1038,0.1301,0.1301,0.3174,0.1301,0.1301,0.1301,0.1301,0.1301,0.1301,0.1301,0.1301,0.1301,0.1301,0.0977,0.1301,0.0714,0.1301,0.1885,0.1301,0.1301,0.1301,0.1301,0.075,0.1301,0.1284,0.2637,0.1301,0.1301,0.1301,0.1301,0.1301,0.1301,0.1301,0.865,0.1152,0.2615,0.1301,0.1301,0.1301,0.1301,0.1301,0.1301,0.09094,0.1301,0.1301,0.4626,0.1301,0.1301,0.1301,0.1301,0.1301,0.1301,0.1301,0.1301,0.1159,1.389,0.1301,0.1301,0.1301,0.1301,0.1301,0.1301,0.1301,0.1301,0.1301,0.1301,0.1231,0.1301,0.1301,0.1301,0.1301,0.1301,0.1301,0.1301,0.1301,0.06714,0.1543,0.1301,0.24,0.1301,0.1301,0.1301,0.1301,0.1301,0.316,0.1301,0.6987,0.1301,0.1301,0.1301,0.1301,0.1301,1.105,0.1301,0.3596,0.1301,0.1204,0.1301,0.1301,0.3213,0.1301,0.1301,0.1301,0.0688,0.1301,0.1301,0.1301,0.1301,0.1301,0.1301,0.1301,0.8184,0.1301,0.1301,0.12415,1.579,0.4414,0.1301,0.1301,0.1219,0.0964,0.1301,0.1116,0.1301,0.5654,0.1301,0.1559,0.2122,0.1301,0.06305,0.3987,0.1299,0.1301,0.1301,0.1301,0.1301,0.1301,0.1301,0.1301,0.1301,0.1049,0.1301,0.0912,0.298,0.1301,0.1301,0.1301,0.1301,0.1301,0.5576,0.1301,0.1301,0.1301,0.3513,0.1301,0.1301,0.1301,0.1301,0.1301,0.1301,0.1301,0.1301,0.1301,0.1301,0.1301,0.1301,0.1301,0.1301,0.1301,0.1301,0.1301,0.1301,0.1301,0.3645,0.1301,0.02496,0.1301,1.071,0.1301,0.1301,0.1301,0.1301,0.1301,0.10925,0.1301,0.1301,0.1301,0.0984,0.1301,0.826,0.1301,0.1301,0.4321,0.1301,0.1301,0.1301,0.1301,0.1301,0.1268,0.1301,0.1301,0.1301,0.1301,0.1222,0.1301,0.4312,0.925,0.12006,0.1301,0.1301,0.1301,0.1301,0.1301,0.697,0.06415,0.1301,0.1284,0.1301,0.1301,0.1301,0.3623,0.1301,0.9097,0.1153,0.1301,0.1204,0.07416,0.1301,0.1301,0.1301,0.1301,0.1989,0.1301,0.1301,0.1301,0.1301,0.1301,0.1301,0.1301,0.1301,0.1301,0.1301,0.1301,0.1301,0.1301,0.7075,0.1301,0.1301,0.1301,0.1301,0.1301,0.1301,0.1301,0.1301,0.1301,0.2233,0.1301,0.1301,0.1301,0.1301,0.1301,0.1301,0.1301,0.5244,0.1301,0.1121,0.3494,0.1301,0.1301,0.1301,0.1301,0.1301,0.2247,0.1301,0.1301,0.2223,0.1301,0.1301,0.1301,0.1301,0.1301,0.1956,0.1301,0.1301,1.211,0.1301,0.1301,0.0854,0.6006,0.1301,0.1301,0.1301,0.1301,0.379,0.0868,0.1301,0.1301,0.1301,0.4302,0.1301,0.1301,0.1301,0.1301,0.1301,0.1301,0.1301,0.092,0.1301,0.1301,0.1301,0.1301,0.1301,0.1301,0.1301,0.1301,0.1301,0.1301,0.1301,0.09705,0.1301,0.1301,0.1301,0.1301,0.1301,0.232,0.1301,0.1301,0.1301,0.1301,0.1278,0.1301,0.1301,0.1301,0.1301,0.1301,0.1301,0.1301,0.1278,0.05774,0.601,0.5303,0.2598,0.04703,1.037,0.1301,0.1301,0.1301,0.1301,0.1301,0.1301,0.1301,0.1301,0.1301,0.8247,0.1301,0.1301,0.1301,0.1301,0.1301,0.1301,0.1301,0.1301,0.1301,0.4937,0.1301,0.1301,0.1301,0.1301,0.1301,0.08954,0.1301,0.1301,0.1301,0.1301,0.2234,0.1301,0.1301,0.273,0.1301,0.1301,0.1301,0.1301,0.1301,0.1301,0.128,0.1064,0.1301,0.1301,0.1301,0.1301,0.1155,0.1301,0.1301,0.1301,1.043,0.12445,0.1301,0.642,0.1301,0.1301,0.1301,0.1301,0.1301,0.4702,0.1301,0.1301,0.05078,0.1301,0.1301,0.1219,0.0964,1.046,0.1301,0.1301,0.7637,0.1301,0.1301,0.1301,0.1301,2.3,0.115,0.1301,0.1301,0.1301,0.1301,0.4429,0.3718,0.1301,0.1301,0.1301,0.1301,0.1301,0.1301,0.1301,0.1301,0.1301,0.1301,0.1301,0.1301,0.1301,0.1184,0.1088,0.1301,0.178,0.1301,0.1301,0.1301,0.1301,0.1301,0.1301,0.1301,0.1301,0.1301,0.1301,0.1301,0.712,0.1301,0.1301,0.1301,0.1301,0.1301,0.1301,0.1301,0.1301,0.1301,0.1301,0.1301,0.1301,0.1301,0.1301,0.1301,0.1301,0.117,0.1301,0.1301,0.1301,0.1301,0.1301,0.1301,0.1301,0.1301,0.0802,0.1301,0.1301,0.1301,0.0869,0.1301,0.1301,0.1301,0.1301,0.1301,0.1301,0.1301,0.1301,0.1301,0.1301,0.1301,0.1301,0.1301,0.1301,0.1301,0.1301,0.245,0.1301,0.1301,0.1301,0.1301,0.1301,0.1301,0.08813,0.1301,0.1301,0.3645,0.1301,0.7544,0.2263,0.1301,0.1301,0.1301,0.1301,0.1301,0.1301,0.608,0.1301,0.1301,0.1301,0.1301,0.1301,0.1301,1.13,0.1301,0.1301,0.1301,0.1144,0.5923,0.1301,0.1301,0.1301,0.1301,1.387,0.1301,0.1301,0.1301,0.1301,0.3496,0.1301,0.1301,0.1301,0.1301,0.1998,0.1301,0.1301,0.3455,0.1301,0.1301,0.121,0.0828,0.1301,0.1301,0.1301,0.1301,0.1586,0.1301,0.1301,0.5815,0.0787,0.1301,0.09784,0.1251,0.983,0.1301,0.1301,0.1301,0.1301,0.1301,0.1301,0.1101,0.1301,0.1301,0.1301,0.1301,0.1301,0.12024,0.1301,0.08386,0.1301,0.1967,1.413,0.1301,0.0838,0.1301,0.1301,0.1301,0.1301,0.1301,0.1217,0.1731,1.096,0.1301,0.1301,0.1301,0.1301,0.1301,0.1301,0.143,0.1301,0.1301,0.1301,0.04572,0.1301,0.1301,0.5693,0.1301,0.1301,0.1301,0.1301,0.1301,0.1301,0.1301,0.1301,0.1301,0.1301,0.1301,0.1301,0.06323,0.1301,0.1301,0.10895,0.1301,0.1301,0.1301,0.06635,0.1301,0.1301,0.1301,0.1301,0.1301,0.1301,0.1301,0.1301,0.1301,0.0961,0.3833,0.992,0.1301,0.297,0.1301,0.3118,0.1078,0.3484,0.1301,0.1301,0.1301,0.1301,0.1301,0.777,0.0947,0.1301,0.304
3,0.1307,0.1307,0.516,0.1307,0.1241,1.291,0.1307,0.1307,0.1307,0.1307,0.1307,0.1307,0.1307,0.1307,0.3496,0.1307,0.09863,0.7275,0.1307,0.1307,0.1307,0.1307,0.4167,0.0609,0.1307,0.526,0.1307,0.699,0.406,0.1635,0.38,0.1307,0.1229,0.1307,0.1307,0.726,0.1307,0.1307,0.1307,0.1307,0.1307,0.1307,0.5474,0.1299,0.1307,0.1307,0.116,0.1307,0.1307,1.2,0.1307,0.1307,0.1326,0.0729,0.1307,0.66,0.4675,0.1307,0.736,0.1307,1.26,0.1307,0.1307,0.347,0.1307,0.1307,0.845,0.1307,0.1307,0.1307,0.1307,0.1307,0.1307,0.1307,0.1307,1.198,0.1307,0.4211,0.1307,0.1307,0.1307,0.1307,0.1307,0.1307,0.738,0.1307,0.1307,0.1307,0.1307,0.1307,0.1307,0.1307,0.4255,0.466,0.1307,0.1119,0.1307,0.06866,0.1307,0.1649,0.1307,0.1307,0.3286,0.1307,0.1307,0.1307,0.1222,0.1307,0.4856,0.1307,0.1307,0.1307,0.119,0.1307,0.1307,1.763,0.07587,0.1307,0.1307,0.1307,0.752,0.1307,0.1307,0.1307,0.1307,0.1307,0.1307,0.1307,0.1307,0.1307,0.1307,0.1178,0.1307,0.2542,0.1307,0.1307,0.1307,0.1307,0.533,0.1307,0.1307,0.1307,0.1307,0.558,0.1307,0.1307,0.1307,0.1307,0.1307,0.1307,0.1307,0.1307,0.1307,0.1307,0.1307,0.1307,0.1227,1.484,0.08704,0.1302,0.1307,0.6377,0.1307,0.1175,0.1307,0.1307,0.1307,0.12067,0.1307,0.1221,0.1307,0.1307,0.1307,0.1307,0.679,0.1307,0.1307,0.803,0.1506,0.1307,0.1307,0.1307,0.1307,0.1307,0.1307,0.286,0.1307,0.911,0.1307,0.1307,0.1307,0.1307,0.1307,0.1334,0.3252,0.1307,0.1307,0.1307,1.274,0.1273,0.6807,0.1852,0.077,2.057,0.0774,0.1309,0.1307,0.1307,0.1307,0.8184,0.1307,0.11847,0.1307,0.1307,0.1307,0.3215,0.1307,0.1307,0.06946,0.1307,0.1307,1.258,0.404,0.1307,0.1307,0.1241,0.1307,0.1307,0.1196,0.677,0.08704,0.09216,0.18,0.1307,0.1307,0.1307,0.1307,0.1307,0.09015,0.1307,0.10095,0.1307,0.1307,0.1307,0.1307,0.1307,0.1307,0.1307,0.1307,0.1111,0.1307,0.1307,0.1307,1.327,0.078,0.4512,0.1307,0.1307,0.1307,0.1307,0.1307,0.1307,0.1307,0.1307,0.1307,0.1307,0.1307,0.1158,0.5693,0.1307,0.0921,0.1307,0.1307,0.1307,0.1307,0.1307,0.1307,0.1307,0.1307,0.1307,0.1307,0.1307,0.0971,0.1094,0.1307,0.1307,0.1307,0.1307,0.1307,0.0986,0.1307,0.1307,0.1307,0.3335,0.1307,0.1307,0.1307,0.1307,0.1307,0.1307,0.1307,0.1123,0.197,0.1307,0.1083,0.941,0.1022,0.1307,0.1307,0.1307,0.324,0.1307,0.1307,0.1307,0.3218,0.1307,0.1307,0.1307,0.1307,1.322,0.1307,0.1307,0.2644,2.064,0.1307,0.1307,0.848,0.1307,0.11725,0.1307,0.1307,0.07227,0.1307,0.1307,0.1307,0.3606,0.2479,0.1307,0.1307,0.1307,0.1307,0.5156,0.4285,1.757,0.1307,0.4885,0.0992,0.1307,0.0478,0.1307,0.1307,0.1307,0.1307,0.1348,0.2029,0.3232,0.09576,0.1307,0.1307,0.1747,1.474,0.1307,0.1307,0.1307,0.1307,0.1307,0.1307,0.9453,0.9814,0.12024,0.1307,0.1307,0.1206,0.1307,0.1482,0.0868,0.1307,0.1307,0.1307,0.8047,0.1307,0.1307,0.1307,1.056,0.1307,0.273,0.127,0.10187,0.1307,0.1307,0.1307,0.1307,0.1307,0.1307,0.1307,0.1307,0.907,0.1307,0.2448,0.1307,1.511,0.1307,0.1307,0.1307,0.3906,0.1307,0.1307,0.0769,0.1307,0.1307,0.277,0.5103,0.1307,0.1307,0.1307,0.1307,0.2412,0.1307,0.1307,0.1307,0.1307,0.1307,0.1322,0.1307,0.1307,0.2937,0.1307,0.1307,0.1307,0.1307,0.667,0.1307,0.1307,0.1307,0.1392,0.1307,0.1307,0.1307,0.249,0.1307,0.1285,0.1307,0.1307,0.581,0.1307,0.1307,0.415,0.1307,0.1307,0.1307,0.1307,0.1307,0.133,0.1307,0.1307,0.1307,0.1307,0.1307,0.2139,0.1307,0.1307,0.1307,0.1307,0.1307,0.1307,0.1307,0.1307,0.1307,0.1307,0.1307,0.1307,0.1307,0.3428,0.1307,0.1307,0.1307,0.2554,0.1307,0.119,0.1307,0.1307,1.025,0.0826,0.1307,0.1307,0.1307,0.1307,0.1149,0.1307,0.1307,0.1307,0.4717,0.07135,0.1307,0.1307,0.1307,0.1307,0.1307,0.1307,0.1307,0.1307,0.1307,0.1307,0.12256,0.1307,0.1307,0.1307,0.1307,0.1307,0.1307,0.1307,0.1307,0.1185,0.1307,0.2505,0.1307,0.1307,0.1307,0.1307,0.1307,0.2698,0.1307,0.1307,0.2025,0.2727,0.1307,0.1307,0.1307,0.1307,0.1307,0.1307,0.1307,0.1307,0.1307,0.1307,0.1307,0.1307,0.1307,0.1307,0.1307,0.1307,0.1307,0.1307,0.0817,0.1307,0.10767,0.1307,0.1307,0.1307,0.07794,0.1241,0.1307,0.1307,0.7676,0.1307,0.3992,0.1307,0.1198,0.1307,0.1307,0.1307,0.1307,0.1307,0.1307,0.1307,0.1542,0.1307,0.1141,0.3254,0.1307,0.1307,0.1307,0.1307,0.7363,0.1307,0.1307,0.6064,0.1307,0.462,0.1307,0.1307,0.1307,0.1307,0.1307,0.1307,0.1307,0.1307,0.1307,0.1307,0.1307,0.3777,0.1307,0.1307,0.1307,0.1323,0.1307,0.1307,0.1307,0.1307,0.1307,0.1307,0.1307,0.1307,0.1307,0.1307,0.255,0.11847,0.1307,0.1511,0.1307,1.411,0.1307,0.1307,0.122,0.1558,0.672,0.1307,0.1307,0.1443,0.1307,0.1307,0.1307,1.108,0.1432,0.3755,0.509,0.1307,0.1307,0.1096,0.1307,0.1307,0.616,0.1185,0.1307,0.1307,0.1307,0.2444,0.1659,0.1307,0.1307,0.1307,0.1307,0.4502,0.1307,0.1307,0.1307,0.1307,0.1307,1.048,0.1307,0.1307,0.1307,0.1307,0.1306,0.1307,0.789,0.1307,0.1307,0.1307,0.1307,0.1318,0.1307,0.12225,0.1307,0.1307,0.1307,0.1307,0.3062,0.1754,0.11176,0.1307,0.1307,0.1307,0.1307,0.119,0.1307,0.1307,0.1307,0.3845,0.1307,0.1307,0.1307,0.1307,0.1307,0.1169,0.1307,0.1307,0.6606,0.1307,0.1307,0.5728,0.1307,0.2216,0.1307,0.1307,0.1272,0.1307,0.818,0.622,0.1307,0.1307,0.1307,0.1307,0.37,0.1307,0.1307,0.4019,0.0898,0.1307,0.7056,0.1307,0.5054,0.1307,0.1307,0.1307,0.0958,0.1307,1.881,0.4917,0.1307,0.1307,0.1307,0.5815,0.1307,0.1307,0.1307,0.1307,0.10156,0.5493,0.1307,0.8423,0.1307,0.1307,0.1307,0.07544,0.1307,0.1307,0.12164,0.1307,0.1307,0.1307,0.1307,0.1307,0.1307,0.1307,0.08734,0.734,0.1307,0.1307,0.1307,0.1307,0.1307,0.6567,0.946,0.1307,0.1307,0.1307,0.1307,0.1307,0.1307,0.1307,0.9224,0.1307,0.1307,0.1307,0.1307,0.1307,0.1307,1.053,0.1307,0.3296,0.1307,0.7773,0.1307,0.11395,0.1307,0.05484,0.1307,0.1307,0.1307,0.1307,0.1307,0.1307,0.5454,0.1307,0.1307,0.649,0.1307,0.0921,0.5684,0.1307,0.1307,0.1307,0.1307,0.3977,0.1307,0.1307,0.08777,0.1307,0.1307,0.1307,0.1307,1.13,0.1307,0.1307,0.1307,0.1307,0.1307,0.1307,0.1307,0.1307,0.1307,0.0968,0.1307,0.1307,0.06085,0.1307,0.1307,0.1307,1.484,0.1307,0.1307,0.08246,0.1307,1.669,0.8423,0.1307,0.1307,0.1307,0.1016,0.1307,0.1307,0.1307,0.1307,1.212,0.0676,0.1307,0.1307,0.127,0.0899,0.1276,0.1307,0.7217,0.1307,0.3782,0.1307,0.1307,0.128,0.0665,0.1307,0.1307,0.1307,0.1307,0.1307,0.1307,0.1307,0.1114,0.1307,0.1307,0.1307,0.5015,0.1307,0.1307,0.1307,0.1307,0.1113,0.1307,0.1307,0.1307,0.1307,0.1307,0.1307,0.1307,0.1307,0.1307,0.1307,0.1307,0.1307,0.1307,0.1307,0.1307,0.1307,0.1307,0.6943,0.1774,0.2063,0.1307,0.299,0.1307,0.1307,0.1289,0.1307,0.1307,0.5815,0.1307,0.1307,0.1307,0.4114,0.1307,0.1307,0.2179,0.1307,0.6157,0.1307,0.1307,0.1307,0.1307,0.1307,0.08936,0.1307,0.1307,0.94,0.3494,0.0614,0.1307,0.1307,0.1307,0.1307,0.1307,0.1307,0.1307,0.1307,0.1307,0.1307,0.2788,0.1307,0.1307,0.1307,0.1307,0.0975,0.1307,0.1163,0.1307,0.1065,0.1307,0.1307,0.1979,0.1307,0.1276,0.1307,0.1307,0.511,0.1307,0.11975,0.1351,0.0995,0.1549,0.12115,0.1307,0.1307,0.1307,0.2372,0.1307,0.1041,0.1307,0.1307,0.1307,0.1307,0.1307,0.1272,0.1307,0.1466,0.555,0.1307,0.1307,1.178,0.1307,0.1076,0.1307,0.1307,0.1307,0.1307,0.1307,0.1307,0.1307,0.1307,0.0745,0.1307,0.1307,0.1307,0.1307,0.1307,0.1307,0.09534,0.948,1.107,0.1307,0.2153,0.1307,0.1307,0.1307,0.275,0.1307,0.1307,0.1307,0.1307,0.1307,0.1307,0.1631,0.1307,0.1307,0.1307,0.0993,0.1307,0.1342,0.1307,0.1307,0.2301,0.1307,0.1219,0.1307,0.1307,0.1307,0.1307,0.1307,0.1307,0.1307,0.1307,0.1307,0.1307,0.1307,0.7656,0.1307,0.1307,0.10675,1.192,0.1307,0.8506,0.1307,0.1141,0.1307,0.1307,1.324,0.1307,0.1307,0.95,0.1307,0.253,0.1307,0.9634,1.025,0.1307,0.1307,0.1307,0.1307,0.1307,0.124,0.11554,0.1307,0.1307,0.1307,0.1307,0.1307,0.1307,0.08044,0.1307,0.5596,0.1307,0.5503,0.1307,0.1307,0.1307,0.1307,0.1307,0.1307,0.1307,0.4016,0.1307,0.1307,0.1307,0.1307,0.1307,0.1307,0.1307,0.07416,0.1307,0.2264,0.1307,0.1307,0.1307,0.1307,0.1307,0.1307,0.1825,0.303,0.1307,0.1307,0.1307,0.1512,0.1307,0.1307,0.1307,0.11365,0.1307,0.1307,0.1307,0.1307,0.1307,0.1307,0.1307,0.1307,0.1307,0.1307,1.296,0.0608,0.1307,0.1307,0.1307,1.803,0.1307,0.1307,0.5254,0.1307,0.1307,0.5503,0.1307,0.1307,2.387,0.10986,0.1307,0.1307,0.1298,0.1307,0.1307,0.1307,0.1307,0.1307,0.1307,0.1307,0.3003,0.1307,0.1307,0.1307,0.1307,0.1307,0.1307,0.0925,0.1307,0.1307,0.1643,0.10754,0.1307,0.1307,0.1635,0.1307,0.1307,0.1307,0.1307,0.1307,0.1307,0.1307,0.1307,0.1307,0.1307,0.1307,0.1307,0.4648,0.1307,0.1307,0.1307,0.1307,0.0918,0.654,0.1307,0.5557,0.1307,0.1307,0.1307,1.315,0.523,0.1307,0.1307,0.6426,0.1307,0.1307,0.0962,0.1186,0.1307,0.8745,0.1307,0.1277,0.1307,0.1307,0.1307,0.1307,0.1184,0.1307,0.1307,0.1307,0.3906,0.1307,0.5015,0.3892,0.5166,0.897,0.1307,0.1307,0.1307,0.1307,0.1307,0.1307,0.1307,0.1307,0.1307,0.1307,0.1223,0.1307,0.2944,0.1307,0.11774,0.1307,0.1307,0.1179,0.2467,0.1307,0.1307,0.1307,0.12,0.1307,0.6523,0.7183,0.1307,0.1307,0.1307,0.341,0.04388,0.1307,0.1307,0.4282,0.113,0.1307,0.1307,0.1334,0.1307,0.1307,0.1307,0.1307,0.1307,0.1307,0.1307,0.1307,0.1307,0.1813,0.1307,0.1307,0.1307,0.1307,0.1307,0.1307,0.1307,0.1307,0.1307,0.1307,0.12,0.1307,0.1307,0.1307,0.1307,0.08453,0.1595,0.1307,0.566,0.2615,0.1307,0.1307,0.1307,0.1307,0.1307,0.1307,0.3052,0.1307,0.1307,0.1307,0.1307,0.2003,0.374,0.1307,0.1307,0.04376,0.1307,0.1307,0.1307,0.157,0.1307,0.1307,0.1307,0.1307,0.1307,0.1307,0.1307,0.5327,0.749,0.1106,0.1307,0.1307,0.0712,0.1307,0.1307,0.1307,0.1307,0.1307,0.945,0.3335,0.1307,0.1307,0.3987,0.1307,0.1307,0.1307,0.1307,0.1307,0.537,0.1307,0.1307,0.1307,0.1307,0.1307,0.1236,0.1307,0.1301,0.1307,0.1307,0.1307,0.1287,0.10443,0.1307,0.185,0.1307,0.1307,0.1469,0.1307,0.0944,1.181,0.1307,0.1094,0.1307,0.0748,0.1307,0.1307,0.1307,0.885,0.1307,0.1066,0.1307,0.1307,0.1307,0.8164,0.1307,0.1307,0.1307,0.1307,0.04404,0.2404,0.1307,0.1307,0.1307,0.0626,0.1307,0.1307,0.1307,0.1307,0.1307,0.1307,0.1307,0.1307,0.1307,0.8257,0.1307,0.4133,0.1307,0.1307,0.1307,0.1307,0.1307,0.1307,0.1307,0.1307,0.1307,0.1307,0.1307,0.292,0.1307,0.1307,0.093,0.1307,0.1223,0.0684,0.1307,0.1307,0.1307,0.1307,2.213,0.1307,0.1307,0.1307,0.2253,0.1307,0.1307,0.5386,0.1307,0.1307,0.1307,0.1307,0.1307,0.1307,0.1307,0.1307,0.1307,0.1307,0.1307,0.1307,0.1433,0.1307,0.9604,0.1307,0.1307,0.1307,0.1307,0.166,0.1307,0.1307,0.2822,0.1307,1.225,0.1307,0.1307,0.1307,0.1307,0.215,0.1307,0.1307,0.1307,0.06018,1.765,0.1307,0.1307,0.1307,0.1307,0.1307,0.1307,0.1307,0.1307,0.1307,0.1199,0.3066,0.1307,0.1307,0.1307,0.1307,0.1307,0.1307,0.1307,0.1307,0.628,0.1307,0.1307,0.1307,0.1307,0.1307,0.814,0.1691,0.1307,0.1307,0.1307,0.07385,0.1307,0.1307,0.1082,0.1307,0.4204,0.2494,0.1307,0.1307,0.1307,0.2499,0.1307,0.1307,0.1307,1.067,0.1307,0.1307,0.1307,0.0874,0.1307,0.11847,0.1307,0.2393,0.08606,0.1307,0.1307,0.321,0.1307,0.1307,0.1411,0.337,0.10706,0.1307,0.642,0.10974,0.1307,0.5576,0.1307,0.1307,0.1307,0.1307,0.1307,1.513,0.356,0.3792,0.1307,0.0855,0.1307,0.1307,0.1265,0.1307,0.1307,0.1307,0.1307,0.1307,0.1307,0.116,0.1307,0.1307,0.1307,1.581,0.697,0.1307,0.1307,0.6885,0.1307,0.2273,0.1307,0.1307,0.1307,0.1307,0.8784,0.1307,0.11255,0.1433,0.1307,0.1307,0.5225,0.1307,0.1307,1.157,0.1307,0.1442,0.1307,0.1307,0.1307,0.1307,0.1307,0.1307,0.1307,0.1307,0.0865,0.1307,0.209,0.1307,0.8013,0.1307,0.1307,0.10785,0.1307,0.1307,0.1307,0.1307,0.1307,0.1307,0.1307,0.1307,0.06885,0.1307,0.1307,0.1307,0.359,0.1307,0.1711,0.1307,0.1307,0.1307,0.1307,0.1134,0.1307,0.1307,1.822,0.1307,0.1307,0.1307,0.1254,0.1307,0.1307,0.8086,0.1307,0.1307,0.1307,0.1307,0.1307,0.1307,0.2139,0.9336,0.1307,0.1307,0.1307,0.1307,0.1307,0.1307,0.1307,0.1307,0.1901,0.4229,0.1307,0.1307,1.27,0.1307,0.1307,0.1307,0.1307,0.1307,0.1307,0.1307,0.1307,0.1307,0.1307,0.1307,0.1307,0.1307,0.1227,2.28,0.4304,0.1186,0.1307,0.1307,0.1307,0.1307,0.1307,0.1307,0.1307,1.253,0.2495,0.1307,0.1206,0.2184,0.1307,0.1085,0.1307,0.1307,0.1895,0.1307,0.1307,0.235,0.1307,0.1307,0.1307,0.10913,0.6504,0.1307,0.1307,0.3674,0.1307,0.1307,0.1307,0.08453,0.1307,0.683,0.1307,0.6567,0.2854,0.1243,0.1307,0.1208,0.1307,0.1307,0.1307,0.871,0.1307,0.0882,0.2761,0.1307,0.1307,1.268,0.1307,0.1307,0.1307,0.1307,0.1307,0.1307,0.1307,0.2235,0.1307,1.698,0.1307,0.1307,0.1307,0.328,0.1307,0.1266,0.1307,0.1307,0.1307,0.1307,0.57,0.2656,0.515,0.1307,0.1307,0.3882,0.1307,0.1307,0.084,0.1307,0.1307,0.1307,0.1307,0.1307,0.1307,0.1271,0.245,0.1307,0.1307,0.1262,0.1179,0.1307,0.1307,0.1307,0.1307,0.1307,0.1307,0.1307,0.1307,0.1255,0.3586,0.1307,0.1307,0.1307,0.129,0.1307,0.1307,0.1307,0.3064,0.1509,0.1307,0.1307,0.378,0.1307,0.1307,0.4302,0.146,1.148,0.1307,0.1307,0.1072,1.589,0.1307,0.1307,0.1307,0.1307,0.1307,0.1307,0.1307,0.1307,0.1234,0.1307,0.1307,0.1307,0.1307,0.1307,0.0766,0.1307,0.1307,0.1307,0.1307,0.1307,0.1307,0.1307,0.1516,0.1307,0.3499,0.1307,0.3682,0.09656,0.3125,0.1307,0.8022,0.1307,0.1307,0.4219,0.1307,0.4595,0.2485,0.1307,0.11554,0.1307,0.1307,0.1307,0.1307,0.1307,0.11395,0.12256,0.1307,0.1307,0.1307,0.4502,0.1307,0.1307,0.1307,0.1307,0.1307,0.1307,0.119,0.1307,0.1307,0.772,0.1307,0.1307,0.9697,0.1307,0.1307,0.1202,0.1307,0.1307,0.1307,0.6704,0.1307,0.1307,0.1307,0.1307,0.1307,0.1307,0.732,0.1307,0.1307,0.1307,0.2952,0.1307,0.1307,0.2094,0.1307,0.1603,0.1307,0.51,0.1307,0.053,0.1307,0.1307,0.1307,0.1307,0.1307,0.1307,0.1307,0.1307,0.116,0.1307,0.1307,0.347,0.1307,0.1307,0.1307,0.1307,0.1307,0.1307,0.1289,0.1307,0.3147,0.5815,0.1307,0.1307,0.1307,0.1307,0.0972,0.4756,0.1307,0.1307,0.1307,0.2737,0.1307,0.1307,0.5635,0.1295,0.1307,0.1307,0.1307,0.1307,0.1307,0.981,0.1702,1.453,0.1307,0.1307,0.1307,0.1307,0.1307,0.1307,0.2703,0.11176,0.1307,0.684,0.323,0.3855,0.1307,0.8896,0.1307,0.1307,0.1307,0.1652,0.1307,0.10284,0.1307,0.1307,1.613,0.1307,0.1307,0.1307,0.1307,0.1307,0.1307,0.2764,0.1307,1.354,0.1307,0.7056,0.11847,0.396,0.1307,0.1307,0.1307,0.1307,0.1307,0.1307,0.5366,0.1307,0.1307,0.1307,0.1307,0.0991,0.1307,0.13,1.133,0.432,0.3125,0.1307,0.2345,0.1307,0.1307,0.1307,0.2208,0.1307,0.1307,0.1307,0.1307,0.1307,0.1307,0.1307,0.0773,0.1307,0.4558,0.1307,0.1307,0.1307,0.1307,0.1307,0.1963,0.1307,0.1307,0.1307,0.1307,0.1307,0.1307,0.698,0.1307,0.7534,0.2231,0.1307,0.1307,0.1307,0.0748,0.912,0.09875,0.5737,0.1307,0.08234,0.1307,0.1307,0.1307,0.1307,0.1307,0.1307,0.1307,0.1307,0.1307,0.07544,0.1307,0.2935,0.1307,0.1307,0.1307,0.1307,0.1307,0.1307,0.1307,0.1307,0.1307,0.1307,0.1929,0.225,0.1307,0.4016,0.352,0.1307,0.1307,0.1307,0.1307,0.1307,0.07947,0.1235,0.1307,0.266,0.1307,0.1307,0.1307,0.335,0.07166,0.1307,0.4106,0.1307,0.1307,0.1183,0.1307,0.10693,0.1307,0.1307,0.1307,0.1307,0.1307,0.1307,0.1307,0.1427,0.764,0.2054,0.106,0.1307,0.911,0.1307,0.1307,0.4626,0.1307,0.1307,0.184,0.2734,0.1307,0.1307,0.1307,0.1307,0.1307,0.1307,0.1307,0.1307,0.1307,0.1307,0.1307,0.657,0.1575,0.1051,0.1307,0.1307,0.07587,0.6255,0.1307,0.1307,0.1307,0.1307,0.1307,0.1307,0.1307,0.1307,0.1307,0.73,0.1307,0.1875,0.1307,0.1048,0.1307,0.1307,0.1307,2.4,0.1307,0.1307,0.1307,1.434,0.5244,0.1307,0.1307,0.422,0.1307,0.09674,0.1307,0.0863,0.2028,0.556,0.1307,0.1307,0.1307,0.1307,0.1307,0.1307,0.1307,0.2039,0.1307,0.1307,0.1307,0.7407,0.1307,0.1307,0.1307,1.358,0.1307,0.1403,0.0844,0.1307,0.1307,1.436,0.1307,0.0888,0.3447,0.1307,0.1307,0.1307,0.1307,0.1339,0.1307,0.1307,0.12036,0.07275,0.1307,0.1307,0.1307,0.1307,0.1307,0.1165,0.1307,0.1307,0.1307,0.1307,0.1307,0.1401,0.1307,0.1307,0.1307,0.1307,0.11224,0.1307,0.1265,0.1307,0.07477,0.1271,0.1307,0.1307,0.12134,0.1307,0.1307,0.3792,0.1686,0.1307,0.6274,0.1307,0.1307,0.7676,0.1307,0.582,0.1508,0.10455,0.1307,0.1307,0.565,0.1307,0.1307,0.1307,0.1307,0.1307,0.0687,0.1307,0.1114,0.1307,0.1307,0.1307,0.1307,0.1307,0.1307,0.1307,0.3613,0.3103,0.1307,0.1307,0.1307,0.1307,0.1307,0.1307,0.1183,0.1277,0.1307,0.1307,0.1307,0.4404,0.1307,0.1208,0.0824,0.1307,0.1307,0.1307,0.329,0.1307,0.1307,0.04965,0.1307,0.1307,0.1315,0.1307,1.656,0.1307,0.1307,0.6797,0.1307,0.7285,0.1816,0.875,0.1307,0.1307,0.1307,0.1307,0.1307,0.1307,0.1307,0.1307,0.1307,0.1307,0.1307,0.1307,0.1307,0.1307,0.1307,0.5864,1.685,0.1307,0.1307,0.1307,1.329,0.2258,0.274,0.3335,0.1255,0.1307,0.1307,0.1307,0.1307,0.1829,0.1307,0.1307,0.1307,0.8223,0.1307,0.1307,0.1307,0.1294,0.1307,0.1307,0.1307,0.1307,0.1307,0.1271,0.1307,0.1307,0.2284,0.1307,0.1307,0.1307,0.1307,0.0705,0.1307,0.1307,0.1307,0.7744,0.1307,0.1307,0.1307,0.1307,0.1709,0.1307,0.1307,0.1223,0.1307,0.1307,0.1307,0.1307,0.1307,0.1307,0.1307,0.792,0.813,0.1307,0.1307,0.1307,0.1307,1.081,1.646,0.1307,0.1307,0.1307,0.1307,0.11945,0.1244,0.1307,0.1307,0.1307,0.1307,0.1307,0.1307,0.143,0.325,0.1307,0.1307,0.1307,0.1249,0.1307,0.1307,1.023,0.1307,0.1307,0.1307,0.1307,0.1307,0.1307,0.1307,0.1307,0.1307,0.1307,0.86,0.125,0.1307,0.1307,0.11847,0.1307,0.1307,0.1307,0.1307,0.5225,0.1307,0.1307,0.1307,0.1307,0.1288,0.1307,0.4224,0.1307,0.1307,0.1307,0.3108,0.10626,0.1307,0.1307,0.4197,0.1307,0.1307,0.1307,0.1307,0.1307,0.1307,0.1307,0.382,0.1307,0.2123,0.1752,0.6416,0.1307,0.1307,0.1307,0.1307,0.1307,0.9575,0.2137,0.1307,0.1157,0.1307,0.1307,0.1307,0.1307,0.1307,0.536,0.1307,0.2438,0.1307,1.197,0.1307,0.2766,0.1307,0.11957,0.1307,0.654,0.2094,0.1307,0.1307,0.1307,0.2277,0.1307,0.1307,0.209,0.1307,0.1307,0.1307,0.1283,0.1307,0.1307,0.1307,0.1307,0.861,0.1307,0.124,0.1307,0.137,0.09314,0.1307,0.1307,0.1307,0.11847,0.1307,0.1307,0.1531,0.1307,0.1307,0.1307,0.1307,0.1307,0.1307,0.1307,1.398,0.1307,0.1307,0.0896,0.1307,0.1307,0.1307,0.1307,0.1307,0.1307,0.9985,0.1274,0.1307,0.1307,0.1307,0.1307,0.1307,0.1307,0.1307,0.1307,0.1307,0.12415,0.3088,0.1307,0.1296,0.1307,0.1307,0.1307,0.1307,0.1307,0.1307,0.428,0.1307,0.1307,0.1307,0.1307,0.1307,0.2083,0.1307,0.4377,0.1307,0.1307,0.1307,0.1307,0.1307,0.1307,0.5215,0.1307,0.1307,0.1307,0.1261,0.2219,0.1307,0.1307,0.1104,0.259,0.1307,0.1307,0.7827,0.1307,0.1307,0.05206,0.1307,0.1307,0.1307,0.1307,0.1307,0.1307,0.1307,0.1307,0.1307,0.1225,0.1809,0.1307,0.1307,0.1598,0.1307,0.1307,0.1307,0.1307,0.1307,0.123,0.1307,0.1307,0.1307,0.378,0.2456,0.1307,0.12317,0.1307,0.08923,0.4966,0.1307,0.0976,0.11884,0.1307,0.1307,0.1307,0.0809,0.1307,0.1307,0.1307,0.1307,0.1307,0.1307,0.1307,0.1307,0.1307,0.1202,0.4248,0.1307,0.1307,0.081,0.1307,2.37,0.1307,0.1307,0.1307,0.2651,0.1307,0.1307,0.1115,0.1307,0.395,0.1307,0.07666,0.1307,0.1307,0.1792,0.10815,0.1307,0.1307,0.1307,0.808,0.11365,0.0893,0.1307,0.1307,0.1307,0.1307,0.10236,1.6045,0.1307,0.1307,0.1307,0.7114,0.1307,0.9717,0.1307,0.1307,0.08044,0.1307,0.1307,0.1307,0.08655,0.07776,0.0436,0.1305,0.357,0.1307,0.1298,0.1307,0.1307,0.1307,0.1307,0.1307,0.1613,0.1307,0.1307,0.1307,0.1307,0.1307,0.1421,0.1307,0.1307,0.1307,0.779,0.1307,0.1307,0.1307,0.1307,0.11847,0.1407,0.0859,0.1307,0.1307,0.1307,0.09766,0.1307,0.1307,0.1307,1.095,0.1307,0.1307,0.1307,0.1251,0.4187,0.1193,0.1307,0.1307,0.3333,0.1307,0.1307,2.027,0.1307,0.0892,0.1307,0.1307,0.1307,0.1307,0.1307,0.1307,0.1307,0.0957,0.1307,0.1307,0.1307,0.1307,0.1307,0.1307,0.1307,0.12006,0.2263,0.1307,0.7827,0.1307,0.1307,0.1262,0.1307,0.1307,0.1307,0.4146,0.1307,0.3567,0.1307,0.1307,0.05402,0.1282,0.8994,0.0838,0.1307,0.1307,0.1307,0.1307,0.1307,0.1298,0.1307,0.3735,0.1307,0.1307,0.0831,0.1307,0.1307,0.1307,0.1307,0.2783,0.1307,0.1307,0.1307,0.4836,0.6787,0.12177,0.1307,0.1307,0.1307,0.1307,0.1307,1.238,0.2712,0.1307,0.1307,0.1307,0.1307,0.1307,0.1307,0.411,0.1307,0.1307,0.1307,0.1307,0.1307,0.1307,0.1307,0.2966,0.1307,0.1307,0.3376,0.1307,0.1307,0.1307,0.1307,0.1307,0.1307,0.1307,0.1307,0.1307,0.1307,0.1307,0.1511,0.1307,0.1307,0.1283,0.0567,0.1307,0.1307,0.53,0.522,0.861,0.1307,0.2468,0.0926,0.1307,0.1307,0.1307,0.4246,0.1307,0.1307,0.1307,0.1307,0.1307,0.1307,0.1307,1.261,0.259,0.1307,0.1307,0.1307,0.1307,0.1307,0.1307,0.3384,0.444,0.1307,0.1307,0.1307,0.1307,0.1307,0.1307,0.09814,0.1307,0.1307,0.8784,0.1307,0.1307,1.124,0.9863,0.1307,0.1307,0.1307,0.2769,0.1307,0.1307,0.1307,0.1307,0.1267,1.116,0.10486,0.5845,0.1307,0.1037,0.1307,0.1307,0.1307,0.1307,0.1307,0.1307,0.1307,0.1307,0.1687,0.1307,0.1307,0.6567,0.1307,0.1632,0.1307,0.1307,0.1307,0.1307,0.1109,0.1307,0.1307,0.1307,0.1307,0.1307,0.1307,0.1307,0.1307,0.1307,0.1307,0.1307,0.1307,0.1307,0.206,0.1307,0.08856,0.888,0.1307,0.1307,0.1109,0.1307,0.06836,0.1307,0.1307,0.09705,0.1307,0.1307,0.1307,0.1517,0.1307,0.1307,0.1307,0.1307,0.1307,0.1307,0.1307,0.1307,0.1307,0.1307,0.1307,0.2598,1.065,0.1307,0.1307,0.1307,0.1686,0.4565,0.1307,0.3218,0.11975,0.1307,0.1307,0.1307,0.1307,0.09686,0.1417,0.1307,0.1307,0.1307,0.1307,0.3535,0.1299,0.1307,0.1263,0.3682,0.1307,0.1307,0.1307,0.1307,0.1307,0.094,0.1307,0.1307,0.1307,0.09735,0.1307,0.1307,0.1307,0.1307,0.1307,0.1307,0.0787,0.1307,0.266,0.2607,0.1307,0.1307,0.1307,0.1307,0.1307,0.1307,0.1307,0.1307,0.1307,0.1307,0.1307,0.1307,0.1307,0.272,0.1307,0.1307,0.1307,0.1307,0.0995,0.1307,0.1307,0.1307,0.1307,0.1004,0.1307,0.1307,0.1307,0.1307,0.1307,0.1307,0.1307,0.6284,0.1307,0.0764,0.1307,0.1307,0.2097,0.0928,0.1307,0.1307,0.0923,0.1307,0.1307,0.1307,0.1307,0.1307,0.1307,0.2408,0.1307,0.1307,0.1307,1.5205,0.1134,0.6025,0.141,0.1307,0.1746,0.1307,0.1307,0.4011,0.1307,0.1307,0.1307,0.1307,0.10187,0.1307,0.639,0.1307,0.11206,0.8975,0.04407,0.1307,0.222,0.1307,0.2732,0.1307,0.0678,0.1307,0.1307,0.1307,0.2401,0.2327,0.4812,0.1307,0.1307,0.0824,0.1307,0.1018,0.128,0.1307,0.1307,0.1307,0.517,0.1307,0.1135,0.3967,0.1106,0.1307,0.1307,0.1307,0.1307,0.1307,0.1307,0.1307,0.2108,0.1307,0.1113,1.233,0.1111,0.1307,0.1307,0.1307,0.1307,0.2332,0.1307,0.1307,0.109,0.1307,0.1307,0.12274,0.1307,0.1307,0.1307,0.1307,0.1307,0.1307,0.1307,0.1307,0.1307,0.1187,0.1307,0.1307,0.1307,0.1307,0.1307,0.1087,0.12415,0.1307,0.1307,0.1307,0.1946,0.1307,0.1307,0.1307,1.332,0.1307,0.523,0.1307,0.1307,0.1307,0.1307,0.1307,0.4763,0.1307,0.1307,0.1307,0.1307,0.1307,0.1026,0.1307,0.1191,0.1307,0.1307,0.1307,0.1307,0.2152,0.1096,0.1307,0.10333,0.11035,0.1307,0.1307,0.2766,0.1307,0.1307,0.1307,0.7036,0.1307,0.1307,0.1307,0.09753,0.1307,0.3103,1.507,0.1307,0.1307,0.1307,0.1307,0.1307,0.1307,0.08203,0.7915,0.1307,0.1307,0.6064,0.1307,0.1307,0.1278,0.1992,0.1307,0.1154,0.1307,0.1307,0.2866,0.0866,0.11914,0.1025,0.1315,0.1307,0.1307,0.1307,0.5728,0.1307,0.0859,0.1307,0.1307,0.1307,0.4712,0.319,0.1307,0.1307,0.6245,0.1307,0.8877,0.9043,0.1307,0.1307,0.1307,0.1307,0.1307,0.477,0.1371,0.1307,0.1307,0.1307,0.2632,0.1307,0.1307,0.1201,0.2852,0.07367,0.9116,1.334,0.1292,0.1307,0.1307,0.3364,0.1307,0.1307,0.1307,1.103,0.1307,0.1307,0.1307,0.5396,0.1307,0.1307,0.1307,0.1307,0.1307,0.2172,0.1307,0.1307,0.446,0.1307,0.1307,0.1307,0.1307,0.1307,0.1307,0.1113,0.1307,0.1307,0.1307,0.1307,0.261,0.2418,0.1307,1.258,0.1307,0.8706,0.0901,0.1307,0.1307,0.1307,0.1307,0.1307,0.1307,0.1307,0.1307,0.5874,0.1901,0.1307,0.1223,1.096,0.125,0.1307,0.1307,0.1307,0.1307,0.1307,0.623,0.1307,0.455,0.1307,0.1307,0.4375,1.133,0.1307,0.1307,0.11194,0.1307,0.349,0.7036,0.1307,0.1307,0.1307,0.1307,0.1307,0.1307,0.1307,0.1307,0.1307,0.1307,0.2698,0.1307,0.1307,0.1307,0.1307,0.0939,0.1307,0.3062,0.1307,0.1262,0.1261,0.1307,0.0961,0.1307,0.1307,0.6636,0.1307,0.1307,0.1307,0.1307,0.784,0.1307,0.1256,0.1307,0.1307,0.1293,0.1287,0.0839,0.1307,0.1307,0.1307,0.1307,0.09,0.8926,0.6426,0.1849,0.1307,0.1307,0.0786,0.1307,1.771,0.1307,0.1307,0.284,0.0937,0.1203,0.3826,0.1307,0.3433,0.1307,0.0702,0.1307,0.1307,0.11115,0.1307,0.1307,0.1307,0.1307,0.10004,0.6924,0.1307,0.1307,0.1307,0.1307,0.693,0.1307,0.1307,0.1307,0.1307,0.1307,0.1307,1.267,0.1307,0.4102,0.1307,0.1307,0.1307,0.2888,0.1307,0.1307,0.1307,0.1307,0.1307,0.1307,0.1307,0.1232,0.1307,0.1307,0.1307,0.1307,0.1307,0.1307,0.1307,0.1307,0.1307,0.1307,0.1307,0.1307,0.1307,0.09937,0.1307,0.1307,0.1307,0.1307,0.2686,0.1307,0.1896,0.1307,0.1307,0.3123,0.1307,0.1307,0.7305,0.1257,0.0988,0.12134,0.1307,0.0709,0.612,0.1307,0.1307,0.69,0.1307,0.09247,0.7075,0.1307,0.607,0.1307,0.1307,0.11224,0.1307,0.2886,0.1946,0.1307,0.1307,0.1307,0.1307,0.1307,0.1307,0.1307,0.1307,0.1307,0.1307,0.1307,0.1307,0.1307,0.1307,0.1307,0.1307,0.1307,0.1307,0.2499,0.1307,0.1307,0.11017,0.12244,0.1307,0.1307,0.1307,0.1307,0.1302,0.1307,0.1307,0.1307,0.1307,0.1307,0.1307,0.1307,0.1307,0.5566,0.1307,0.1307,0.0881,0.1307,0.711,0.1307,0.1307,0.1307,0.1223,0.1307,0.1307,0.11456,0.1307,0.1307,0.1307,0.1307,0.1307,0.1307,0.1941,0.6963,0.1307,0.1307,0.1307,0.11774,0.1307,0.1307,0.1307,0.1307,0.1307,0.1307,0.1307,0.1307,0.1307,0.1307,0.1307,0.1307,0.1307,0.1307,0.1307,0.1307,0.1307,0.4148,0.1307,0.5586,0.1307,0.0852,0.1307,0.1307,0.6055,0.1307,0.1307,0.1285,0.1307,0.1307,0.1307,0.1307,0.1307,0.1307,0.1307,0.09265,0.1307,0.1647,0.1307,0.263,0.1307,0.1307,0.1307,0.1307,0.1307,0.1307,0.0951,0.1512,0.1307,0.1307,0.1069,0.1307,0.1307,0.1307,0.1307,0.5786,0.0757,0.3472,0.1307,0.1307,0.1307,0.1307,0.1307,0.1307,0.0871,0.1307,0.1307,0.2449,0.1307,0.1307,0.1307,0.1307,0.1307,0.1307,0.1307,0.1307,0.1307,1.399,0.1307,0.1307,0.1307,0.1307,0.1307,0.1307,0.1307,0.1307,0.1307,0.1307,0.1324,0.1307,0.1307,0.1307,0.1307,0.1307,0.1307,0.1307,0.1165,0.2603,0.4702,0.1307,0.2825,0.1307,0.1307,0.1307,0.1307,0.1307,0.3667,0.1307,0.613,0.1307,0.1307,0.1307,0.1307,0.1307,0.8896,0.1307,0.5728,0.1307,0.1075,0.1307,0.1307,0.1902,0.1307,0.1307,0.1307,0.1223,0.1307,0.1307,0.1307,0.1307,0.1307,0.1307,0.1307,0.5005,0.1307,0.1307,0.2332,1.648,0.3938,0.1307,0.1307,0.1272,0.04663,0.1307,0.1307,0.1307,0.5903,0.1307,0.137,0.06223,0.1307,0.1039,0.1357,0.1307,0.1307,0.1307,0.1307,0.1307,0.1307,0.1307,0.1307,0.1307,0.1576,0.1307,0.1351,0.432,0.1307,0.1307,0.1307,0.10706,0.1307,0.534,0.1307,0.1307,0.1307,0.1312,0.1307,0.1307,0.1307,0.1307,0.1307,0.1307,0.1307,0.1307,0.1307,0.1307,0.1307,0.1307,0.1307,0.1307,0.1307,0.1307,0.1307,0.1307,0.1307,0.4966,0.1307,0.0992,0.1307,0.9136,0.1307,0.1307,0.1307,0.1307,0.1307,0.08704,0.1307,0.1307,0.1307,0.1307,0.1307,0.4736,0.1307,0.1307,0.444,0.1307,0.1307,0.1307,0.1261,0.1307,0.1393,0.1307,0.1307,0.11847,0.1307,0.09595,0.1307,0.2324,0.6455,0.1693,0.1307,0.1307,0.1307,0.1307,0.1307,0.816,0.10345,0.1307,0.1556,0.1307,0.1307,0.1307,0.3323,0.1307,1.026,0.296,0.1307,0.3054,0.07025,0.1307,0.1307,0.1307,0.1307,0.2279,0.1307,0.1307,0.1307,0.1307,0.1307,0.1307,0.1307,0.1307,0.1307,0.1307,0.1307,0.1307,0.1307,0.893,0.1307,0.1307,0.1307,0.1307,0.1307,0.1307,0.1307,0.1307,0.1307,0.5327,0.1307,0.1307,0.1307,0.1307,0.1307,0.1307,0.1307,0.2996,0.1298,0.1065,0.1458,0.1075,0.1307,0.1307,0.1307,0.1307,0.1642,0.1307,0.1307,0.11566,0.1307,0.1307,0.1307,0.1307,0.1307,0.291,0.1307,0.1307,0.9136,0.1307,0.1307,0.11084,0.5366,0.1307,0.1307,0.1307,0.1262,0.10846,0.12103,0.1222,0.1307,0.1307,0.4375,0.1307,0.11914,0.1307,0.1307,0.1307,0.1307,0.1307,0.2233,0.1307,0.1307,0.1307,0.1307,0.1307,0.1307,0.1307,0.1307,0.1307,0.1307,0.1307,0.0669,0.1307,0.1307,0.1307,0.1307,0.1307,0.08215,0.1307,0.1307,0.1307,0.1307,0.1307,0.1307,0.1307,0.1307,0.1307,0.1307,0.1307,0.1307,0.1307,0.1437,0.6074,0.4375,0.3118,0.1307,0.676,0.1307,0.11743,0.1307,0.1307,0.1307,0.1307,0.1307,0.1307,0.1307,0.7393,0.1307,0.1307,0.1307,0.1247,0.1307,0.1307,0.1307,0.11835,0.1307,0.564,0.1307,0.1307,0.1307,0.1307,0.1307,0.1517,0.1307,0.1307,0.1307,0.1296,0.329,0.1307,0.1307,0.3464,0.1307,0.1307,0.1307,0.1307,0.1307,0.1307,0.1307,0.1256,0.1307,0.1307,0.1307,0.1307,0.107,0.11993,0.1307,0.1307,1.112,0.0947,0.1307,0.6685,0.1307,0.1307,0.1307,0.1307,0.1307,0.4104,0.1307,0.1307,0.1036,0.1307,0.1307,0.2395,0.0678,0.7876,0.1307,0.1307,0.4182,0.1307,0.1307,0.1307,0.1307,2.115,0.0908,0.1307,0.1307,0.1307,0.1282,0.271,0.3403,0.1307,0.1307,0.1307,0.1307,0.1307,0.1307,0.1307,0.1307,0.1307,0.1307,0.1307,0.1307,0.1307,0.1155,0.0678,0.1307,0.3672,0.1307,0.1307,0.1307,0.1307,0.1307,0.1307,0.1307,0.1307,0.1218,0.1307,0.1307,1.169,0.1307,0.1307,0.1307,0.1168,0.1307,0.1307,0.1307,0.1307,0.1133,0.1307,0.1307,0.1307,0.1307,0.1307,0.1307,0.1307,0.21,0.1307,0.1307,0.1307,0.1307,0.1307,0.1307,0.1307,0.1307,0.1307,0.1307,0.1307,0.1307,0.0894,0.1307,0.1307,0.1307,0.1307,0.1307,0.1307,0.1307,0.1307,0.1307,0.1307,0.1307,0.1307,0.1307,0.1307,0.1318,0.1307,0.1309,0.1307,0.1307,0.1304,0.1307,0.1307,0.1307,0.092,0.1307,0.1307,0.5293,0.1307,0.5967,0.4583,0.1307,0.1307,0.1307,0.1307,0.1307,0.1307,0.406,0.1307,0.1307,0.1307,0.1307,0.1307,0.1251,1.333,0.1307,0.1307,0.1307,0.0693,0.3362,0.1307,0.1307,0.1307,0.1307,1.556,0.1307,0.1307,0.1307,0.1307,0.349,0.1307,0.1307,0.1307,0.0923,0.1825,0.1307,0.1307,0.2274,0.1307,0.1307,0.1307,0.122,0.1307,0.1307,0.1307,0.1307,0.10095,0.1307,0.1307,0.7207,0.1265,0.1307,0.1307,0.1307,0.8784,0.1307,0.1307,0.1307,0.1307,0.1307,0.1307,0.1315,0.1307,0.1307,0.1307,0.1307,0.1307,0.10034,0.1307,0.2018,0.1307,0.2275,1.759,0.1307,0.1307,0.1307,0.1307,0.1307,0.1307,0.1307,0.08716,0.2344,1.335,0.1307,0.1307,0.1307,0.1307,0.1283,0.1307,0.2483,0.1307,0.1222,0.1307,0.1307,0.1307,0.1307,0.4333,0.1307,0.1307,0.1307,0.1307,0.1307,0.1307,0.1307,0.1307,0.1307,0.1307,0.1307,0.1307,0.078,0.1307,0.1307,0.08,0.1307,0.1421,0.1307,0.06604,0.1307,0.1307,0.1307,0.1307,0.1307,0.1307,0.1307,0.1307,0.1307,0.1307,0.2205,0.7617,0.1307,0.2499,0.1307,0.1633,0.12085,0.3074,0.1307,0.1116,0.1307,0.1307,0.1307,0.459,0.1306,0.1307,0.3838
4,0.11163,0.11163,0.4282,0.11163,0.25,0.932,0.11163,0.11163,0.11163,0.11163,0.11163,0.11163,0.11163,0.11163,0.1929,0.11163,0.09436,0.639,0.11163,0.11163,0.11163,0.11163,0.0966,0.10614,0.11163,0.5693,0.11163,0.4055,0.1649,0.1512,0.096,0.11163,0.11163,0.11163,0.11163,0.4692,0.11163,0.11163,0.11163,0.11163,0.11163,0.11163,0.537,0.10315,0.11163,0.11163,0.0832,0.11163,0.11163,1.326,0.11163,0.11163,0.1137,0.0835,0.11163,0.3748,0.3562,0.11163,0.803,0.11163,0.876,0.11163,0.11163,0.2314,0.11163,0.11163,0.6396,0.11163,0.11163,0.11163,0.11163,0.11163,0.11163,0.11163,0.11163,1.157,0.11163,0.4976,0.11163,0.11163,0.11163,0.11163,0.11163,0.11163,0.3174,0.11163,0.11163,0.11163,0.11163,0.11163,0.11163,0.11163,0.477,0.575,0.11163,0.09644,0.11163,0.12366,0.11163,0.1221,0.11163,0.11163,0.0686,0.11163,0.11163,0.11163,0.1027,0.11163,0.3628,0.11163,0.11163,0.11163,0.10876,0.11163,0.11163,1.619,0.0833,0.105,0.11163,0.11163,0.591,0.11163,0.11163,0.11163,0.11163,0.11163,0.1073,0.11163,0.11163,0.11163,0.11163,0.11163,0.11163,0.09717,0.11163,0.11163,0.11163,0.11163,0.3694,0.11163,0.11163,0.11163,0.11163,0.4456,0.11163,0.11163,0.11163,0.11163,0.11163,0.11163,0.11163,0.11163,0.11163,0.11163,0.11163,0.11163,0.09595,1.47,0.11163,0.11163,0.11163,0.7925,0.11163,0.10315,0.11163,0.1036,0.11163,0.10126,0.11163,0.1597,0.11163,0.11163,0.11163,0.11163,0.382,0.11163,0.11163,0.8486,0.1125,0.11163,0.11163,0.11163,0.11163,0.11163,0.11163,0.3022,0.11163,1.0625,0.11163,0.11163,0.11163,0.11163,0.11163,0.10425,0.0732,0.11163,0.11163,0.11163,1.096,0.11163,0.1738,0.11163,0.11163,1.753,0.09106,0.1619,0.11163,0.11163,0.11163,0.5835,0.11163,0.1039,0.11163,0.11163,0.11163,0.3076,0.11163,0.11163,0.11163,0.11163,0.11163,1.117,0.4314,0.11163,0.11163,0.1138,0.11163,0.11163,0.11163,0.4019,0.07007,0.08026,0.0813,0.11163,0.11163,0.11163,0.09576,0.11163,0.11163,0.11163,0.1177,0.11163,0.11163,0.11163,0.11163,0.11163,0.11163,0.11163,0.11163,0.11163,0.11163,0.11163,0.11163,1.253,0.0924,0.3318,0.11163,0.11163,0.11163,0.11163,0.11163,0.11163,0.11163,0.11163,0.1099,0.1068,0.11163,0.1231,0.3494,0.11163,0.11163,0.11163,0.11163,0.11163,0.11163,0.11163,0.11163,0.11163,0.11163,0.11163,0.11163,0.11163,0.1048,0.11163,0.11163,0.11163,0.11163,0.11163,0.11163,0.08716,0.11163,0.11163,0.11163,0.3945,0.11163,0.11163,0.11163,0.11163,0.11163,0.11163,0.11163,0.08905,0.305,0.11163,0.1175,0.7695,0.11163,0.11163,0.11163,0.11163,0.2659,0.11163,0.11163,0.11163,0.3042,0.11163,0.11163,0.11163,0.11163,1.26,0.1018,0.11163,0.2473,1.904,0.11163,0.11163,0.9385,0.11163,0.11163,0.11163,0.11163,0.10693,0.11163,0.11163,0.11163,0.2769,0.607,0.11163,0.11163,0.11163,0.11163,0.2496,0.1501,1.344,0.11163,0.1984,0.11163,0.11163,0.1824,0.11163,0.11163,0.11163,0.11163,0.15,0.0959,0.1906,0.2673,0.11163,0.11163,0.09155,1.291,0.11163,0.11163,0.1113,0.11163,0.11163,0.11163,0.9097,1.031,0.1293,0.11163,0.11163,0.11163,0.11163,0.1047,0.0764,0.11163,0.11163,0.11163,0.8955,0.11163,0.11163,0.11163,1.368,0.11163,0.1021,0.1025,0.1118,0.11163,0.11163,0.11163,0.11163,0.11163,0.11163,0.11163,0.11163,0.6904,0.11163,0.1531,0.11163,1.181,0.11163,0.11163,0.11163,0.10547,0.11163,0.11163,0.09534,0.11163,0.11163,0.2766,0.724,0.11163,0.11163,0.11163,0.10126,0.2311,0.11163,0.11163,0.11163,0.11163,0.11163,0.09753,0.11163,0.11163,0.162,0.11163,0.11163,0.11163,0.11163,0.7944,0.11163,0.11163,0.11163,0.1356,0.11163,0.11163,0.11163,0.158,0.11163,0.11163,0.11163,0.11163,0.5435,0.11163,0.11163,0.2083,0.098,0.11163,0.11163,0.11163,0.11163,0.1968,0.11163,0.11163,0.11163,0.11163,0.11163,0.0994,0.11163,0.11163,0.11163,0.0976,0.11163,0.11163,0.11163,0.11163,0.11163,0.10205,0.11163,0.11163,0.11163,0.11444,0.11163,0.11163,0.1366,0.2632,0.11163,0.09955,0.11163,0.11163,0.697,0.09875,0.11163,0.11163,0.11163,0.11163,0.11163,0.1113,0.11163,0.11163,0.2788,0.11163,0.11163,0.11163,0.11163,0.11163,0.11163,0.11163,0.11163,0.11163,0.11163,0.11163,0.228,0.11163,0.11163,0.11163,0.11163,0.11163,0.11163,0.11163,0.11163,0.1776,0.11163,0.09186,0.11163,0.11163,0.11163,0.11163,0.11163,0.366,0.11163,0.11163,0.0777,0.4084,0.11163,0.11163,0.11163,0.11163,0.11163,0.11163,0.11163,0.11163,0.11163,0.11163,0.11163,0.11163,0.11163,0.1053,0.11163,0.11163,0.11163,0.11163,0.06537,0.11163,0.11163,0.11163,0.11163,0.11163,0.1049,0.11163,0.11163,0.11163,0.858,0.11163,0.2505,0.11163,0.0757,0.11163,0.11163,0.11163,0.11163,0.11163,0.11163,0.11163,0.3704,0.11163,0.11163,0.3105,0.11163,0.11163,0.11163,0.11163,0.5225,0.11163,0.11163,0.5386,0.11163,0.2218,0.11163,0.11163,0.11163,0.11163,0.11163,0.11163,0.11163,0.11163,0.11163,0.11163,0.11163,0.3677,0.11163,0.11163,0.11163,0.0938,0.11163,0.10864,0.11163,0.11163,0.11163,0.11163,0.11163,0.11163,0.11163,0.11163,0.1406,0.0961,0.11163,0.2605,0.11163,1.343,0.11163,0.11163,0.11163,0.1549,0.6865,0.11163,0.11163,0.1309,0.11163,0.11163,0.11163,0.8833,0.11035,0.448,0.3865,0.11163,0.11163,0.0629,0.10876,0.11163,0.5283,0.1355,0.11163,0.11163,0.11163,0.2803,0.1583,0.11163,0.11163,0.11163,0.11163,0.5347,0.11163,0.11163,0.11163,0.11163,0.11163,0.994,0.11163,0.11163,0.11163,0.11163,0.1019,0.11163,0.7974,0.11163,0.11163,0.11163,0.11163,0.1017,0.11163,0.1422,0.11163,0.11163,0.11163,0.11163,0.2698,0.1472,0.1766,0.11163,0.11163,0.11163,0.11163,0.1091,0.11163,0.11163,0.11163,0.255,0.11163,0.11163,0.11163,0.11163,0.11163,0.2034,0.11163,0.11163,0.3809,0.11163,0.11163,0.5996,0.11163,0.1395,0.11163,0.11163,0.11163,0.11163,0.558,0.553,0.11163,0.11163,0.11163,0.11163,0.11316,0.11163,0.11163,0.2773,0.0981,0.11163,0.1652,0.11163,0.4082,0.11163,0.11163,0.11163,0.08594,0.11163,1.746,0.2883,0.11163,0.11163,0.11163,0.636,0.11163,0.11163,0.11163,0.11163,0.11163,0.301,0.11163,0.524,0.11163,0.11163,0.1087,0.11163,0.11163,0.11163,0.0882,0.11163,0.11163,0.11163,0.11163,0.11163,0.11163,0.11163,0.10394,0.541,0.11163,0.11163,0.11163,0.11163,0.10236,0.7295,0.5806,0.11163,0.11163,0.11163,0.11163,0.11163,0.11163,0.11163,0.8574,0.11163,0.11163,0.11163,0.11163,0.11163,0.11163,1.259,0.11163,0.255,0.11163,0.8813,0.11163,0.11163,0.11163,0.1083,0.11163,0.11163,0.11163,0.11163,0.11163,0.11163,0.8096,0.11163,0.11163,0.562,0.11163,0.0823,0.4048,0.11163,0.11163,0.11163,0.11163,0.3018,0.11163,0.11163,0.1031,0.11163,0.11163,0.11163,0.11163,1.13,0.11163,0.11163,0.11163,0.11163,0.11163,0.11163,0.11163,0.11163,0.11163,0.1266,0.11163,0.11163,0.10693,0.11163,0.11163,0.11163,1.158,0.11163,0.11163,0.09973,0.11163,1.633,0.6304,0.1013,0.0994,0.11163,0.0953,0.11163,0.11163,0.11163,0.11163,1.228,0.1247,0.11163,0.11163,0.11163,0.11163,0.11163,0.11163,0.6997,0.11163,0.3884,0.11163,0.11163,0.11163,0.1599,0.11163,0.11163,0.11163,0.11163,0.11163,0.11163,0.11163,0.0946,0.11163,0.11163,0.11163,0.4006,0.11163,0.11163,0.11163,0.11163,0.07117,0.11163,0.09766,0.11163,0.11163,0.11163,0.11163,0.11163,0.11163,0.11163,0.11163,0.11163,0.11163,0.11163,0.11163,0.11163,0.11163,0.11163,0.8193,0.1829,0.3247,0.11163,0.12244,0.11163,0.11163,0.08325,0.11163,0.11163,0.5273,0.11163,0.11163,0.11163,0.709,0.11163,0.11163,0.1434,0.11163,0.433,0.11163,0.11163,0.11163,0.11163,0.11163,0.09436,0.11163,0.11163,0.6807,0.3203,0.09216,0.11163,0.11163,0.11163,0.11163,0.11163,0.11163,0.11163,0.11163,0.11163,0.11163,0.2783,0.11163,0.11163,0.11163,0.11163,0.2329,0.11163,0.11163,0.11163,0.1827,0.11163,0.11163,0.354,0.11163,0.1064,0.11163,0.11163,0.598,0.11163,0.04883,0.1349,0.0895,0.11163,0.09784,0.11163,0.11163,0.11163,0.1786,0.11163,0.09424,0.11163,0.11163,0.11163,0.11163,0.11163,0.2117,0.11163,0.2018,0.4304,0.11163,0.11163,1.027,0.11163,0.11115,0.11163,0.11163,0.11163,0.11163,0.11163,0.11163,0.11163,0.11163,0.10034,0.11163,0.11163,0.11163,0.11163,0.11163,0.11163,0.10986,1.022,0.877,0.11163,0.0685,0.11163,0.11163,0.11163,0.10284,0.11163,0.11163,0.11163,0.11163,0.11163,0.11163,0.2666,0.11163,0.11163,0.11163,0.09393,0.11163,0.11945,0.11163,0.11163,0.2512,0.11163,0.0849,0.11163,0.11163,0.11163,0.11163,0.11163,0.11163,0.11163,0.11163,0.11163,0.11163,0.11163,0.7783,0.11163,0.11163,0.09424,1.021,0.11163,0.543,0.11163,0.11633,0.11163,0.11163,1.191,0.11163,0.11163,0.795,0.11163,0.1945,0.11163,0.819,0.8374,0.11163,0.11163,0.11163,0.11163,0.11163,0.09625,0.11163,0.11163,0.11163,0.11163,0.11163,0.11163,0.11163,0.0697,0.11163,0.638,0.11163,0.4675,0.11163,0.11163,0.11163,0.11163,0.11163,0.11163,0.11163,0.561,0.11163,0.11163,0.11163,0.11163,0.11163,0.11163,0.11163,0.0959,0.11163,0.08685,0.11163,0.11163,0.11163,0.11163,0.11163,0.11163,0.31,0.314,0.11163,0.11163,0.1454,0.10144,0.11163,0.11163,0.11163,0.1357,0.1371,0.11163,0.11163,0.11163,0.1067,0.11163,0.11163,0.11163,0.11163,0.11163,0.9556,0.1497,0.11163,0.11163,0.11163,1.651,0.11163,0.11163,0.3743,0.11163,0.11163,0.3809,0.11163,0.11163,2.385,0.11163,0.11163,0.11163,0.1035,0.11163,0.11163,0.11163,0.11163,0.11163,0.11163,0.11163,0.159,0.11163,0.11163,0.11163,0.11163,0.11163,0.11163,0.11163,0.11163,0.11163,0.3208,0.11163,0.11163,0.11163,0.1273,0.11163,0.11163,0.11163,0.11163,0.11163,0.11163,0.11163,0.11163,0.11163,0.11163,0.11163,0.11163,0.3884,0.11163,0.11163,0.11163,0.11163,0.08575,0.3328,0.10785,0.2456,0.11163,0.11163,0.11163,1.15,0.1831,0.0945,0.11163,0.7275,0.11163,0.11163,0.1098,0.1008,0.11163,0.769,0.11163,0.2393,0.11163,0.11163,0.11163,0.11163,0.11163,0.11163,0.11163,0.11163,0.1548,0.11163,0.2283,0.327,0.2455,0.876,0.11163,0.11163,0.11163,0.11163,0.11163,0.11163,0.11163,0.11163,0.11163,0.11163,0.094,0.11163,0.092,0.11163,0.09576,0.11163,0.11163,0.07245,0.1537,0.11163,0.11163,0.11163,0.11163,0.11163,0.5996,0.4329,0.11163,0.11163,0.11163,0.3232,0.113,0.11163,0.11163,0.3904,0.10156,0.11163,0.11163,0.10474,0.11163,0.11163,0.11163,0.11163,0.11163,0.11163,0.11163,0.11163,0.11163,0.11163,0.1068,0.11163,0.11163,0.11163,0.11163,0.11163,0.11163,0.11163,0.11163,0.11163,0.11316,0.11163,0.11163,0.11163,0.11163,0.11163,0.1317,0.11163,0.6006,0.269,0.11163,0.11163,0.11163,0.11163,0.11163,0.11163,0.175,0.11163,0.11163,0.11163,0.11163,0.1716,0.4421,0.11163,0.11163,0.09827,0.11163,0.11163,0.11163,0.1724,0.11163,0.11163,0.11163,0.11163,0.11163,0.11163,0.11163,0.1718,0.6484,0.0999,0.11163,0.11163,0.11163,0.11163,0.11163,0.11163,0.11163,0.11163,0.7715,0.269,0.11163,0.11163,0.3713,0.11163,0.11163,0.11163,0.11163,0.11163,0.275,0.11163,0.11163,0.11163,0.11163,0.1055,0.1095,0.11163,0.11163,0.11163,0.11163,0.1097,0.09894,0.11163,0.11163,0.2301,0.11163,0.11163,0.1001,0.11163,0.1017,0.929,0.11163,0.11163,0.11163,0.1076,0.11163,0.11163,0.11163,0.687,0.11163,0.10846,0.11163,0.11163,0.11163,0.912,0.11163,0.11163,0.11163,0.11163,0.0874,0.269,0.11163,0.11163,0.11163,0.1017,0.11163,0.11163,0.11163,0.11163,0.11163,0.11163,0.11163,0.11163,0.11163,0.5425,0.11163,0.4126,0.11163,0.11163,0.11163,0.11163,0.11163,0.11163,0.11163,0.11163,0.11163,0.11163,0.11163,0.139,0.11163,0.11163,0.0864,0.11163,0.1008,0.1036,0.11163,0.11163,0.11163,0.11163,2.027,0.11163,0.11163,0.11163,0.1948,0.11163,0.11163,0.582,0.11163,0.11163,0.11163,0.11163,0.11163,0.11163,0.11163,0.11163,0.11163,0.11163,0.1481,0.11163,0.1642,0.11163,1.143,0.11163,0.11163,0.11163,0.11163,0.108,0.1089,0.0886,0.2788,0.11163,1.131,0.11163,0.11163,0.11163,0.11163,0.1179,0.11163,0.11163,0.11163,0.1455,1.719,0.11163,0.11163,0.11163,0.11163,0.11163,0.11163,0.11163,0.11163,0.11163,0.11163,0.2112,0.11066,0.11163,0.11163,0.11163,0.11163,0.11163,0.11163,0.11163,0.716,0.11163,0.11163,0.11163,0.11163,0.11163,0.732,0.09265,0.11163,0.11163,0.11163,0.0852,0.11163,0.11163,0.11163,0.11163,0.478,0.08246,0.11163,0.11163,0.11163,0.1398,0.11163,0.11163,0.11163,0.8706,0.11163,0.11163,0.11163,0.1005,0.11163,0.11163,0.11163,0.2048,0.1043,0.11163,0.11163,0.636,0.11163,0.11163,0.1455,0.425,0.09326,0.11163,0.698,0.11163,0.11163,0.781,0.11163,0.11163,0.11163,0.11163,0.11163,1.42,0.345,0.5425,0.11163,0.11163,0.11163,0.11163,0.1043,0.11163,0.11163,0.11163,0.11163,0.11163,0.11163,0.11163,0.11163,0.11163,0.11163,1.633,0.605,0.11163,0.11163,0.8374,0.11163,0.0737,0.11163,0.11163,0.106,0.11163,0.853,0.11163,0.11163,0.1034,0.11163,0.11163,0.2372,0.125,0.11163,0.98,0.11163,0.1203,0.11163,0.11163,0.11163,0.11163,0.11163,0.11163,0.11163,0.11163,0.1028,0.11163,0.283,0.11163,0.712,0.11163,0.11163,0.102,0.11163,0.11163,0.11163,0.11163,0.11163,0.11163,0.11163,0.11163,0.0902,0.11163,0.11163,0.11163,0.339,0.11163,0.10974,0.11163,0.11163,0.11163,0.11163,0.11163,0.11163,0.11163,1.876,0.11163,0.11163,0.11163,0.11163,0.11163,0.11163,0.8813,0.11163,0.11163,0.11163,0.11163,0.11163,0.11163,0.1327,0.577,0.11163,0.11163,0.11163,0.11163,0.11163,0.11163,0.11163,0.11163,0.198,0.376,0.11163,0.11163,1.586,0.11163,0.11163,0.11163,0.11163,0.11163,0.11163,0.11163,0.11163,0.11163,0.11163,0.11163,0.11163,0.11163,0.08405,2.104,0.4019,0.1062,0.11163,0.11163,0.11163,0.11163,0.11163,0.11163,0.11163,1.092,0.266,0.11163,0.11163,0.178,0.0897,0.1053,0.11163,0.11163,0.1617,0.10675,0.11163,0.1609,0.11163,0.11163,0.11163,0.11804,0.685,0.11163,0.09973,0.1262,0.0967,0.11163,0.11163,0.10675,0.11646,0.4592,0.11163,0.4917,0.3455,0.1011,0.11163,0.11163,0.11163,0.11163,0.11163,0.9062,0.11163,0.0936,0.325,0.11163,0.11163,1.196,0.11163,0.11163,0.11163,0.11163,0.11163,0.11163,0.11163,0.1221,0.11163,1.856,0.11163,0.11163,0.11163,0.4646,0.11163,0.11163,0.11163,0.11163,0.11163,0.11163,0.4678,0.3018,0.3403,0.11163,0.11163,0.2542,0.11163,0.11163,0.2476,0.11163,0.11163,0.11163,0.11163,0.11163,0.11163,0.0895,0.2932,0.11163,0.11163,0.11163,0.11163,0.11163,0.11163,0.11163,0.11163,0.11163,0.11163,0.11163,0.11163,0.11163,0.1364,0.11163,0.11163,0.11163,0.11163,0.11163,0.11163,0.11163,0.1288,0.2913,0.11163,0.11163,0.1912,0.11163,0.11163,0.4673,0.1713,1.135,0.11163,0.11163,0.1051,1.564,0.11163,0.11163,0.11163,0.11163,0.11163,0.11163,0.11163,0.11163,0.1169,0.11163,0.11163,0.11163,0.11163,0.11163,0.1329,0.11163,0.11163,0.11163,0.11163,0.11163,0.11163,0.11163,0.1274,0.1093,0.3164,0.11163,0.0901,0.0836,0.1271,0.11163,0.906,0.11163,0.11163,0.2861,0.11163,0.5166,0.4395,0.11163,0.08954,0.11163,0.11163,0.11163,0.11163,0.11163,0.11163,0.11163,0.11163,0.11163,0.11163,0.3381,0.11163,0.11163,0.11163,0.11163,0.11163,0.11163,0.1041,0.1016,0.11163,0.7617,0.11163,0.11163,0.798,0.11163,0.11163,0.2607,0.11163,0.11163,0.11163,0.2261,0.11163,0.11163,0.11163,0.11163,0.11163,0.11163,0.4485,0.11163,0.11163,0.106,0.2455,0.11163,0.11163,0.1635,0.11163,0.044,0.11163,0.6304,0.11163,0.0919,0.11163,0.11163,0.11163,0.11163,0.11163,0.11163,0.11163,0.11163,0.11163,0.11163,0.11163,0.146,0.11163,0.11163,0.11163,0.11163,0.11163,0.11163,0.09607,0.11163,0.4277,0.59,0.11163,0.11163,0.11163,0.11163,0.122,0.078,0.11163,0.11163,0.11163,0.1302,0.11163,0.11163,0.1138,0.11163,0.11163,0.11163,0.11163,0.11163,0.11163,1.345,0.4116,1.263,0.11163,0.11163,0.11163,0.11163,0.11163,0.11163,0.2637,0.11163,0.11163,0.5933,0.225,0.4287,0.11163,0.8164,0.11163,0.11163,0.11163,0.08826,0.11163,0.2384,0.11163,0.11163,1.436,0.11163,0.11163,0.11163,0.11163,0.11163,0.11163,0.1301,0.11163,1.259,0.11163,0.4412,0.09094,0.28,0.11163,0.11163,0.11163,0.11163,0.11163,0.11163,0.6377,0.11163,0.11163,0.11163,0.11163,0.11163,0.11163,0.11163,1.068,0.1135,0.1776,0.11163,0.0729,0.11163,0.11163,0.11163,0.3435,0.11163,0.11163,0.11163,0.11163,0.11163,0.11163,0.11163,0.11163,0.1104,0.3525,0.11163,0.11163,0.11163,0.11163,0.11163,0.4377,0.11163,0.0955,0.11163,0.11163,0.11163,0.11163,0.5205,0.11163,0.4065,0.1538,0.11163,0.11163,0.11163,0.10266,0.948,0.10315,0.4744,0.11163,0.1337,0.11163,0.11163,0.11163,0.11163,0.11163,0.11163,0.11163,0.11163,0.11163,0.108,0.11163,0.2456,0.11163,0.11163,0.11163,0.11163,0.11163,0.11163,0.11163,0.11163,0.11163,0.11163,0.5195,0.05957,0.11163,0.825,0.08344,0.11163,0.11163,0.11163,0.11163,0.11163,0.11163,0.1292,0.11163,0.0773,0.11163,0.11163,0.11163,0.17,0.0889,0.11163,0.3562,0.1079,0.11163,0.2551,0.11163,0.0995,0.11163,0.11163,0.11163,0.11163,0.11163,0.11163,0.11163,0.2146,0.8037,0.1356,0.2062,0.11163,1.124,0.11163,0.11163,0.2961,0.11163,0.11163,0.6484,0.2085,0.11163,0.11163,0.11163,0.11163,0.11163,0.11163,0.11163,0.11163,0.11163,0.11163,0.11163,0.622,0.4146,0.11163,0.11163,0.11163,0.132,0.656,0.11163,0.11163,0.11163,0.11163,0.11163,0.11163,0.11163,0.11163,0.11163,0.4143,0.11163,0.3425,0.11163,0.07196,0.11163,0.11163,0.11163,2.389,0.11163,0.11163,0.11163,1.269,0.4104,0.11163,0.11163,0.3818,0.11163,0.11163,0.11163,0.1168,0.11163,0.612,0.11163,0.11163,0.11163,0.11163,0.11163,0.11163,0.11163,0.2296,0.11163,0.11163,0.11163,0.788,0.11163,0.11163,0.11163,1.315,0.10504,0.1794,0.38,0.11163,0.11163,1.36,0.11163,0.11163,0.5166,0.11163,0.11163,0.11163,0.11163,0.2201,0.11163,0.11163,0.07074,0.1588,0.11163,0.11163,0.11163,0.11163,0.11163,0.11163,0.11163,0.11163,0.11163,0.11163,0.1047,0.10504,0.11163,0.11163,0.11163,0.11163,0.11163,0.11163,0.09753,0.11163,0.11584,0.11163,0.11163,0.11163,0.1042,0.11163,0.11163,0.44,0.3806,0.11163,0.6646,0.11163,0.11163,0.5767,0.11163,0.767,0.09033,0.0872,0.11163,0.11163,0.2947,0.11163,0.11163,0.11163,0.11163,0.11163,0.0935,0.11163,0.1223,0.11163,0.11163,0.11163,0.11163,0.11163,0.11163,0.11163,0.1392,0.4817,0.11163,0.11163,0.11163,0.11163,0.11163,0.11163,0.11163,0.11163,0.11163,0.11163,0.11163,0.2976,0.11163,0.11163,0.2534,0.11163,0.11163,0.11163,0.331,0.11163,0.11163,0.1322,0.11163,0.06866,0.0948,0.11163,1.467,0.11163,0.11163,0.5312,0.11163,0.547,0.07446,0.933,0.11163,0.11163,0.11163,0.11163,0.11163,0.11163,0.11163,0.11163,0.11163,0.11163,0.11163,0.11163,0.11163,0.11163,0.11163,0.568,1.692,0.11163,0.11163,0.11163,1.294,0.1637,0.3804,0.1327,0.11163,0.11163,0.11163,0.11163,0.11163,0.3938,0.11163,0.11163,0.11163,0.4448,0.11163,0.11163,0.11163,0.0869,0.11163,0.11163,0.11163,0.11163,0.11163,0.11163,0.11163,0.11163,0.1581,0.11163,0.11163,0.11163,0.11163,0.10187,0.11163,0.11163,0.11163,0.8643,0.11163,0.11163,0.11163,0.11163,0.392,0.11163,0.11163,0.11163,0.11163,0.11163,0.11163,0.11163,0.11163,0.11163,0.11163,0.663,0.9146,0.11163,0.11163,0.11163,0.11163,1.047,1.652,0.11163,0.11163,0.11163,0.11163,0.11163,0.11163,0.11163,0.11163,0.11163,0.10114,0.11163,0.11163,0.2482,0.3638,0.11163,0.11163,0.11163,0.11163,0.11163,0.11163,0.903,0.11163,0.11163,0.11163,0.11163,0.11163,0.11163,0.11163,0.11163,0.11163,0.11163,0.862,0.08716,0.11163,0.11163,0.0996,0.11163,0.11163,0.11163,0.11163,0.439,0.11163,0.11163,0.11163,0.11163,0.0965,0.11163,0.2632,0.11163,0.11163,0.11163,0.1802,0.11163,0.11163,0.11163,0.262,0.11163,0.11163,0.11163,0.11163,0.11163,0.11163,0.11163,0.3845,0.11163,0.354,0.1932,0.4666,0.11163,0.11163,0.11163,0.1054,0.11163,0.9355,0.09845,0.10864,0.11163,0.11163,0.11163,0.11163,0.11163,0.11163,0.4275,0.11163,0.3142,0.11163,1.136,0.11163,0.3345,0.11163,0.10394,0.11163,0.2705,0.07385,0.11163,0.11163,0.11163,0.4246,0.11163,0.11163,0.1353,0.11163,0.11163,0.11163,0.09344,0.11163,0.11163,0.11163,0.11163,0.899,0.11163,0.1002,0.11163,0.1043,0.10645,0.11163,0.11163,0.11163,0.1812,0.11163,0.11163,0.2404,0.11163,0.11163,0.11163,0.2612,0.11163,0.11163,0.11163,1.0625,0.11163,0.11163,0.0872,0.11163,0.11163,0.11163,0.11163,0.11163,0.11163,0.9624,0.11163,0.11163,0.11163,0.11163,0.11163,0.1073,0.11163,0.11163,0.11163,0.11163,0.11163,0.1166,0.11163,0.1066,0.11163,0.11163,0.11163,0.11163,0.11163,0.11163,0.4468,0.11163,0.11163,0.11163,0.11163,0.11163,0.333,0.11163,0.1512,0.11163,0.11163,0.11163,0.11163,0.11163,0.11163,0.2542,0.11163,0.11163,0.11163,0.11163,0.1996,0.11163,0.11163,0.1071,0.1718,0.11163,0.11163,0.9463,0.11163,0.11163,0.1775,0.11163,0.11163,0.11163,0.11163,0.11163,0.11163,0.11163,0.11163,0.11163,0.11163,0.2673,0.11163,0.11163,0.08777,0.11163,0.11163,0.11163,0.11163,0.11163,0.11115,0.11163,0.11163,0.11163,0.4714,0.19,0.11163,0.10443,0.11163,0.10114,0.662,0.11163,0.09674,0.1426,0.11163,0.11163,0.11163,0.1335,0.11163,0.11163,0.11163,0.11163,0.11163,0.11163,0.11163,0.11163,0.1018,0.1995,0.6304,0.11163,0.11163,0.1538,0.11163,2.219,0.11163,0.11163,0.11163,0.10394,0.11163,0.11163,0.0824,0.11163,0.3625,0.11163,0.247,0.11163,0.11163,0.1425,0.0846,0.11163,0.11163,0.11163,0.6313,0.11676,0.09436,0.11163,0.11163,0.11163,0.11163,0.11163,1.632,0.11163,0.11163,0.11163,0.434,0.11163,0.9688,0.11163,0.11163,0.11163,0.11163,0.11163,0.10156,0.11163,0.2998,0.08026,0.11163,0.4167,0.11163,0.11163,0.11163,0.11163,0.11163,0.11163,0.11163,0.222,0.11163,0.11163,0.11163,0.11163,0.11163,0.166,0.11163,0.11163,0.11163,0.6484,0.11163,0.11163,0.11163,0.11163,0.1002,0.283,0.178,0.11163,0.11163,0.11163,0.09064,0.11163,0.11163,0.11163,0.8496,0.11163,0.11163,0.11163,0.11163,0.5015,0.08435,0.11163,0.11163,0.08435,0.11163,0.11163,2.121,0.11163,0.11163,0.11163,0.11163,0.11163,0.11163,0.11163,0.11163,0.11163,0.1027,0.11163,0.11163,0.11163,0.11163,0.11163,0.11163,0.11163,0.10455,0.1919,0.11163,0.721,0.11163,0.11163,0.11163,0.11163,0.11163,0.11163,0.244,0.11163,0.5244,0.11163,0.11163,0.1373,0.3596,0.579,0.11163,0.11163,0.11163,0.11163,0.11163,0.1145,0.0849,0.11163,0.3855,0.11163,0.11163,0.11694,0.11163,0.11163,0.11163,0.11163,0.2563,0.11163,0.10474,0.11163,0.556,0.7715,0.11163,0.11163,0.11163,0.11163,0.11163,0.11163,0.843,0.2935,0.11163,0.11163,0.11163,0.11163,0.10693,0.11163,0.658,0.11163,0.11163,0.11163,0.11163,0.11163,0.11163,0.11163,0.11194,0.11163,0.09485,0.2373,0.1016,0.11163,0.11163,0.11163,0.11163,0.11163,0.11163,0.11163,0.11163,0.11163,0.11163,0.1017,0.11163,0.11163,0.08716,0.06946,0.11163,0.11163,0.4248,0.5327,0.629,0.11163,0.227,0.2888,0.11163,0.11163,0.11163,0.3394,0.11163,0.11163,0.11163,0.11163,0.11163,0.11163,0.11163,1.305,0.2976,0.11163,0.11163,0.11163,0.11163,0.11163,0.11163,0.1797,0.366,0.11163,0.11163,0.11163,0.11163,0.11163,0.11163,0.11163,0.11163,0.11163,0.6123,0.11163,0.11163,1.079,0.882,0.11163,0.11163,0.11163,0.1328,0.11163,0.11163,0.11163,0.11163,0.1227,1.211,0.11163,0.6533,0.11163,0.094,0.11163,0.11163,0.1108,0.11163,0.11163,0.11163,0.11163,0.11163,0.1017,0.11163,0.11163,0.711,0.11163,0.10254,0.11163,0.11163,0.11163,0.11163,0.10046,0.11163,0.11163,0.11163,0.11163,0.11163,0.11163,0.11163,0.11163,0.11163,0.11163,0.11163,0.11163,0.11163,0.365,0.11163,0.1437,0.769,0.11163,0.11163,0.156,0.11163,0.1466,0.11163,0.10016,0.09534,0.11163,0.11163,0.11163,0.2198,0.11163,0.10583,0.11163,0.11163,0.11163,0.11163,0.11163,0.11163,0.11163,0.11163,0.11163,0.1503,0.9463,0.11163,0.11163,0.11163,0.5674,0.5674,0.11163,0.1416,0.0998,0.11163,0.11163,0.11163,0.11163,0.09827,0.12384,0.11163,0.11163,0.11163,0.11163,0.5884,0.1072,0.11163,0.1285,0.2134,0.11163,0.11163,0.11163,0.11163,0.10547,0.221,0.11163,0.11163,0.11163,0.21,0.11163,0.11163,0.11163,0.11163,0.11163,0.11163,0.09216,0.11163,0.3254,0.411,0.11163,0.11163,0.11163,0.11163,0.11163,0.11163,0.11163,0.11163,0.11163,0.11163,0.11163,0.11163,0.11163,0.3333,0.11163,0.11163,0.11163,0.11163,0.1228,0.11163,0.11163,0.11163,0.11163,0.10034,0.11163,0.11163,0.11163,0.11163,0.11163,0.11163,0.11163,0.5293,0.11163,0.0835,0.11163,0.11163,0.05893,0.11163,0.11163,0.11163,0.11163,0.11163,0.11163,0.11163,0.11163,0.11163,0.11163,0.1771,0.11163,0.11163,0.11163,1.633,0.08246,0.7134,0.0786,0.11163,0.12036,0.11163,0.11163,0.4941,0.11163,0.11163,0.11163,0.11163,0.1891,0.11163,0.4492,0.11163,0.10736,0.7803,0.269,0.11163,0.3596,0.11163,0.3079,0.11163,0.1106,0.11163,0.11163,0.11163,0.0772,0.3376,0.381,0.11163,0.11163,0.09045,0.11163,0.10114,0.11163,0.11163,0.11163,0.11163,0.571,0.11163,0.10187,0.213,0.08405,0.11163,0.11163,0.11163,0.11163,0.11163,0.11163,0.11163,0.2795,0.11163,0.09564,1.057,0.1863,0.11163,0.11163,0.11163,0.11163,0.3093,0.11163,0.11163,0.10284,0.11163,0.11163,0.11145,0.11163,0.11163,0.11163,0.11163,0.11163,0.11163,0.11163,0.1095,0.11163,0.10156,0.11163,0.11163,0.11163,0.11163,0.11163,0.0929,0.10077,0.11163,0.11163,0.11163,0.0602,0.11163,0.11163,0.11163,1.002,0.11163,0.4224,0.11163,0.11163,0.11163,0.11163,0.11163,0.6855,0.11163,0.1011,0.11163,0.11163,0.11163,0.11163,0.10187,0.11163,0.11163,0.11163,0.11163,0.11163,0.2393,0.10657,0.11163,0.09106,0.1193,0.11163,0.11163,0.187,0.11163,0.11163,0.11163,0.7554,0.11163,0.11163,0.11163,0.11163,0.11163,0.096,1.25,0.11163,0.11163,0.11163,0.1068,0.11163,0.11163,0.0667,0.7524,0.11163,0.11163,0.505,0.1046,0.11163,0.11163,0.2507,0.11163,0.0961,0.11163,0.11163,0.1832,0.1078,0.10095,0.10474,0.1317,0.11163,0.11163,0.11163,0.4285,0.11163,0.10535,0.11163,0.11163,0.11163,0.1874,0.345,0.11163,0.11163,0.2026,0.11163,0.773,0.7773,0.11163,0.11163,0.11163,0.11163,0.11163,0.575,0.1704,0.1088,0.11163,0.11163,0.04532,0.11163,0.11163,0.10016,0.1626,0.1042,0.709,1.332,0.10333,0.11163,0.097,0.4678,0.11163,0.11163,0.11163,0.8877,0.11163,0.11163,0.11163,0.3403,0.11163,0.11163,0.11163,0.11163,0.11163,0.2986,0.11163,0.11163,0.544,0.11163,0.11163,0.10455,0.11163,0.11163,0.11163,0.10474,0.11163,0.11163,0.11163,0.11163,0.1467,0.10693,0.11163,1.056,0.11163,0.5815,0.0771,0.11163,0.09717,0.11163,0.11163,0.0956,0.11163,0.11163,0.11163,0.627,0.07117,0.11163,0.11163,0.7036,0.11163,0.11163,0.11163,0.11163,0.11163,0.11163,0.703,0.11163,0.364,0.11163,0.11163,0.1849,0.8516,0.11163,0.11163,0.11163,0.11163,0.1292,0.9263,0.11163,0.11163,0.11163,0.11163,0.11163,0.11163,0.11163,0.11163,0.11163,0.11163,0.2603,0.11163,0.11163,0.11163,0.11163,0.0967,0.11163,0.2031,0.11163,0.1277,0.10065,0.11163,0.09485,0.11163,0.11163,0.6514,0.11163,0.11163,0.11163,0.11163,1.155,0.11163,0.11163,0.11163,0.11163,0.1658,0.1102,0.0923,0.11163,0.11163,0.11163,0.11163,0.0855,0.9883,0.875,0.1084,0.11163,0.11163,0.1088,0.11163,1.59,0.11163,0.11163,0.3997,0.11163,0.0975,0.173,0.11163,0.1599,0.11163,0.11163,0.11163,0.11163,0.3154,0.11163,0.11163,0.11163,0.11163,0.0823,0.6816,0.11163,0.11163,0.11163,0.11163,0.8467,0.11163,0.11163,0.11163,0.11163,0.1054,0.11163,1.225,0.11163,0.1008,0.11163,0.11163,0.11163,0.2126,0.11163,0.11163,0.11163,0.11163,0.11163,0.11163,0.11163,0.11066,0.11163,0.11163,0.11163,0.11163,0.11163,0.11163,0.11163,0.11163,0.11163,0.11163,0.11163,0.11163,0.11163,0.1083,0.11163,0.11163,0.11163,0.11163,0.3843,0.11163,0.08875,0.11163,0.11163,0.2397,0.11163,0.11163,0.4556,0.09424,0.09625,0.11163,0.11163,0.1049,0.229,0.11163,0.11163,0.695,0.11163,0.11163,0.8706,0.11163,0.637,0.09247,0.11163,0.0963,0.11163,0.1295,0.07324,0.11163,0.11163,0.11163,0.11163,0.11163,0.11163,0.11163,0.11163,0.11163,0.11163,0.11163,0.11163,0.11163,0.11163,0.11163,0.11163,0.11163,0.11163,0.0796,0.11163,0.11163,0.2042,0.06854,0.11163,0.11163,0.11163,0.11163,0.11163,0.11163,0.11163,0.11163,0.11163,0.11163,0.11163,0.11163,0.11163,0.4507,0.11163,0.11163,0.113,0.11163,0.344,0.11163,0.11163,0.11163,0.11163,0.11163,0.11163,0.1016,0.11163,0.11163,0.11163,0.11163,0.11163,0.11163,0.2644,0.9087,0.11163,0.11163,0.11163,0.11163,0.11163,0.11163,0.11163,0.11163,0.10657,0.11163,0.11163,0.11163,0.11163,0.11163,0.11163,0.11163,0.11163,0.11163,0.11163,0.11163,0.11163,0.117,0.11163,0.482,0.11163,0.0844,0.11163,0.11163,0.744,0.11163,0.11163,0.11163,0.11163,0.11163,0.11163,0.11163,0.11163,0.11163,0.11163,0.11426,0.11163,0.1019,0.11163,0.2019,0.11163,0.11163,0.11163,0.11163,0.11163,0.11163,0.11163,0.10333,0.11163,0.11163,0.11096,0.11163,0.11163,0.11163,0.11163,0.7695,0.09357,0.211,0.11163,0.11163,0.11163,0.11163,0.11163,0.11163,0.10156,0.11163,0.11163,0.337,0.11163,0.11163,0.11163,0.11163,0.11163,0.11163,0.11163,0.11163,0.1051,1.341,0.11163,0.11163,0.11163,0.11163,0.11163,0.11163,0.11163,0.11163,0.11163,0.11163,0.10297,0.11163,0.11163,0.11163,0.11163,0.11163,0.11163,0.11163,0.11163,0.1284,0.3079,0.1121,0.2566,0.11163,0.11163,0.11163,0.11163,0.11163,0.3018,0.11163,0.2072,0.11163,0.11163,0.11017,0.11163,0.11163,1.038,0.11163,0.5635,0.11163,0.11163,0.11163,0.11163,0.3018,0.11163,0.11163,0.11163,0.0958,0.11163,0.11163,0.11163,0.11163,0.11163,0.11163,0.11163,0.4004,0.11163,0.11163,0.108,1.42,0.1385,0.11163,0.11163,0.1077,0.1531,0.11163,0.11163,0.11163,0.5713,0.11163,0.1023,0.1172,0.11163,0.3372,0.1986,0.11163,0.11163,0.11163,0.11163,0.11163,0.11163,0.11163,0.11163,0.11163,0.1433,0.11163,0.2235,0.4172,0.11163,0.11163,0.11163,0.0889,0.11163,0.575,0.11163,0.11163,0.10767,0.0906,0.11163,0.11163,0.11163,0.11163,0.11163,0.11163,0.11163,0.11163,0.11163,0.11163,0.11163,0.11163,0.11163,0.11163,0.11163,0.11163,0.11163,0.11163,0.11163,0.3552,0.11163,0.07025,0.11163,0.661,0.11163,0.11163,0.11163,0.11163,0.11163,0.2123,0.11163,0.11163,0.11163,0.1052,0.11163,0.532,0.11163,0.11163,0.2622,0.11163,0.11163,0.11163,0.1395,0.11163,0.1036,0.11163,0.11163,0.145,0.11163,0.0907,0.11163,0.144,0.721,0.09186,0.11163,0.11163,0.11163,0.11163,0.11163,0.68,0.10376,0.11163,0.179,0.11163,0.11163,0.11163,0.381,0.11163,0.998,0.1818,0.11163,0.1049,0.1085,0.11163,0.11163,0.11163,0.11163,0.3857,0.11163,0.11163,0.11163,0.11163,0.11163,0.11163,0.11163,0.11163,0.11163,0.11163,0.11163,0.11163,0.11163,0.831,0.11163,0.11163,0.11163,0.11163,0.11163,0.11163,0.11163,0.11163,0.11163,0.228,0.11163,0.11163,0.11163,0.11163,0.11163,0.11163,0.11163,0.1549,0.11163,0.0937,0.181,0.1409,0.11163,0.11163,0.11163,0.11163,0.1351,0.11163,0.11163,0.1414,0.11163,0.11163,0.11163,0.11163,0.11163,0.0756,0.11163,0.11163,0.796,0.11163,0.11163,0.09283,0.2438,0.11163,0.11163,0.11163,0.09106,0.1323,0.0805,0.10254,0.11163,0.11163,0.3384,0.11163,0.1622,0.11163,0.11163,0.11163,0.11163,0.11163,0.10596,0.11163,0.11163,0.11163,0.11163,0.11163,0.11163,0.11163,0.11163,0.11163,0.11163,0.11163,0.1071,0.11163,0.11163,0.11163,0.11163,0.11163,0.08936,0.11163,0.11163,0.11163,0.11163,0.11163,0.11163,0.11163,0.11163,0.11163,0.11163,0.11163,0.11163,0.08673,0.0981,0.5137,0.5195,0.2715,0.09534,0.5835,0.11163,0.0896,0.11163,0.11163,0.11163,0.10504,0.11163,0.11163,0.11163,0.731,0.11163,0.11163,0.11163,0.1061,0.11163,0.11163,0.11163,0.1072,0.11163,0.4934,0.11163,0.11163,0.11163,0.11163,0.11163,0.11163,0.11163,0.11163,0.11163,0.1072,0.267,0.11163,0.11163,0.1017,0.11163,0.11163,0.11163,0.11163,0.11163,0.11163,0.11163,0.11163,0.11163,0.11163,0.11163,0.11163,0.1089,0.1044,0.11163,0.11163,0.934,0.0993,0.11163,0.6113,0.11163,0.11163,0.11163,0.11163,0.11163,0.098,0.11163,0.11163,0.1255,0.11163,0.11163,0.1821,0.09344,0.676,0.11163,0.11163,0.5117,0.11163,0.11163,0.11163,0.11163,2.098,0.1578,0.11163,0.11163,0.11163,0.0909,0.379,0.2563,0.11163,0.11163,0.11163,0.11163,0.11163,0.11163,0.11163,0.11163,0.11163,0.11163,0.11163,0.11163,0.11163,0.11163,0.1005,0.11163,0.1288,0.11163,0.11163,0.11163,0.11163,0.11163,0.11163,0.11163,0.11163,0.11163,0.11163,0.11163,0.724,0.11163,0.11163,0.11163,0.0908,0.102,0.11163,0.11163,0.11163,0.08655,0.11163,0.11163,0.11163,0.11163,0.11163,0.11163,0.11163,0.1824,0.11163,0.11163,0.11163,0.11163,0.11163,0.11163,0.11163,0.11163,0.08014,0.11163,0.11163,0.11163,0.11163,0.11163,0.11163,0.11163,0.11163,0.11163,0.11163,0.11163,0.11163,0.11163,0.11163,0.11163,0.11163,0.11163,0.11163,0.0991,0.11163,0.2083,0.11163,0.11163,0.11163,0.11163,0.11163,0.11163,0.0887,0.11163,0.11163,0.3943,0.11163,0.6772,0.3333,0.11163,0.11163,0.11163,0.11163,0.11163,0.11163,0.3384,0.11163,0.11163,0.0956,0.11163,0.11163,0.1063,1.23,0.11163,0.11163,0.11163,0.1791,0.1409,0.11163,0.11163,0.10187,0.11163,1.129,0.11163,0.11163,0.11163,0.11163,0.337,0.11163,0.11163,0.11163,0.11163,0.2842,0.11163,0.11163,0.3965,0.11163,0.11163,0.11163,0.1062,0.11163,0.11163,0.11163,0.11163,0.12305,0.11163,0.11163,0.3652,0.08496,0.11163,0.1087,0.11163,0.821,0.11163,0.11163,0.11163,0.11163,0.11163,0.11163,0.1255,0.11163,0.11163,0.11163,0.11163,0.11163,0.09686,0.11163,0.1311,0.11163,0.5957,1.343,0.11163,0.102,0.11163,0.11163,0.11163,0.11163,0.11163,0.11163,0.0746,1.326,0.11163,0.11163,0.11163,0.11163,0.11163,0.11163,0.0854,0.11163,0.1025,0.11163,0.1122,0.11163,0.11163,0.555,0.11163,0.11163,0.11163,0.11163,0.11163,0.11163,0.11163,0.11163,0.11163,0.11163,0.11163,0.11163,0.0824,0.11163,0.11163,0.08167,0.11163,0.1372,0.11163,0.1968,0.11163,0.11163,0.11163,0.11163,0.1031,0.11163,0.11163,0.11163,0.11163,0.11163,0.2384,0.652,0.11163,0.2563,0.11163,0.08765,0.1604,0.1942,0.11163,0.10785,0.11163,0.11163,0.11163,0.579,0.1173,0.11163,0.2969
5,0.1056,0.1056,0.2198,0.1056,0.3518,0.7246,0.1056,0.1056,0.1056,0.1056,0.1056,0.1056,0.1056,0.1056,0.4612,0.1056,0.2654,0.782,0.10266,0.1056,0.1056,0.1056,0.2725,0.09106,0.1056,0.2029,0.1056,0.1813,0.3472,0.09393,0.1356,0.1056,0.1754,0.1056,0.1056,0.3257,0.1056,0.1056,0.1056,0.1056,0.1056,0.1056,0.4014,0.0855,0.1056,0.1056,0.0983,0.1056,0.1056,1.444,0.1056,0.1056,0.1245,0.264,0.1056,0.3774,0.2856,0.1056,0.706,0.1056,0.7793,0.1056,0.09265,0.1355,0.1056,0.1056,0.3525,0.1056,0.1056,0.09235,0.1056,0.1056,0.1056,0.1056,0.1056,0.978,0.1056,0.2461,0.1056,0.1056,0.1056,0.1056,0.1056,0.1056,0.4138,0.1056,0.1056,0.1056,0.1056,0.1056,0.1056,0.0813,0.4263,0.2441,0.1056,0.1056,0.1056,0.03397,0.0999,0.1056,0.1056,0.1056,0.1056,0.1056,0.1056,0.1056,0.1056,0.1056,0.1466,0.1056,0.1056,0.1056,0.1013,0.1056,0.1056,1.376,0.0972,0.1056,0.1056,0.1056,0.5396,0.1056,0.1056,0.1056,0.1056,0.1056,0.1056,0.1056,0.1056,0.1056,0.1056,0.1056,0.1056,0.2329,0.1056,0.1056,0.1056,0.1056,0.503,0.1056,0.1056,0.1056,0.1056,0.188,0.1056,0.1056,0.1056,0.1056,0.1056,0.1056,0.1056,0.1056,0.1056,0.1056,0.1056,0.1056,0.08575,1.464,0.09955,0.093,0.1056,0.5645,0.1056,0.1149,0.1056,0.1043,0.0974,0.1056,0.1056,0.103,0.1056,0.1056,0.1056,0.1056,0.2247,0.1056,0.1056,0.6763,0.2002,0.1056,0.1056,0.1056,0.1056,0.1056,0.1056,0.4688,0.1056,0.91,0.1056,0.1056,0.1056,0.1056,0.1056,0.04956,0.1056,0.1056,0.1056,0.1056,0.9746,0.1056,0.0964,0.1056,0.1056,1.273,0.0974,0.1936,0.1056,0.1056,0.1056,0.541,0.1056,0.09015,0.1056,0.1056,0.1056,0.1414,0.1056,0.1056,0.0787,0.1056,0.1056,0.946,0.28,0.1056,0.1056,0.0864,0.1056,0.1056,0.1056,0.4622,0.09204,0.1056,0.1056,0.1056,0.1056,0.1056,0.1083,0.1056,0.1001,0.1056,0.0681,0.1056,0.1056,0.1056,0.1056,0.1056,0.1545,0.1056,0.1056,0.12476,0.1056,0.1056,0.1056,1.141,0.1805,0.09686,0.1056,0.1056,0.0958,0.10034,0.1056,0.1056,0.1056,0.1056,0.0912,0.448,0.1056,0.0861,0.385,0.1056,0.1028,0.1056,0.1056,0.1056,0.1056,0.1056,0.1056,0.1056,0.1056,0.1056,0.1056,0.1056,0.0971,0.09375,0.1056,0.0965,0.1056,0.1056,0.1056,0.1056,0.1056,0.1056,0.1056,0.574,0.1056,0.1056,0.1056,0.1056,0.1056,0.1056,0.1056,0.1056,0.1974,0.1056,0.1344,0.4475,0.1056,0.1043,0.1056,0.1056,0.2678,0.1056,0.1056,0.1056,0.08167,0.1056,0.1056,0.1056,0.1056,0.984,0.0945,0.1056,0.2491,1.687,0.1056,0.1056,0.754,0.1056,0.1056,0.1056,0.1056,0.08954,0.1056,0.1056,0.1056,0.06714,0.0881,0.1056,0.1056,0.1056,0.1056,0.2144,0.0765,0.942,0.1056,0.3628,0.1056,0.1056,0.0966,0.1056,0.1056,0.1056,0.1056,0.10547,0.2966,0.296,0.2355,0.1056,0.1056,0.0987,1.069,0.1056,0.1056,0.1012,0.1056,0.1056,0.1056,0.8623,0.6343,0.2925,0.1056,0.1056,0.1018,0.1056,0.0968,0.0953,0.1056,0.1056,0.1056,0.4922,0.1056,0.1056,0.0977,1.179,0.1056,0.1523,0.1731,0.076,0.1056,0.1056,0.1056,0.1056,0.10583,0.1056,0.1056,0.1056,0.7266,0.1056,0.507,0.1056,1.0625,0.1056,0.1056,0.1056,0.338,0.1056,0.0987,0.1056,0.1056,0.09705,0.3167,0.8325,0.1056,0.1056,0.1056,0.1056,0.382,0.1056,0.1056,0.1056,0.1056,0.1056,0.1259,0.1056,0.1056,0.10114,0.1056,0.1056,0.1056,0.1056,0.413,0.1056,0.1056,0.1056,0.0992,0.1056,0.1056,0.1056,0.3079,0.1056,0.1056,0.1056,0.10315,0.10504,0.1056,0.1056,0.4446,0.0832,0.1056,0.1056,0.1056,0.1056,0.0926,0.1056,0.1056,0.1056,0.1056,0.1056,0.1056,0.1056,0.1056,0.1056,0.10144,0.1056,0.1056,0.1056,0.1056,0.1056,0.341,0.1056,0.1056,0.1056,0.0967,0.1056,0.1056,0.12366,0.5054,0.1056,0.1283,0.1056,0.1056,0.875,0.0757,0.1056,0.1056,0.1056,0.1056,0.09424,0.1056,0.1056,0.1056,0.1661,0.0862,0.1056,0.1056,0.1056,0.1056,0.1056,0.1056,0.1056,0.1056,0.1056,0.1056,0.1056,0.1056,0.1056,0.1056,0.1056,0.1056,0.1056,0.1056,0.1056,0.3074,0.10126,0.1809,0.1056,0.1056,0.1056,0.1056,0.1056,0.3198,0.1056,0.1056,0.254,0.396,0.1056,0.1056,0.1056,0.1056,0.1056,0.1056,0.1056,0.1056,0.1056,0.1056,0.1056,0.1056,0.1056,0.09717,0.1056,0.1056,0.1056,0.1056,0.0895,0.1056,0.0962,0.1056,0.1056,0.0854,0.09906,0.0896,0.1056,0.1056,0.6353,0.1056,0.665,0.1056,0.0938,0.1056,0.1056,0.1056,0.1056,0.1056,0.1056,0.1056,0.4219,0.1056,0.1056,0.2314,0.1056,0.1056,0.1056,0.1056,0.6514,0.1056,0.1056,0.646,0.1056,0.4553,0.1056,0.1056,0.09875,0.149,0.1056,0.1056,0.1056,0.1056,0.1056,0.09607,0.1056,0.3704,0.1056,0.1056,0.1056,0.1464,0.1056,0.0894,0.1056,0.1056,0.1056,0.1056,0.1056,0.1056,0.1056,0.1056,0.10315,0.1028,0.1056,0.1274,0.1056,1.001,0.1056,0.1056,0.1056,0.08527,0.602,0.1056,0.1056,0.3328,0.1056,0.1338,0.1056,1.005,0.12225,0.2041,0.3713,0.1056,0.1056,0.09247,0.0979,0.1056,0.3643,0.1056,0.1056,0.1056,0.1056,0.2546,0.169,0.1056,0.1056,0.1056,0.1056,0.5273,0.1056,0.1056,0.1056,0.1056,0.1056,1.152,0.1056,0.1056,0.1056,0.1056,0.10016,0.1056,0.604,0.1056,0.1056,0.1056,0.1056,0.0638,0.1056,0.2272,0.1056,0.1056,0.1056,0.1056,0.427,0.1143,0.44,0.1056,0.1056,0.1056,0.1056,0.1056,0.1056,0.1056,0.1056,0.1357,0.1056,0.10034,0.1056,0.1056,0.1056,0.1056,0.1056,0.1056,0.5195,0.1056,0.1056,0.4226,0.1056,0.1864,0.1056,0.1056,0.1056,0.1056,0.316,0.3806,0.1056,0.1056,0.1056,0.1056,0.0899,0.1056,0.1056,0.299,0.1056,0.1056,0.354,0.1056,0.36,0.1056,0.1056,0.1056,0.10425,0.1056,1.707,0.202,0.1056,0.1056,0.1056,0.369,0.1056,0.1056,0.1056,0.1056,0.09454,0.1864,0.1056,0.5874,0.1056,0.1056,0.10046,0.1013,0.1056,0.1056,0.1056,0.1056,0.1056,0.1056,0.1056,0.1056,0.1056,0.1056,0.1056,1.012,0.0903,0.1056,0.1056,0.1056,0.1056,0.4995,0.7197,0.1056,0.1056,0.1056,0.1056,0.1056,0.1056,0.1056,1.007,0.1056,0.1056,0.1056,0.1056,0.1056,0.1056,1.253,0.1056,0.2976,0.1056,0.788,0.1056,0.08374,0.1056,0.0949,0.1056,0.1056,0.1056,0.1056,0.1056,0.1056,0.7275,0.1056,0.1056,0.3447,0.1056,0.1117,0.67,0.1056,0.1056,0.1056,0.1056,0.1665,0.1056,0.1056,0.2715,0.1056,0.1056,0.1056,0.1056,0.845,0.1056,0.1056,0.1056,0.1056,0.1056,0.1056,0.1056,0.1056,0.1056,0.2998,0.1056,0.1056,0.08875,0.1056,0.1056,0.1056,1.076,0.1056,0.0961,0.08984,0.1056,1.593,0.656,0.09625,0.0849,0.1056,0.559,0.1056,0.1056,0.1056,0.1056,0.872,0.2461,0.1056,0.1056,0.1056,0.10144,0.1056,0.1056,0.6953,0.1056,0.08,0.1056,0.1056,0.0861,0.1086,0.1056,0.1056,0.1056,0.1056,0.1056,0.1056,0.1056,0.1056,0.1056,0.1056,0.1056,0.343,0.1056,0.1056,0.1056,0.1056,0.09424,0.1056,0.0972,0.1056,0.1056,0.1056,0.1056,0.1056,0.1056,0.1056,0.1056,0.1056,0.1056,0.1056,0.1056,0.1056,0.1056,0.1056,0.736,0.12024,0.12476,0.1056,0.289,0.1056,0.1056,0.0969,0.1056,0.1056,0.728,0.1056,0.1056,0.1056,0.6987,0.1056,0.1056,0.0976,0.1056,0.4497,0.1056,0.1056,0.1056,0.1056,0.1056,0.08954,0.1056,0.1056,0.3303,0.2347,0.11725,0.1174,0.1056,0.1056,0.1056,0.1056,0.1056,0.1056,0.1056,0.1056,0.1056,0.3447,0.1056,0.1056,0.1056,0.1056,0.1917,0.1056,0.1056,0.1056,0.1153,0.1056,0.1056,0.472,0.1056,0.1056,0.1934,0.1056,0.4,0.1056,0.1057,0.335,0.178,0.09534,0.09503,0.1056,0.1056,0.1056,0.0982,0.1056,0.162,0.1056,0.1056,0.1056,0.1056,0.1056,0.1381,0.1056,0.08624,0.1819,0.1056,0.1056,0.452,0.1056,0.2291,0.1056,0.1056,0.1056,0.1056,0.1056,0.1056,0.0966,0.1056,0.1617,0.1056,0.1056,0.1056,0.1575,0.1056,0.1056,0.10547,1.016,0.8896,0.1056,0.1056,0.1056,0.1056,0.1056,0.101,0.1056,0.1056,0.1056,0.1056,0.1056,0.1056,0.2527,0.1056,0.1056,0.1056,0.0862,0.1056,0.1617,0.1056,0.1056,0.4326,0.1056,0.0986,0.1056,0.10065,0.0975,0.1056,0.1056,0.1056,0.1056,0.1056,0.1056,0.1056,0.1056,0.7446,0.1056,0.1056,0.1056,0.8105,0.1056,0.559,0.1056,0.1368,0.1056,0.1056,0.9546,0.1056,0.1056,0.8564,0.1056,0.1256,0.0974,0.932,0.6753,0.1056,0.1056,0.1056,0.1056,0.1056,0.1056,0.0706,0.1056,0.1056,0.1056,0.1056,0.1056,0.08124,0.2683,0.1056,0.454,0.1056,0.1603,0.1056,0.1056,0.09686,0.1056,0.1056,0.1056,0.1056,0.565,0.1056,0.1056,0.1056,0.1056,0.1056,0.1056,0.1056,0.2216,0.1056,0.2456,0.1056,0.1056,0.1056,0.1056,0.1056,0.1056,0.4927,0.1932,0.1056,0.1056,0.3372,0.1056,0.1056,0.1056,0.1056,0.0967,0.10974,0.1056,0.1043,0.1056,0.0883,0.1056,0.1056,0.1056,0.1056,0.1056,0.8594,0.1593,0.1056,0.1056,0.1056,1.727,0.1056,0.1056,0.1853,0.1056,0.1056,0.3044,0.1056,0.1056,2.29,0.1056,0.1056,0.1056,0.0721,0.1056,0.1056,0.1056,0.1056,0.1056,0.1056,0.1056,0.0794,0.1056,0.1056,0.1056,0.1056,0.1056,0.1056,0.0997,0.10004,0.1056,0.0917,0.1056,0.1056,0.1056,0.2455,0.09424,0.1056,0.1056,0.1056,0.1056,0.1056,0.1056,0.1056,0.1056,0.1056,0.1056,0.1056,0.2081,0.1056,0.1056,0.1056,0.1056,0.0951,0.3694,0.0815,0.1559,0.1056,0.1056,0.1056,1.08,0.1443,0.0804,0.1056,0.9565,0.1056,0.1056,0.2822,0.09656,0.1056,0.4688,0.1056,0.2009,0.0942,0.1056,0.1056,0.1056,0.1056,0.1056,0.1151,0.1056,0.305,0.1056,0.4111,0.3162,0.288,0.8477,0.1056,0.1056,0.1056,0.1056,0.1056,0.1056,0.1056,0.1056,0.1056,0.1056,0.1056,0.1056,0.09424,0.1056,0.07825,0.1056,0.1056,0.10004,0.131,0.1056,0.1056,0.1056,0.125,0.1056,0.5864,0.1242,0.1056,0.1056,0.07794,0.4175,0.1893,0.1056,0.1056,0.4353,0.1378,0.1056,0.1056,0.4067,0.1056,0.1056,0.1056,0.1056,0.1056,0.1056,0.1056,0.1056,0.1056,0.0889,0.11017,0.1025,0.1056,0.1056,0.1056,0.1056,0.1056,0.1056,0.1056,0.1056,0.10425,0.1056,0.1056,0.1056,0.1056,0.1207,0.1056,0.1056,0.699,0.2279,0.1056,0.1056,0.1056,0.1056,0.1056,0.1056,0.2732,0.1056,0.1056,0.1056,0.1056,0.0923,0.4053,0.10156,0.1056,0.095,0.1056,0.1056,0.10516,0.1633,0.1056,0.1056,0.1056,0.1056,0.1056,0.1056,0.1056,0.553,0.602,0.122,0.1056,0.1056,0.1056,0.1056,0.1056,0.1056,0.1056,0.1056,1.159,0.0816,0.1056,0.1056,0.2329,0.1056,0.1056,0.1056,0.1056,0.1056,0.3037,0.1056,0.1056,0.1056,0.1056,0.1056,0.1056,0.1056,0.1056,0.1056,0.1056,0.1056,0.1056,0.1056,0.1056,0.3032,0.1056,0.1056,0.183,0.1056,0.1056,0.6895,0.1056,0.1056,0.1056,0.1277,0.1056,0.1056,0.1056,0.883,0.1056,0.1056,0.1021,0.1056,0.1056,0.7197,0.1056,0.1056,0.1056,0.1056,0.08813,0.2397,0.1056,0.1056,0.1056,0.0949,0.1056,0.1056,0.1056,0.1056,0.1056,0.1056,0.1056,0.1056,0.1056,0.5864,0.1056,0.377,0.1056,0.1056,0.1056,0.1056,0.1056,0.1056,0.1056,0.1056,0.1056,0.1056,0.1056,0.0913,0.1056,0.1056,0.2013,0.1056,0.0628,0.1056,0.1056,0.1056,0.1056,0.08856,1.988,0.1056,0.1056,0.1056,0.5073,0.1056,0.1056,0.34,0.1056,0.1056,0.1056,0.1056,0.1056,0.1056,0.1056,0.1056,0.1056,0.1056,0.095,0.1056,0.2505,0.05515,0.9673,0.1056,0.1056,0.1056,0.1056,0.1114,0.1056,0.0985,0.2354,0.1056,0.7544,0.1056,0.1056,0.1056,0.1083,0.1261,0.1056,0.1056,0.1056,0.1774,1.625,0.0941,0.1056,0.1056,0.1056,0.1056,0.1056,0.1056,0.1056,0.1056,0.1056,0.172,0.0888,0.1056,0.1056,0.1056,0.1056,0.1056,0.1056,0.1056,0.683,0.1056,0.1056,0.1056,0.1056,0.1056,0.8057,0.1056,0.1056,0.1056,0.1056,0.363,0.1056,0.1056,0.1056,0.1056,0.6304,0.2141,0.1056,0.1056,0.1056,0.2008,0.1056,0.1056,0.1056,1.02,0.1056,0.1056,0.1056,0.0877,0.1056,0.10333,0.1056,0.2332,0.1056,0.1056,0.1056,0.1975,0.1056,0.1056,0.1311,0.4065,0.1056,0.1056,0.5747,0.1056,0.1056,0.1145,0.1056,0.1056,0.1056,0.1056,0.1056,1.138,0.3105,0.672,0.1056,0.09735,0.1056,0.1056,0.0977,0.1056,0.1056,0.1056,0.1056,0.1056,0.1056,0.1056,0.1056,0.1056,0.1056,1.532,0.4016,0.1056,0.1056,0.779,0.1056,0.09705,0.1056,0.1056,0.10114,0.1056,0.549,0.1056,0.1056,0.1056,0.1056,0.1056,0.0803,0.2034,0.1056,0.9966,0.1056,0.2925,0.1056,0.1056,0.1056,0.1056,0.1056,0.1056,0.1056,0.1056,0.1019,0.1056,0.3965,0.1056,0.8237,0.1056,0.1056,0.1056,0.1056,0.1056,0.1056,0.1056,0.102,0.1056,0.1056,0.1056,0.10266,0.1056,0.1056,0.1056,0.4102,0.1056,0.31,0.1056,0.1056,0.1056,0.1056,0.1056,0.1056,0.1056,1.723,0.1056,0.09863,0.1056,0.099,0.1056,0.1056,1.178,0.1056,0.1056,0.1056,0.1056,0.1056,0.1056,0.1246,0.4531,0.1056,0.1056,0.1056,0.1056,0.1056,0.1056,0.1056,0.1056,0.11475,0.1592,0.1056,0.1056,0.8853,0.1056,0.1056,0.1056,0.1056,0.1056,0.1056,0.1056,0.1056,0.1056,0.1056,0.1056,0.1056,0.1056,0.2084,2.006,0.1644,0.1056,0.1056,0.1056,0.1056,0.1056,0.1056,0.1056,0.1056,1.009,0.2274,0.1056,0.1056,0.3396,0.079,0.0747,0.1056,0.1056,0.1747,0.09845,0.1056,0.086,0.1056,0.1056,0.1056,0.0972,0.1854,0.1056,0.0997,0.07117,0.1186,0.1056,0.1056,0.1681,0.1056,0.531,0.1056,0.9907,0.3728,0.1049,0.1056,0.1056,0.1056,0.1056,0.1056,0.7153,0.10126,0.0945,0.2969,0.1056,0.10046,0.7607,0.1056,0.1056,0.0945,0.1056,0.1056,0.1056,0.1056,0.144,0.1056,1.647,0.1056,0.1056,0.1056,0.4978,0.1056,0.1052,0.1056,0.1056,0.1056,0.1056,0.316,0.1073,0.2097,0.1056,0.1056,0.503,0.1056,0.1056,0.1741,0.1056,0.1056,0.1056,0.1056,0.1056,0.1056,0.09143,0.3674,0.1056,0.1056,0.1056,0.0945,0.1056,0.1056,0.1056,0.1056,0.1056,0.1056,0.1056,0.1056,0.10504,0.2788,0.1056,0.1056,0.1056,0.1056,0.1056,0.1056,0.1056,0.4185,0.0685,0.1056,0.1056,0.1674,0.1056,0.1056,0.419,0.1332,0.5796,0.1056,0.1056,0.0741,1.742,0.1056,0.1056,0.1056,0.1056,0.1056,0.1056,0.1056,0.1056,0.0783,0.1056,0.1056,0.1056,0.1056,0.1056,0.1004,0.1056,0.1056,0.1056,0.1056,0.1056,0.1056,0.1056,0.3782,0.1088,0.278,0.1056,0.0989,0.1056,0.3064,0.1056,0.32,0.1056,0.1056,0.6953,0.1056,0.672,0.384,0.1056,0.1056,0.1056,0.1056,0.1056,0.1056,0.1056,0.1056,0.1056,0.1056,0.1056,0.1056,0.1274,0.1056,0.1056,0.1056,0.1056,0.1056,0.09827,0.1267,0.1056,0.1533,0.7183,0.1056,0.1056,0.891,0.1056,0.1056,0.09827,0.1056,0.1056,0.1056,0.4084,0.08167,0.1056,0.1056,0.1056,0.1056,0.1056,0.5073,0.1056,0.1056,0.1506,0.07227,0.1056,0.1056,0.1671,0.1056,0.2095,0.1056,0.7607,0.1056,0.1056,0.1056,0.1056,0.1056,0.1056,0.1056,0.1056,0.1056,0.1056,0.0932,0.1056,0.1056,0.08795,0.10333,0.1056,0.09607,0.1006,0.1056,0.1056,0.0993,0.1056,0.707,0.418,0.1056,0.1056,0.1056,0.1056,0.1056,0.1364,0.1056,0.1056,0.1056,0.1177,0.1056,0.1056,0.0777,0.11084,0.1056,0.1056,0.1056,0.1056,0.1056,1.27,0.5093,1.071,0.1056,0.1056,0.1056,0.1056,0.1056,0.1056,0.1055,0.1056,0.1056,0.4202,0.2905,0.4392,0.1056,0.3733,0.10925,0.1056,0.1056,0.07855,0.1056,0.4036,0.0889,0.1056,1.415,0.1056,0.1056,0.1056,0.1056,0.1056,0.1056,0.0917,0.1056,0.9424,0.1056,0.4114,0.1056,0.2275,0.1056,0.1056,0.1056,0.1056,0.1056,0.1056,0.497,0.1056,0.1056,0.1056,0.1056,0.1056,0.1056,0.1056,0.7363,0.09125,0.3672,0.1056,0.0866,0.1056,0.1056,0.1056,0.5464,0.1056,0.1056,0.1056,0.1056,0.1056,0.1056,0.1056,0.18,0.1056,0.3743,0.1056,0.1056,0.1056,0.1056,0.1013,0.548,0.1042,0.1572,0.1056,0.1056,0.1056,0.1056,0.2249,0.1056,0.2866,0.264,0.0861,0.1056,0.1056,0.1229,1.126,0.12384,0.367,0.1056,0.1056,0.1056,0.1056,0.1056,0.1056,0.1056,0.1056,0.1056,0.1056,0.1056,0.0883,0.1056,0.302,0.1056,0.1056,0.1056,0.1056,0.1056,0.1056,0.1056,0.1056,0.1056,0.1056,0.1954,0.0999,0.1026,1.031,0.4094,0.09705,0.1056,0.1056,0.1056,0.1056,0.0996,0.329,0.1056,0.7705,0.1056,0.1056,0.1056,0.1897,0.1271,0.1056,0.2208,0.1056,0.1056,0.2524,0.1056,0.1056,0.1056,0.1056,0.1056,0.1056,0.1056,0.1056,0.1056,0.4136,0.7,0.5093,0.1476,0.1056,0.5454,0.1056,0.1056,0.5312,0.1056,0.1056,0.709,0.108,0.1056,0.1056,0.1056,0.1056,0.1056,0.1056,0.1056,0.1056,0.1056,0.1056,0.1056,0.6533,0.2942,0.1056,0.1056,0.1056,0.1278,0.3418,0.1056,0.1056,0.1056,0.1056,0.12354,0.1056,0.1056,0.1056,0.1056,0.2742,0.1056,0.1954,0.1056,0.1056,0.1056,0.1056,0.1056,2.41,0.1056,0.1056,0.1056,0.8447,0.4438,0.1056,0.1056,0.2478,0.1056,0.1056,0.1056,0.1587,0.1512,0.777,0.1056,0.1011,0.1056,0.1056,0.1056,0.1056,0.1056,0.0998,0.1056,0.1056,0.1056,0.519,0.1056,0.1056,0.1056,0.947,0.1056,0.417,0.354,0.1056,0.1056,0.9087,0.1056,0.0982,0.1469,0.09186,0.1056,0.1056,0.1056,0.11896,0.1056,0.1056,0.09735,0.1229,0.1056,0.1056,0.1056,0.1056,0.1056,0.1056,0.1056,0.1056,0.1056,0.1056,0.1097,0.09314,0.1056,0.1056,0.1056,0.1056,0.0929,0.1056,0.1418,0.1056,0.4348,0.10565,0.1056,0.1056,0.1056,0.1056,0.1056,0.2654,0.3096,0.1056,0.5874,0.1056,0.1056,0.6846,0.1056,0.742,0.2164,0.1305,0.1056,0.1056,0.1869,0.1056,0.1056,0.1056,0.1056,0.1056,0.2617,0.1056,0.3052,0.1056,0.1056,0.1056,0.1056,0.1056,0.1056,0.1056,0.11346,0.1897,0.1056,0.1056,0.1056,0.1056,0.1056,0.1056,0.0972,0.1056,0.1056,0.1056,0.1056,0.2869,0.1056,0.0945,0.266,0.1056,0.1056,0.1056,0.1914,0.1056,0.1056,0.1012,0.1056,0.10986,0.1002,0.1056,1.275,0.1056,0.1056,0.305,0.1056,0.2391,0.09283,0.707,0.1056,0.0994,0.1056,0.1056,0.1056,0.1056,0.1056,0.09454,0.1056,0.1056,0.09155,0.1056,0.1056,0.1056,0.1056,0.561,1.758,0.1056,0.1056,0.1056,1.379,0.157,0.09735,0.10034,0.28,0.1056,0.1056,0.1056,0.1056,0.3652,0.1056,0.1056,0.1056,0.3972,0.1056,0.1056,0.1056,0.1056,0.1056,0.1056,0.1056,0.1056,0.1056,0.1056,0.1056,0.1056,0.2979,0.1056,0.1056,0.1056,0.1056,0.1056,0.1056,0.1056,0.1056,1.075,0.1056,0.1056,0.1056,0.1056,0.882,0.1056,0.1056,0.0988,0.1056,0.1056,0.1056,0.1056,0.1056,0.1056,0.1056,0.2842,1.041,0.1056,0.0937,0.1056,0.1056,0.8647,1.41,0.1056,0.1056,0.1056,0.1056,0.10406,0.0963,0.1056,0.1056,0.1056,0.0973,0.1056,0.1056,0.3245,0.1803,0.1056,0.1056,0.1056,0.1833,0.1056,0.1056,0.775,0.1056,0.0817,0.1056,0.1056,0.1056,0.1056,0.1056,0.1056,0.1056,0.1056,0.2766,0.1176,0.1056,0.1056,0.1056,0.1056,0.1056,0.1056,0.1056,0.3892,0.1056,0.1056,0.1056,0.1056,0.1053,0.1056,0.0645,0.1056,0.1056,0.1056,0.0904,0.1056,0.1056,0.1056,0.0928,0.1056,0.1056,0.1056,0.1056,0.1056,0.1056,0.1056,0.376,0.1056,0.305,0.2222,0.459,0.1056,0.1056,0.1056,0.0965,0.1056,0.869,0.10394,0.1226,0.1056,0.102,0.1056,0.1056,0.1056,0.1056,0.623,0.1056,0.4004,0.1056,1.428,0.1056,0.1664,0.1056,0.1056,0.1056,0.234,0.08124,0.1056,0.1056,0.1056,0.432,0.1056,0.1056,0.3726,0.1056,0.1056,0.1056,0.0627,0.0966,0.1056,0.1056,0.1056,0.9355,0.1056,0.10913,0.1056,0.1273,0.1147,0.1056,0.1056,0.1056,0.0864,0.1056,0.1056,0.2454,0.1056,0.1056,0.1056,0.2708,0.1056,0.1001,0.1056,1.0,0.1056,0.1056,0.10345,0.1056,0.1056,0.1056,0.09863,0.1056,0.1056,0.916,0.1056,0.1056,0.1056,0.1056,0.1056,0.0967,0.1056,0.1056,0.1056,0.1056,0.1056,0.1846,0.1056,0.1342,0.1056,0.1056,0.1056,0.1056,0.1056,0.1056,0.2152,0.1056,0.1056,0.1056,0.1056,0.1056,0.1407,0.1056,0.2491,0.1056,0.1056,0.1056,0.1056,0.1056,0.1056,0.1873,0.1056,0.1056,0.1056,0.1056,0.1893,0.1056,0.09814,0.0851,0.2247,0.1056,0.1056,0.887,0.1056,0.1056,0.2086,0.1056,0.10205,0.1056,0.1056,0.1056,0.1056,0.1056,0.1056,0.1056,0.1056,0.4631,0.1056,0.0977,0.10205,0.1056,0.1056,0.1056,0.1056,0.0951,0.085,0.1056,0.0968,0.1056,0.3352,0.3987,0.1056,0.1294,0.1056,0.1056,0.3816,0.1056,0.1056,0.2659,0.1056,0.1056,0.1056,0.0847,0.1056,0.1056,0.1056,0.1056,0.097,0.1056,0.1056,0.1056,0.1056,0.1305,0.3638,0.1056,0.1056,0.10266,0.1056,1.744,0.1056,0.10895,0.1056,0.1126,0.1056,0.1056,0.1056,0.0727,0.1804,0.1056,0.1805,0.1056,0.1056,0.0922,0.2527,0.1056,0.1056,0.1056,0.3398,0.1029,0.09985,0.1056,0.1056,0.1056,0.1056,0.1056,1.338,0.1056,0.1056,0.1056,0.5303,0.1461,0.942,0.1056,0.1056,0.07294,0.1056,0.1056,0.1473,0.09546,0.337,0.1609,0.1056,0.2605,0.1056,0.1056,0.1056,0.1056,0.1056,0.1056,0.1056,0.103,0.1056,0.1056,0.1056,0.1056,0.1056,0.1455,0.1056,0.1056,0.1056,0.863,0.1056,0.1056,0.1056,0.1056,0.0996,0.272,0.10016,0.1056,0.1056,0.1056,0.1056,0.1056,0.1056,0.1056,0.705,0.1056,0.1056,0.1056,0.111,0.3833,0.2556,0.1056,0.1056,0.4626,0.1056,0.1056,1.938,0.1056,0.1056,0.1056,0.1056,0.1056,0.1056,0.1056,0.1056,0.1056,0.0887,0.1056,0.1056,0.1056,0.1056,0.1056,0.1056,0.1056,0.09314,0.1527,0.1056,0.6245,0.1056,0.1056,0.1056,0.1056,0.1056,0.1056,0.1809,0.10065,0.296,0.1056,0.1056,0.1461,0.11426,1.143,0.1056,0.1056,0.1056,0.1056,0.1056,0.1031,0.0987,0.1056,0.3684,0.1056,0.1056,0.0961,0.1056,0.1056,0.1056,0.1056,0.1957,0.1056,0.1056,0.1056,0.334,0.1752,0.09235,0.1056,0.1056,0.1056,0.1056,0.1056,0.645,0.2898,0.1056,0.0974,0.1056,0.1056,0.2407,0.1056,0.3677,0.1056,0.1056,0.1056,0.1021,0.1056,0.1056,0.1056,0.0932,0.1056,0.0978,0.3499,0.0845,0.1056,0.1056,0.1056,0.1056,0.1056,0.1056,0.1056,0.1056,0.1056,0.1056,0.2196,0.1056,0.1056,0.2502,0.1056,0.1056,0.1056,0.5864,0.7515,0.1553,0.1056,0.5728,0.0848,0.1056,0.1056,0.1056,0.176,0.1056,0.1056,0.1056,0.1056,0.1056,0.1056,0.1056,1.344,0.2393,0.1056,0.1056,0.1056,0.1056,0.1056,0.1056,0.1514,0.3708,0.1056,0.1056,0.1056,0.1056,0.1056,0.1056,0.0981,0.1056,0.1056,0.5757,0.1056,0.1056,0.8228,0.508,0.1056,0.1056,0.1056,0.1056,0.1056,0.1056,0.1056,0.1056,0.2021,1.007,0.1056,0.529,0.1056,0.1771,0.1056,0.1056,0.0935,0.1056,0.10455,0.1056,0.1056,0.1056,0.1403,0.1056,0.1056,0.6436,0.1056,0.1139,0.1056,0.1056,0.1056,0.1056,0.1056,0.1056,0.1056,0.1056,0.1056,0.1056,0.1056,0.1056,0.1056,0.1056,0.1056,0.1056,0.1056,0.1056,0.3518,0.1056,0.09735,0.7505,0.0981,0.1056,0.1081,0.1056,0.07294,0.1056,0.1056,0.0799,0.1056,0.1056,0.1056,0.1333,0.1056,0.1056,0.1056,0.1056,0.1056,0.1056,0.1056,0.1056,0.1056,0.1056,0.09644,0.0982,0.6245,0.1056,0.1056,0.10016,0.3867,0.6216,0.1056,0.2642,0.10016,0.1056,0.1056,0.1056,0.1056,0.07996,0.1056,0.1056,0.1056,0.1056,0.1056,0.6924,0.08997,0.1056,0.0904,0.1455,0.1056,0.1056,0.1056,0.1056,0.1056,0.2725,0.1056,0.1056,0.1056,0.2598,0.1056,0.1056,0.1056,0.1056,0.1056,0.1056,0.1043,0.1056,0.2937,0.3518,0.1056,0.1056,0.1056,0.1056,0.0974,0.1056,0.1056,0.1056,0.1056,0.1056,0.1056,0.1056,0.1056,0.3525,0.1056,0.1056,0.1056,0.1056,0.2195,0.1056,0.1056,0.1056,0.1056,0.10455,0.1056,0.1056,0.1056,0.1056,0.1056,0.1056,0.1056,0.3066,0.1056,0.1056,0.1056,0.1056,0.501,0.1056,0.1056,0.10364,0.1056,0.1056,0.1056,0.1056,0.1056,0.1056,0.1056,0.1056,0.1056,0.1056,0.1056,1.217,0.091,0.7153,0.09717,0.1056,0.1831,0.1056,0.1056,0.2756,0.1056,0.1056,0.1056,0.1056,0.101,0.1056,0.7437,0.1056,0.1841,0.8364,0.2098,0.1056,0.2079,0.1056,0.1932,0.1056,0.1056,0.1056,0.1021,0.10126,0.1056,0.2098,0.2257,0.1056,0.1056,0.09955,0.1056,0.1056,0.1056,0.1056,0.1056,0.1056,0.8716,0.1056,0.1056,0.65,0.1036,0.1056,0.1056,0.1056,0.1056,0.1056,0.1056,0.1056,0.146,0.1056,0.09924,1.031,0.3684,0.1056,0.1056,0.1056,0.1056,0.1072,0.1056,0.1056,0.10547,0.1056,0.1056,0.0863,0.1056,0.1056,0.1056,0.1056,0.1056,0.1056,0.1056,0.0987,0.1056,0.1086,0.1056,0.1056,0.1056,0.0965,0.1056,0.0994,0.10114,0.1056,0.1056,0.1056,0.1511,0.1056,0.1056,0.1056,0.753,0.1056,0.548,0.1056,0.1056,0.1056,0.1056,0.1056,0.623,0.1056,0.10565,0.1056,0.1056,0.1056,0.1256,0.06866,0.1056,0.1056,0.1056,0.1056,0.1056,0.0572,0.1039,0.1056,0.08813,0.0858,0.1056,0.1056,0.122,0.1056,0.10315,0.1056,0.417,0.1056,0.1056,0.1056,0.09247,0.1056,0.1014,0.782,0.1056,0.1056,0.1056,0.1056,0.1056,0.1056,0.1195,0.732,0.1056,0.1056,0.5093,0.0965,0.1056,0.1056,0.1416,0.1056,0.10333,0.1056,0.1056,0.1056,0.1056,0.1056,0.10004,0.2289,0.1056,0.1056,0.1056,0.4785,0.1056,0.09863,0.1056,0.1056,0.1056,0.2473,0.07837,0.1056,0.1056,0.1219,0.1056,1.049,0.382,0.1056,0.1056,0.1056,0.1056,0.1056,0.2876,0.1145,0.10583,0.1056,0.1056,0.233,0.1056,0.1056,0.1056,0.2651,0.1056,0.6445,0.9634,0.1056,0.0983,0.1056,0.4612,0.1056,0.1056,0.0979,0.7593,0.1056,0.1056,0.1056,0.4744,0.1056,0.1056,0.1056,0.1056,0.1056,0.1725,0.1056,0.1056,0.2744,0.1056,0.1056,0.1056,0.1056,0.09174,0.1056,0.0974,0.1056,0.1056,0.1056,0.078,0.07513,0.1081,0.1056,1.117,0.1056,0.705,0.1376,0.1056,0.0939,0.1056,0.1056,0.09595,0.1056,0.1056,0.1056,0.8354,0.09705,0.1056,0.1056,0.538,0.1056,0.0981,0.09753,0.1056,0.1056,0.1056,0.594,0.1056,0.3513,0.1056,0.1056,0.1888,0.7544,0.1056,0.10034,0.09845,0.1056,0.4836,0.7446,0.1056,0.1056,0.1056,0.1056,0.1056,0.1056,0.1056,0.09827,0.1056,0.1056,0.2766,0.1056,0.1056,0.1056,0.1056,0.1489,0.1056,0.09784,0.1056,0.1056,0.1056,0.1056,0.3486,0.1056,0.1056,0.8833,0.1056,0.1056,0.1056,0.1056,1.194,0.1056,0.1056,0.1056,0.1056,0.32,0.1056,0.0997,0.1056,0.1056,0.1056,0.1056,0.1056,0.9463,0.772,0.1056,0.1056,0.1056,0.0821,0.1056,1.274,0.1056,0.1056,0.2306,0.09985,0.518,0.585,0.1056,0.091,0.1056,0.1056,0.1056,0.1056,0.2332,0.1056,0.1056,0.1056,0.1056,0.1203,0.3596,0.1056,0.1056,0.1056,0.1056,0.87,0.1056,0.1056,0.1056,0.1056,0.096,0.1056,1.039,0.1056,0.1284,0.1056,0.1056,0.1056,0.08514,0.1056,0.1056,0.1056,0.1056,0.1056,0.1056,0.1056,0.1056,0.1056,0.1056,0.1056,0.1056,0.1056,0.1056,0.1056,0.1056,0.1056,0.1056,0.1056,0.1056,0.1013,0.1056,0.1056,0.1056,0.1056,0.1056,0.6206,0.1056,0.196,0.1056,0.1056,0.368,0.1056,0.1056,0.4382,0.11096,0.10016,0.1056,0.1056,0.1056,0.3652,0.1056,0.1056,0.552,0.1056,0.102,1.0625,0.1056,0.565,0.1056,0.1056,0.1056,0.1056,0.1164,0.2206,0.1056,0.1056,0.1056,0.11945,0.1056,0.1056,0.1056,0.1056,0.10364,0.1056,0.1056,0.1056,0.1056,0.1056,0.1056,0.1056,0.1056,0.1056,0.3198,0.1056,0.1056,0.1262,0.05643,0.1056,0.1056,0.1056,0.10425,0.09717,0.1056,0.1056,0.1056,0.1056,0.1056,0.1056,0.1056,0.1056,0.3787,0.1056,0.1056,0.1677,0.1056,0.126,0.1056,0.1056,0.1056,0.1056,0.1056,0.1056,0.1056,0.1056,0.1056,0.1056,0.1056,0.1056,0.1056,0.0847,0.513,0.1056,0.1056,0.1056,0.1056,0.1056,0.1056,0.0868,0.1056,0.08734,0.1056,0.1056,0.1056,0.1056,0.1056,0.1056,0.1056,0.1056,0.1056,0.1056,0.1056,0.1056,0.4158,0.1056,0.6597,0.1056,0.1056,0.1056,0.1056,0.1948,0.1056,0.1056,0.1056,0.1056,0.1056,0.1926,0.1056,0.1056,0.1056,0.1056,0.1175,0.1056,0.1539,0.1056,0.1055,0.1056,0.1056,0.1056,0.1014,0.1056,0.1056,0.1056,0.0969,0.1056,0.1056,0.1056,0.09064,0.1056,0.1056,0.0985,0.8457,0.0922,0.3452,0.1056,0.1056,0.1056,0.1056,0.1056,0.1447,0.09906,0.0842,0.1056,0.2651,0.1056,0.1056,0.1056,0.1056,0.1056,0.1056,0.1056,0.1056,0.1056,1.084,0.1056,0.1056,0.1056,0.1056,0.1056,0.1056,0.1056,0.09705,0.1056,0.1056,0.1188,0.1056,0.1056,0.1056,0.1056,0.1056,0.1056,0.1056,0.1055,0.2502,0.1473,0.1056,0.1462,0.1056,0.1056,0.1056,0.1056,0.1056,0.686,0.1056,0.6997,0.1056,0.1056,0.1056,0.1056,0.1056,0.8906,0.1056,0.257,0.1056,0.1056,0.1056,0.1056,0.3154,0.1056,0.1056,0.1056,0.208,0.1056,0.1056,0.1056,0.1056,0.1056,0.1056,0.10486,0.352,0.1056,0.1056,0.0707,1.411,0.2151,0.1056,0.1056,0.1056,0.0918,0.1056,0.1056,0.1056,0.537,0.1056,0.0824,0.215,0.1056,0.3447,0.1154,0.1056,0.1056,0.1056,0.1056,0.1056,0.1056,0.0867,0.1056,0.1056,0.1056,0.1056,0.4177,0.24,0.1056,0.1056,0.1056,0.1132,0.1056,0.2463,0.1056,0.1056,0.1056,0.1354,0.1056,0.1056,0.1056,0.1056,0.1056,0.1056,0.1056,0.1056,0.1056,0.1056,0.1056,0.1056,0.1056,0.1056,0.1056,0.1056,0.1056,0.1056,0.1056,0.0978,0.1056,0.1315,0.1056,0.2477,0.1056,0.1056,0.1056,0.1056,0.1056,0.1208,0.1056,0.1056,0.1056,0.1056,0.1056,0.7246,0.1056,0.1056,0.4514,0.1056,0.1056,0.1056,0.0982,0.1056,0.2032,0.1056,0.1056,0.0925,0.1056,0.1056,0.1056,0.09973,0.714,0.10315,0.1056,0.1056,0.1056,0.1056,0.1056,0.617,0.1043,0.1056,0.2341,0.1056,0.1056,0.1056,0.2712,0.1056,0.739,0.0913,0.1056,0.4326,0.07745,0.1056,0.1055,0.1056,0.1056,0.1199,0.1056,0.1056,0.1056,0.1056,0.1056,0.1056,0.1056,0.1056,0.1056,0.1056,0.1056,0.1056,0.1056,0.758,0.1056,0.1056,0.1056,0.1056,0.1464,0.1056,0.1056,0.1056,0.1056,0.3289,0.1056,0.1056,0.1056,0.1056,0.1056,0.1056,0.1056,0.1587,0.09357,0.1056,0.1272,0.1478,0.1056,0.1056,0.1056,0.1056,0.0994,0.1056,0.1056,0.1385,0.1056,0.1056,0.1056,0.1056,0.1056,0.09753,0.1056,0.1056,0.669,0.1056,0.1056,0.1278,0.4297,0.1056,0.1056,0.1056,0.1056,0.1155,0.0835,0.1165,0.1056,0.1056,0.3909,0.1056,0.0982,0.1056,0.1056,0.09625,0.1056,0.1056,0.3647,0.1056,0.1056,0.1056,0.1056,0.1056,0.1056,0.1056,0.1056,0.1056,0.1056,0.1056,0.1576,0.1056,0.1056,0.1056,0.1056,0.1056,0.0999,0.1056,0.1056,0.1056,0.1056,0.0903,0.1056,0.1038,0.1056,0.1056,0.1056,0.1056,0.1056,0.1052,0.104,0.545,0.508,0.3352,0.1119,0.704,0.1056,0.1056,0.1056,0.1056,0.1056,0.1056,0.1056,0.1056,0.1056,1.139,0.1056,0.1056,0.1056,0.10114,0.1056,0.1056,0.1056,0.1056,0.1056,0.505,0.1056,0.1056,0.1056,0.1056,0.1056,0.1056,0.1056,0.1056,0.1056,0.1056,0.1898,0.1056,0.1056,0.2213,0.1056,0.1056,0.1056,0.1056,0.1056,0.1056,0.1022,0.1056,0.1056,0.1056,0.1056,0.1056,0.1056,0.1056,0.1056,0.1056,0.896,0.1316,0.1056,0.6724,0.1056,0.1056,0.1056,0.1056,0.1056,0.3035,0.1056,0.1056,0.1024,0.1056,0.1056,0.1028,0.10596,0.7705,0.1056,0.1056,0.4849,0.1056,0.1056,0.1056,0.1056,1.766,0.08386,0.1056,0.1056,0.1056,0.1056,0.3752,0.456,0.1056,0.1056,0.1056,0.1056,0.1056,0.1056,0.10425,0.08636,0.1056,0.1056,0.1056,0.1056,0.1056,0.1056,0.1056,0.1056,0.446,0.1056,0.1056,0.1056,0.1056,0.1056,0.1056,0.1056,0.1056,0.0939,0.1056,0.1056,0.5806,0.1056,0.1056,0.1056,0.1056,0.1056,0.3115,0.1056,0.1056,0.2256,0.1056,0.1056,0.1056,0.0905,0.1056,0.1056,0.1056,0.1335,0.1056,0.1056,0.1056,0.1056,0.1056,0.1056,0.1056,0.1056,0.0965,0.1056,0.1056,0.1056,0.1056,0.1056,0.1056,0.1056,0.1056,0.1056,0.1056,0.1056,0.1056,0.1056,0.1056,0.1056,0.1056,0.1056,0.1056,0.1056,0.1056,0.08527,0.1056,0.1056,0.1056,0.1056,0.1056,0.1056,0.2135,0.1056,0.1056,0.3066,0.1056,0.8696,0.4072,0.1056,0.1056,0.1056,0.1056,0.1056,0.1056,0.5684,0.1056,0.1056,0.2296,0.1056,0.0994,0.1056,0.9106,0.1056,0.1056,0.1056,0.3071,0.1056,0.1056,0.1056,0.1006,0.1056,1.163,0.1056,0.1056,0.1056,0.10364,0.681,0.1056,0.138,0.1056,0.1056,0.1921,0.1056,0.1056,0.07275,0.1056,0.1056,0.1261,0.069,0.1056,0.1056,0.1056,0.1056,0.1033,0.1056,0.1056,0.513,0.1412,0.1056,0.05786,0.10175,0.881,0.1056,0.1056,0.1056,0.1056,0.1056,0.1056,0.221,0.1056,0.1056,0.1056,0.1056,0.1056,0.1027,0.1056,0.0878,0.1056,0.5156,0.9673,0.1056,0.096,0.1056,0.1056,0.1056,0.1056,0.1056,0.0812,0.09216,1.212,0.1056,0.1056,0.1056,0.1056,0.2141,0.1056,0.297,0.1056,0.0907,0.1056,0.10144,0.1056,0.1056,0.3354,0.1056,0.1056,0.1056,0.1056,0.1056,0.1056,0.1056,0.1056,0.1056,0.1056,0.1056,0.1056,0.1329,0.1056,0.1056,0.0964,0.1056,0.10046,0.1056,0.08,0.1056,0.1056,0.1056,0.1056,0.1056,0.1056,0.1056,0.1056,0.1056,0.1056,0.10077,0.558,0.1056,0.214,0.1056,0.1173,0.1962,0.522,0.1056,0.1321,0.1056,0.1056,0.1056,0.322,0.1056,0.1056,0.5845
6,0.10425,0.10425,0.3865,0.10425,0.3054,0.957,0.10425,0.10425,0.10425,0.10425,0.10425,0.10425,0.10425,0.10425,0.2434,0.10425,0.0967,0.782,0.09625,0.10425,0.10425,0.10425,0.3489,0.09973,0.10425,0.1887,0.10425,0.4788,0.6216,0.159,0.11646,0.10425,0.0774,0.10425,0.10425,0.073,0.10425,0.10425,0.10425,0.10425,0.10425,0.10425,0.5205,0.10425,0.10425,0.10425,0.0975,0.10425,0.10425,1.211,0.10425,0.10425,0.1885,0.2495,0.10425,0.1317,0.2659,0.10425,0.742,0.10425,0.66,0.10425,0.1053,0.1945,0.10425,0.10425,0.4702,0.10425,0.10425,0.09894,0.10425,0.10425,0.10425,0.10425,0.10425,1.348,0.10425,0.2769,0.10425,0.10425,0.10425,0.10425,0.10425,0.10425,0.1782,0.10425,0.10425,0.10425,0.10425,0.10425,0.10425,0.177,0.424,0.2812,0.10425,0.10425,0.10425,0.0851,0.09906,0.09937,0.10425,0.10425,0.10425,0.10425,0.10425,0.10425,0.10425,0.10425,0.1631,0.10425,0.10425,0.10425,0.10425,0.10425,0.10425,1.262,0.10425,0.10425,0.10425,0.10425,0.653,0.10425,0.10425,0.10425,0.10425,0.10425,0.10425,0.10425,0.10425,0.10425,0.10425,0.10425,0.10425,0.1914,0.10425,0.10425,0.10425,0.10425,0.4717,0.10425,0.10425,0.10425,0.10425,0.2766,0.10425,0.10425,0.10425,0.10425,0.10425,0.10425,0.10425,0.10425,0.10425,0.10425,0.10425,0.10425,0.0975,1.508,0.10425,0.0984,0.10425,0.6787,0.10425,0.08203,0.10425,0.07776,0.10425,0.0972,0.10425,0.1265,0.10425,0.10425,0.10425,0.10425,0.3096,0.10425,0.10425,0.525,0.1781,0.10425,0.10425,0.10425,0.10425,0.10425,0.10425,0.3232,0.10425,0.753,0.10425,0.10425,0.10425,0.10425,0.10425,0.0957,0.08856,0.10425,0.10425,0.10425,1.052,0.10425,0.07574,0.10425,0.10425,1.531,0.1223,0.2705,0.10425,0.10425,0.10425,0.49,0.10425,0.10425,0.10425,0.10425,0.10425,0.0706,0.10425,0.10425,0.1017,0.10425,0.10425,0.922,0.2272,0.10425,0.10425,0.0869,0.10425,0.10425,0.10425,0.2173,0.1711,0.10425,0.1004,0.10425,0.10425,0.10425,0.08527,0.10425,0.10425,0.10425,0.1284,0.1011,0.10425,0.10425,0.10425,0.10425,0.09973,0.10425,0.10425,0.0793,0.10425,0.10425,0.10425,1.103,0.05173,0.0766,0.10425,0.10425,0.10425,0.0915,0.10425,0.10425,0.10425,0.10425,0.08923,0.0659,0.10425,0.0965,0.4133,0.10425,0.10425,0.10425,0.10425,0.10425,0.10425,0.10425,0.10425,0.10425,0.10425,0.10425,0.10425,0.10425,0.069,0.10425,0.10425,0.10425,0.10425,0.10425,0.10425,0.10425,0.10425,0.10425,0.10425,0.1904,0.10425,0.10425,0.10425,0.10425,0.10425,0.10425,0.10425,0.0893,0.307,0.10425,0.0928,0.628,0.10425,0.10425,0.10425,0.10425,0.6177,0.10425,0.10425,0.10425,0.0742,0.10425,0.10425,0.10425,0.10425,1.203,0.0875,0.10425,0.4138,1.56,0.10425,0.10425,0.8877,0.10425,0.10425,0.10425,0.10425,0.09174,0.10425,0.10425,0.10425,0.2349,0.2388,0.10425,0.10425,0.10425,0.10425,0.6953,0.084,1.049,0.10425,0.0928,0.0983,0.10425,0.0948,0.10425,0.10425,0.10425,0.10425,0.1033,0.4622,0.3953,0.3218,0.10425,0.10425,0.0815,0.9663,0.10425,0.10425,0.10425,0.10425,0.10425,0.10425,0.914,0.674,0.2805,0.10425,0.10425,0.0589,0.10425,0.10425,0.10333,0.10425,0.10425,0.10425,0.7227,0.10425,0.10425,0.10425,1.095,0.10425,0.0666,0.156,0.0718,0.10425,0.10425,0.10425,0.10425,0.1032,0.10425,0.10425,0.10425,0.909,0.10425,0.3025,0.10425,1.202,0.10425,0.10425,0.10425,0.3528,0.10425,0.08636,0.10425,0.10425,0.10425,0.3325,0.927,0.10425,0.10425,0.10425,0.10425,0.2534,0.10425,0.10425,0.10425,0.10425,0.10425,0.10425,0.10425,0.10425,0.11865,0.10425,0.10425,0.10425,0.10425,0.44,0.10425,0.10425,0.10425,0.1567,0.10425,0.10425,0.10425,0.097,0.10425,0.0933,0.10425,0.10425,0.0739,0.10425,0.10425,0.3035,0.0688,0.10425,0.10425,0.10425,0.10425,0.0995,0.10425,0.10425,0.10425,0.10425,0.10425,0.06235,0.10425,0.10065,0.10425,0.0995,0.10425,0.10425,0.10425,0.10425,0.10425,0.2615,0.10425,0.10425,0.10425,0.1237,0.10425,0.10425,0.0952,0.3145,0.10425,0.1022,0.10425,0.10425,1.094,0.07104,0.10425,0.10425,0.10425,0.10425,0.0801,0.10425,0.10425,0.10425,0.1637,0.0621,0.10425,0.10425,0.10425,0.10425,0.10425,0.10425,0.10425,0.10425,0.10425,0.10425,0.0741,0.10425,0.10425,0.10425,0.10425,0.10425,0.10425,0.10425,0.10425,0.326,0.10425,0.2327,0.10425,0.10425,0.10425,0.10425,0.10425,0.2311,0.10425,0.10425,0.0978,0.3362,0.10425,0.0956,0.10425,0.10425,0.10425,0.10425,0.10425,0.10425,0.10425,0.10425,0.10425,0.10425,0.10425,0.10425,0.10425,0.10425,0.10425,0.10425,0.0884,0.10425,0.0831,0.10425,0.10425,0.07776,0.1252,0.0852,0.10425,0.10425,0.6377,0.10425,0.5605,0.10425,0.0991,0.10425,0.10425,0.10425,0.10425,0.10425,0.10425,0.10425,0.4204,0.10425,0.10425,0.1456,0.10425,0.10425,0.10425,0.10425,0.541,0.10425,0.10425,0.267,0.10425,0.283,0.10425,0.10425,0.10425,0.1619,0.10425,0.10425,0.10425,0.10425,0.10425,0.1198,0.10425,0.1636,0.10425,0.10425,0.10425,0.0802,0.10425,0.10425,0.10425,0.10425,0.10425,0.10425,0.10425,0.10425,0.10425,0.10425,0.0936,0.10425,0.10425,0.0986,0.10425,1.178,0.10425,0.10425,0.10425,0.09814,0.616,0.10425,0.10425,0.2096,0.10425,0.10425,0.10425,1.008,0.1782,0.4019,0.6196,0.10425,0.10425,0.10425,0.04416,0.10425,0.4243,0.0609,0.10425,0.10425,0.10425,0.11786,0.10425,0.10425,0.10425,0.10425,0.10425,0.3633,0.10425,0.10425,0.10425,0.10425,0.10425,0.932,0.10425,0.10425,0.10425,0.10425,0.09503,0.10425,0.7886,0.10425,0.10425,0.10425,0.10425,0.06335,0.10425,0.09296,0.10425,0.10425,0.10425,0.10425,0.303,0.07635,0.2751,0.10425,0.10425,0.10425,0.10425,0.10425,0.10425,0.10425,0.10425,0.2554,0.10425,0.10425,0.10425,0.10425,0.10425,0.10425,0.10425,0.10425,0.4878,0.10425,0.10425,0.1926,0.10425,0.114,0.10425,0.10425,0.10425,0.10425,0.2103,0.3848,0.10425,0.10425,0.10425,0.10425,0.0954,0.10425,0.10425,0.2075,0.0787,0.10425,0.137,0.10425,0.3228,0.10425,0.10425,0.10425,0.10425,0.10425,1.497,0.319,0.10425,0.10425,0.10425,0.1004,0.10425,0.10425,0.10425,0.10425,0.10425,0.309,0.10425,0.3088,0.10425,0.10425,0.10425,0.0803,0.10425,0.10425,0.10425,0.10425,0.10425,0.10425,0.10425,0.10425,0.10425,0.10425,0.10425,0.8135,0.12177,0.10425,0.10425,0.10425,0.10425,0.655,0.66,0.10425,0.10425,0.10425,0.10425,0.10425,0.10425,0.10425,0.9263,0.10425,0.10425,0.10425,0.10425,0.10425,0.10425,1.019,0.10425,0.2372,0.10425,0.6943,0.10425,0.08997,0.10425,0.0853,0.10425,0.10425,0.10425,0.10425,0.10425,0.10425,0.5806,0.10425,0.10425,0.509,0.10425,0.146,0.738,0.10425,0.10425,0.10425,0.10425,0.1312,0.10425,0.10425,0.307,0.10425,0.10425,0.10425,0.10425,0.73,0.10425,0.10425,0.10425,0.10425,0.10425,0.10425,0.10425,0.10425,0.10425,0.1865,0.10425,0.10425,0.10425,0.10425,0.10425,0.10425,1.107,0.10425,0.10425,0.0932,0.10425,1.643,0.6084,0.0914,0.10425,0.10425,0.3792,0.10425,0.10425,0.10425,0.10425,0.7056,0.10425,0.10425,0.10425,0.10425,0.10425,0.10425,0.10425,0.5156,0.10425,0.1561,0.10425,0.10425,0.10223,0.10425,0.10425,0.10425,0.10425,0.1031,0.10425,0.10425,0.10425,0.10425,0.10425,0.10425,0.10425,0.45,0.10425,0.10425,0.10425,0.10425,0.07587,0.10425,0.10425,0.10425,0.10425,0.10425,0.10425,0.10425,0.10425,0.0939,0.10425,0.10425,0.10425,0.10425,0.10425,0.10425,0.10425,0.10425,0.874,0.1193,0.097,0.10425,0.4014,0.10425,0.10425,0.11945,0.10425,0.10425,0.4736,0.10425,0.10425,0.10425,0.541,0.10425,0.10425,0.10425,0.10425,0.636,0.10425,0.10425,0.10425,0.10425,0.10425,0.08435,0.10425,0.10425,0.3267,0.1748,0.05582,0.10425,0.10425,0.10425,0.10425,0.10425,0.10425,0.10425,0.10425,0.10425,0.10425,0.2832,0.10425,0.10425,0.10425,0.10425,0.2128,0.10425,0.10425,0.10425,0.1375,0.10425,0.10425,0.434,0.10425,0.10425,0.11945,0.10425,0.544,0.10425,0.1062,0.346,0.1838,0.07007,0.09454,0.10425,0.10425,0.10425,0.07556,0.10425,0.1029,0.10425,0.10425,0.10425,0.10425,0.10425,0.128,0.10425,0.0929,0.4836,0.10425,0.10425,0.8154,0.10425,0.1603,0.10425,0.10425,0.10425,0.10425,0.10425,0.10425,0.1021,0.10425,0.3132,0.10425,0.10425,0.10425,0.08704,0.10425,0.10425,0.1935,1.003,0.7427,0.10425,0.10425,0.10425,0.10425,0.10425,0.0638,0.10425,0.10425,0.10425,0.10425,0.10425,0.10425,0.04675,0.10425,0.10425,0.10425,0.10425,0.10425,0.09143,0.10425,0.10425,0.2532,0.10425,0.10425,0.10425,0.10425,0.0992,0.10425,0.10425,0.10425,0.10425,0.10425,0.10425,0.10425,0.10425,0.5977,0.10425,0.10425,0.0648,0.752,0.0952,0.611,0.10425,0.0789,0.10425,0.10425,1.041,0.10425,0.10425,0.8906,0.10425,0.06226,0.10425,1.021,0.913,0.10425,0.10425,0.10425,0.10425,0.10425,0.10425,0.05133,0.10425,0.10425,0.10425,0.10425,0.10425,0.10114,0.0889,0.10425,0.53,0.10425,0.1685,0.10425,0.10425,0.10425,0.10425,0.10425,0.10425,0.10425,0.4495,0.10425,0.10425,0.10425,0.10425,0.10425,0.10425,0.10425,0.1335,0.10425,0.09296,0.10425,0.10425,0.10425,0.10425,0.10425,0.10425,0.3284,0.1915,0.10425,0.10425,0.15,0.0914,0.10425,0.10425,0.10425,0.10425,0.10425,0.10425,0.10425,0.10425,0.0976,0.10425,0.10425,0.10425,0.10425,0.10425,1.116,0.02539,0.10425,0.10425,0.10425,1.448,0.10425,0.10425,0.07587,0.10425,0.10425,0.0709,0.10425,0.10425,1.565,0.10425,0.10425,0.10425,0.1165,0.10425,0.10425,0.10425,0.10425,0.10425,0.10425,0.10425,0.1118,0.10425,0.10425,0.10425,0.10425,0.10425,0.10425,0.0853,0.10425,0.10425,0.141,0.10425,0.10425,0.10425,0.3083,0.10425,0.10425,0.10425,0.10425,0.10425,0.10425,0.10425,0.10425,0.10425,0.10425,0.10425,0.10425,0.3462,0.10425,0.10425,0.10425,0.10425,0.1014,0.5674,0.0953,0.3035,0.10425,0.0966,0.10425,1.173,0.347,0.1027,0.10425,0.9927,0.10425,0.10425,0.2139,0.0983,0.10425,0.5605,0.10425,0.1528,0.10425,0.10425,0.10425,0.10425,0.10425,0.10425,0.10425,0.10425,0.11053,0.10425,0.4153,0.217,0.4124,1.12,0.10425,0.10425,0.10425,0.10425,0.10425,0.10425,0.10425,0.10425,0.10425,0.10425,0.10425,0.10425,0.10425,0.10425,0.10425,0.10425,0.10425,0.08545,0.107,0.10425,0.10425,0.10425,0.08124,0.10425,0.689,0.275,0.10425,0.10425,0.0905,0.2067,0.09607,0.10425,0.10425,0.2961,0.10425,0.10425,0.10425,0.1616,0.10425,0.10425,0.10425,0.10425,0.10425,0.10425,0.10425,0.10425,0.10425,0.1333,0.07825,0.0963,0.10425,0.1035,0.10425,0.10425,0.10425,0.10425,0.10425,0.10425,0.231,0.10425,0.10425,0.10425,0.10425,0.0957,0.10425,0.10425,0.614,0.4316,0.10425,0.10425,0.10425,0.10425,0.10425,0.10425,0.1486,0.10425,0.10425,0.10425,0.10425,0.2349,0.4492,0.10425,0.10425,0.08563,0.10425,0.10425,0.0978,0.0996,0.10425,0.10425,0.10425,0.10425,0.10425,0.10425,0.10425,0.4119,0.59,0.0972,0.10425,0.10425,0.10425,0.10425,0.10425,0.10425,0.10425,0.10425,1.123,0.08386,0.10425,0.10425,0.3108,0.10425,0.10425,0.10425,0.10425,0.10425,0.3293,0.10425,0.10425,0.10425,0.10425,0.10425,0.10425,0.10425,0.10425,0.10425,0.10425,0.08875,0.11383,0.10425,0.10425,0.2822,0.10425,0.10425,0.10547,0.10425,0.10425,0.818,0.10425,0.10425,0.10425,0.1863,0.10425,0.10425,0.10425,0.841,0.10425,0.09717,0.10425,0.10425,0.10425,0.565,0.10425,0.10425,0.10425,0.10425,0.0919,0.05637,0.10425,0.10425,0.10425,0.09406,0.10425,0.10425,0.10425,0.10425,0.10425,0.10425,0.10425,0.10425,0.10425,0.689,0.10425,0.2605,0.10425,0.10425,0.10425,0.10425,0.10425,0.10425,0.10425,0.10425,0.10425,0.10425,0.10425,0.1654,0.10425,0.10425,0.245,0.10425,0.0636,0.09534,0.10425,0.10425,0.10425,0.0927,1.958,0.10425,0.10425,0.10425,0.4756,0.10425,0.10425,0.395,0.10425,0.10425,0.10425,0.10425,0.10425,0.10425,0.10425,0.10425,0.10425,0.10425,0.10425,0.10425,0.386,0.0946,0.914,0.10425,0.10425,0.10425,0.10425,0.0896,0.10425,0.06116,0.08136,0.10425,0.829,0.10425,0.10425,0.10425,0.10425,0.1166,0.10425,0.10425,0.10425,0.0636,1.436,0.10425,0.10425,0.10425,0.10425,0.10425,0.10425,0.10425,0.10425,0.10425,0.10425,0.0942,0.1161,0.09784,0.10425,0.10425,0.10425,0.10425,0.10425,0.10425,0.589,0.10425,0.10425,0.10425,0.10425,0.10425,0.5615,0.0957,0.10425,0.10425,0.10425,0.2795,0.10425,0.10425,0.0958,0.10425,0.607,0.3025,0.10425,0.10425,0.1013,0.1261,0.10425,0.10425,0.10425,0.8965,0.10425,0.10425,0.10425,0.10425,0.10425,0.109,0.10425,0.3643,0.10425,0.10425,0.10425,0.3105,0.10425,0.10425,0.3,0.302,0.10425,0.10425,0.6035,0.10425,0.10425,0.0805,0.10425,0.10425,0.10425,0.10425,0.10425,1.339,0.265,0.476,0.10425,0.10425,0.10425,0.10425,0.08875,0.10425,0.10425,0.10425,0.10425,0.10425,0.10425,0.10425,0.10425,0.10425,0.10425,1.538,0.4746,0.10425,0.10425,0.8223,0.10425,0.2822,0.10425,0.10425,0.10425,0.10425,0.974,0.10425,0.10425,0.10425,0.10425,0.10425,0.3623,0.1035,0.10425,1.103,0.10425,0.594,0.10425,0.10425,0.10425,0.10425,0.10425,0.10425,0.10425,0.10425,0.09375,0.10425,0.0938,0.10425,0.5303,0.10425,0.10425,0.10425,0.10425,0.10425,0.10175,0.10425,0.10425,0.10425,0.10425,0.10425,0.09875,0.10425,0.10425,0.10425,0.3914,0.10425,0.0922,0.10425,0.10425,0.10425,0.10425,0.0722,0.10425,0.10425,1.623,0.10425,0.10425,0.10425,0.0998,0.10425,0.10425,0.895,0.10425,0.10425,0.10425,0.10425,0.10425,0.10425,0.0641,0.4565,0.10425,0.10425,0.10425,0.10425,0.10425,0.10425,0.0995,0.10425,0.1833,0.1824,0.10425,0.10425,0.916,0.10425,0.10425,0.10425,0.10425,0.10425,0.10425,0.10425,0.10425,0.10425,0.10425,0.10425,0.10425,0.10425,0.316,1.995,0.202,0.10425,0.10425,0.10425,0.10425,0.10425,0.10425,0.10425,0.10425,1.048,0.07117,0.10425,0.10425,0.281,0.0774,0.1004,0.10425,0.10425,0.3767,0.10425,0.10425,0.0786,0.10425,0.10425,0.10425,0.10425,0.304,0.10425,0.10425,0.1986,0.0891,0.10425,0.10425,0.1815,0.10425,0.3796,0.10425,0.558,0.4673,0.09534,0.10425,0.10425,0.10425,0.10425,0.10425,0.724,0.10425,0.10425,0.205,0.10425,0.10425,0.823,0.10425,0.10425,0.10425,0.10425,0.10425,0.10425,0.0974,0.1149,0.10425,1.283,0.10425,0.10425,0.10425,0.546,0.10425,0.0956,0.10425,0.10425,0.10425,0.10425,0.364,0.10315,0.2898,0.10425,0.10425,0.4436,0.10425,0.10425,0.2261,0.10425,0.10425,0.10425,0.10425,0.10425,0.10425,0.1067,0.3005,0.10425,0.10425,0.10425,0.1278,0.10425,0.10425,0.10425,0.10425,0.10425,0.10425,0.10425,0.10425,0.1039,0.445,0.10425,0.10425,0.10425,0.10034,0.10425,0.10425,0.10425,0.5483,0.2281,0.10425,0.10425,0.0892,0.10425,0.10425,0.3616,0.0926,0.5396,0.10425,0.10425,0.0885,1.324,0.10425,0.10425,0.10425,0.10425,0.10425,0.10425,0.10425,0.10425,0.07495,0.10425,0.10425,0.10425,0.10425,0.10425,0.0969,0.10425,0.10425,0.10425,0.10425,0.10425,0.10425,0.10425,0.0793,0.1,0.1855,0.10425,0.0861,0.09393,0.2798,0.10425,0.4321,0.10425,0.10425,0.641,0.10425,0.7793,0.3906,0.10425,0.10425,0.10425,0.10425,0.10425,0.10425,0.10425,0.10425,0.0933,0.10425,0.10425,0.10425,0.1958,0.10425,0.10425,0.10425,0.10425,0.10425,0.10425,0.1843,0.10425,0.0868,0.561,0.10425,0.10425,0.867,0.10425,0.10425,0.09485,0.10425,0.10425,0.10425,0.286,0.05884,0.10425,0.10425,0.10425,0.10425,0.10425,0.5986,0.10425,0.10425,0.0796,0.09906,0.10425,0.10425,0.0908,0.10425,0.3489,0.10425,0.604,0.10425,0.10425,0.10425,0.10425,0.10425,0.10425,0.10425,0.10425,0.10425,0.10425,0.1055,0.10425,0.10425,0.05353,0.09515,0.10425,0.10425,0.10425,0.10425,0.10425,0.1332,0.10425,0.647,0.4346,0.10425,0.10425,0.10425,0.10425,0.10925,0.1678,0.10425,0.10425,0.10425,0.10315,0.10425,0.10425,0.2842,0.10425,0.10425,0.10425,0.10425,0.10425,0.10425,1.057,0.316,0.7227,0.10425,0.10425,0.10425,0.10425,0.10425,0.10425,0.1744,0.10425,0.10425,0.4543,0.2803,0.6455,0.10425,0.4023,0.10156,0.10425,0.10425,0.10425,0.10425,0.165,0.0977,0.10425,1.185,0.10425,0.10425,0.10425,0.10425,0.10425,0.10425,0.10425,0.10425,0.5723,0.10425,0.56,0.10425,0.2272,0.10425,0.10425,0.10425,0.10425,0.10425,0.10425,0.7856,0.10425,0.09467,0.10425,0.10425,0.1019,0.10425,0.10425,0.6265,0.09454,0.1334,0.10425,0.06058,0.10425,0.10425,0.10425,0.3325,0.10425,0.10425,0.10425,0.10425,0.10425,0.10425,0.10425,0.1226,0.08344,0.4368,0.10425,0.10425,0.10425,0.10425,0.10425,0.4653,0.10425,0.1431,0.10425,0.10425,0.10425,0.10425,0.3794,0.10425,0.1854,0.1599,0.10425,0.10425,0.10425,0.1093,0.84,0.1096,0.4119,0.10425,0.10425,0.10425,0.10425,0.10425,0.10425,0.10425,0.10425,0.10425,0.10425,0.10425,0.10425,0.10425,0.4194,0.10425,0.10425,0.10425,0.10425,0.10425,0.10425,0.10425,0.10425,0.10425,0.10425,0.0463,0.04578,0.10425,0.939,0.418,0.10425,0.10425,0.10425,0.10425,0.10425,0.10425,0.2142,0.10425,0.477,0.10425,0.10425,0.10425,0.084,0.08014,0.10425,0.3396,0.10425,0.10425,0.09985,0.10425,0.10425,0.10425,0.10425,0.10425,0.10425,0.10425,0.10425,0.10425,0.3125,0.8506,0.07544,0.0963,0.10425,0.5454,0.10425,0.10425,0.4512,0.10425,0.10425,1.016,0.2502,0.10425,0.06158,0.10425,0.10425,0.10425,0.10425,0.10425,0.10425,0.10425,0.10425,0.10425,0.7134,0.10406,0.10425,0.10425,0.10425,0.0922,0.2183,0.10425,0.10254,0.10425,0.10425,0.0974,0.10425,0.10425,0.10425,0.10425,0.394,0.10425,0.0808,0.10425,0.07007,0.10425,0.10425,0.10425,2.45,0.10425,0.10187,0.10425,0.831,0.2651,0.10425,0.10425,0.1997,0.10425,0.10425,0.10425,0.0962,0.341,0.579,0.10425,0.10425,0.10425,0.10425,0.10425,0.10425,0.10425,0.07837,0.10425,0.10425,0.10425,0.7856,0.10425,0.10425,0.10425,1.021,0.10425,0.2086,0.2098,0.10425,0.10425,0.969,0.10425,0.10425,0.0838,0.10425,0.10425,0.10425,0.10425,0.1175,0.10425,0.10425,0.10425,0.09143,0.10425,0.10425,0.10425,0.10425,0.10425,0.10425,0.10425,0.10425,0.10425,0.10425,0.0985,0.0971,0.10425,0.10425,0.10425,0.10425,0.0936,0.10425,0.1675,0.10425,0.3347,0.0871,0.10425,0.10425,0.10425,0.10425,0.10425,0.1064,0.312,0.10425,0.6777,0.10425,0.10425,0.7056,0.10425,0.811,0.1364,0.0869,0.10425,0.10425,0.04886,0.10425,0.10425,0.10425,0.0955,0.10425,0.1153,0.10425,0.1383,0.10425,0.10425,0.10425,0.10425,0.10425,0.10425,0.10425,0.233,0.245,0.10425,0.10425,0.10425,0.10425,0.10425,0.10425,0.10425,0.10425,0.10425,0.10425,0.10425,0.11115,0.10425,0.10425,0.248,0.10425,0.10425,0.10425,0.05795,0.10425,0.10425,0.0668,0.10425,0.0953,0.1051,0.10425,1.2,0.10425,0.10425,0.4001,0.10425,0.1967,0.09644,0.754,0.10425,0.10425,0.10425,0.10425,0.10425,0.10425,0.10425,0.10425,0.10425,0.10425,0.0938,0.10425,0.10425,0.10425,0.10425,0.519,1.566,0.10425,0.10425,0.10425,1.408,0.1603,0.08954,0.2164,0.3557,0.10425,0.10425,0.10425,0.10425,0.2097,0.10425,0.10425,0.10425,0.5366,0.10425,0.10425,0.10425,0.10425,0.10425,0.10425,0.10425,0.10425,0.10425,0.10425,0.10425,0.10425,0.3496,0.10425,0.10425,0.10425,0.10425,0.10425,0.10425,0.10425,0.10425,0.9673,0.10425,0.10425,0.10425,0.10425,0.7285,0.10425,0.10425,0.0632,0.10425,0.10425,0.10425,0.10425,0.10425,0.10425,0.10425,0.0708,0.883,0.10425,0.0807,0.10425,0.10425,1.051,1.666,0.10425,0.10425,0.10425,0.10425,0.09106,0.10425,0.10425,0.10425,0.10425,0.10425,0.10425,0.10425,0.1656,0.3823,0.10425,0.10425,0.10425,0.08264,0.10425,0.10425,1.024,0.10425,0.10425,0.10425,0.10425,0.10425,0.10425,0.10425,0.10425,0.10425,0.10425,0.4827,0.1434,0.10425,0.10425,0.10425,0.10425,0.10425,0.10425,0.10425,0.5327,0.10425,0.10425,0.10425,0.10425,0.0712,0.10425,0.0847,0.10425,0.10425,0.10425,0.0956,0.0998,0.10425,0.10425,0.534,0.10425,0.10425,0.10425,0.10425,0.10425,0.10425,0.09753,0.3115,0.10425,0.10614,0.10425,0.596,0.10425,0.10425,0.10425,0.0975,0.10425,0.818,0.10425,0.10425,0.0824,0.10425,0.10425,0.10425,0.10425,0.10425,0.47,0.10425,0.482,0.10425,1.023,0.10425,0.1703,0.10425,0.10425,0.10425,0.336,0.0667,0.10425,0.10425,0.10425,0.09924,0.10425,0.10425,0.3977,0.10425,0.10425,0.10425,0.10425,0.10425,0.10425,0.10425,0.10425,1.067,0.10425,0.07385,0.10425,0.10425,0.09515,0.10425,0.10425,0.10425,0.07837,0.10425,0.10425,0.0903,0.10425,0.10425,0.10425,0.10425,0.10425,0.10425,0.10425,1.05,0.10425,0.10425,0.07074,0.10425,0.10425,0.10425,0.0974,0.10425,0.10425,1.085,0.10425,0.10425,0.10425,0.10425,0.10425,0.10425,0.10425,0.10425,0.10425,0.10425,0.10425,0.129,0.10425,0.0956,0.10425,0.10425,0.10425,0.10425,0.10425,0.10425,0.0853,0.10425,0.10425,0.10425,0.10425,0.10425,0.0678,0.1003,0.4258,0.10425,0.10425,0.10425,0.10425,0.10425,0.10425,0.3872,0.10425,0.10425,0.10425,0.10425,0.0782,0.10425,0.0982,0.0953,0.3303,0.10425,0.10425,0.99,0.10425,0.10425,0.1644,0.10425,0.10425,0.10425,0.10425,0.10425,0.10425,0.10425,0.10425,0.10425,0.10425,0.4507,0.10425,0.10254,0.10425,0.10425,0.10425,0.10425,0.10425,0.10425,0.09357,0.10425,0.10077,0.10425,0.1958,0.3508,0.10425,0.1216,0.10425,0.10425,0.3203,0.10425,0.10425,0.2512,0.10425,0.10425,0.10425,0.10425,0.10425,0.10425,0.10425,0.10425,0.10425,0.10425,0.10425,0.10425,0.10425,0.07684,0.1823,0.10425,0.10425,0.0975,0.10425,1.954,0.10425,0.10425,0.10425,0.0668,0.10425,0.10425,0.10425,0.10425,0.142,0.10425,0.3992,0.10425,0.0992,0.3894,0.0994,0.10425,0.10425,0.10425,0.4927,0.10425,0.10284,0.10425,0.10425,0.10425,0.10425,0.10425,1.567,0.10425,0.10425,0.10425,0.5537,0.11487,0.712,0.10425,0.10425,0.10425,0.10425,0.10425,0.08813,0.10425,0.2184,0.10425,0.08875,0.3086,0.10425,0.10425,0.10425,0.10425,0.10425,0.10425,0.10425,0.236,0.10425,0.10425,0.10425,0.10425,0.10425,0.0825,0.10425,0.10425,0.10425,0.8228,0.10425,0.10425,0.10425,0.10425,0.08344,0.1805,0.0903,0.10425,0.10425,0.10425,0.10425,0.10425,0.10425,0.10425,0.889,0.10425,0.10425,0.10425,0.0536,0.5005,0.2145,0.10425,0.10425,0.273,0.10425,0.10425,2.018,0.10425,0.0991,0.10425,0.10425,0.10425,0.10425,0.10425,0.10425,0.10425,0.0905,0.10425,0.10425,0.10425,0.10425,0.10425,0.10425,0.10425,0.10425,0.0781,0.10425,0.7646,0.10425,0.10425,0.10425,0.10425,0.10425,0.10425,0.1009,0.10425,0.3071,0.0997,0.10425,0.0867,0.0605,0.9556,0.09827,0.10425,0.10425,0.10425,0.10425,0.10425,0.09753,0.10425,0.4058,0.10425,0.10425,0.1022,0.10425,0.10425,0.10425,0.10425,0.10046,0.10425,0.10425,0.10425,0.4827,0.3965,0.07434,0.10425,0.10425,0.10425,0.10425,0.10425,0.9526,0.04312,0.10425,0.10425,0.10425,0.10425,0.104,0.10425,0.5146,0.10425,0.10425,0.10425,0.0882,0.10425,0.10425,0.10425,0.075,0.10425,0.10425,0.1818,0.0859,0.10425,0.10425,0.10425,0.10425,0.10425,0.0944,0.10425,0.10425,0.10425,0.10425,0.2905,0.10425,0.10425,0.092,0.10425,0.10425,0.10425,0.4016,0.467,0.4155,0.10425,0.607,0.0829,0.10425,0.10425,0.10425,0.0562,0.10425,0.10425,0.10425,0.10425,0.10425,0.0695,0.10425,1.317,0.4727,0.10425,0.10425,0.10425,0.10425,0.10425,0.10425,0.0929,0.3127,0.10425,0.10425,0.10425,0.10425,0.10425,0.10425,0.0916,0.10425,0.10425,0.7275,0.10425,0.10425,0.545,0.5083,0.10425,0.10425,0.10425,0.0944,0.10425,0.10425,0.10425,0.10425,0.167,0.956,0.10425,0.4443,0.10425,0.10516,0.10425,0.10425,0.10425,0.10425,0.1039,0.10425,0.10425,0.10425,0.0933,0.10425,0.10425,0.548,0.0981,0.0988,0.10425,0.10425,0.10425,0.10425,0.10425,0.10425,0.10425,0.10425,0.10425,0.10425,0.10425,0.10425,0.10425,0.10425,0.10425,0.10425,0.10425,0.10425,0.444,0.10425,0.08746,0.705,0.0918,0.10425,0.0777,0.10425,0.08014,0.10425,0.10425,0.0966,0.10425,0.10425,0.0965,0.1542,0.10425,0.10425,0.10425,0.10425,0.10425,0.10425,0.10425,0.10425,0.10425,0.10425,0.10425,0.1556,0.8057,0.10425,0.10425,0.1035,0.5435,0.4836,0.10425,0.31,0.10425,0.10425,0.10425,0.10425,0.10425,0.0822,0.10425,0.10425,0.10425,0.10425,0.10425,0.542,0.0964,0.10425,0.07965,0.07007,0.10425,0.10425,0.10425,0.10425,0.10425,0.0817,0.10425,0.0955,0.10425,0.3115,0.10425,0.10425,0.10425,0.10425,0.10425,0.10425,0.0764,0.10425,0.3545,0.494,0.10425,0.10425,0.10425,0.10425,0.10425,0.10425,0.0897,0.0949,0.10425,0.10425,0.10425,0.10425,0.10425,0.4524,0.10425,0.10425,0.10425,0.10425,0.2313,0.1012,0.10425,0.0984,0.10425,0.0888,0.10425,0.10425,0.10425,0.10425,0.10425,0.10425,0.10425,0.4668,0.10425,0.10425,0.10425,0.10425,0.5557,0.10425,0.10425,0.1486,0.10425,0.10425,0.10425,0.10425,0.10425,0.10425,0.10425,0.1324,0.10425,0.10425,0.10425,1.324,0.0949,0.633,0.0675,0.10425,0.118,0.10425,0.10425,0.2367,0.10425,0.10425,0.10425,0.10425,0.09033,0.10425,0.6763,0.10425,0.1538,0.7583,0.1586,0.10425,0.1005,0.10425,0.2888,0.10425,0.10425,0.10425,0.0966,0.09534,0.06137,0.2184,0.2319,0.10425,0.10425,0.0978,0.10425,0.1018,0.10425,0.10425,0.10425,0.10425,0.626,0.10425,0.10425,0.5444,0.0913,0.10425,0.10425,0.10425,0.10425,0.10425,0.10425,0.10425,0.259,0.10425,0.0745,0.967,0.346,0.10425,0.10425,0.10425,0.10425,0.1119,0.10425,0.10425,0.08405,0.10425,0.10425,0.10425,0.10425,0.10425,0.10425,0.10425,0.10425,0.10425,0.10425,0.1896,0.10425,0.05457,0.10425,0.10425,0.10425,0.10425,0.10425,0.10425,0.2576,0.10425,0.10425,0.10425,0.0661,0.10425,0.10425,0.10425,0.822,0.10425,0.3933,0.10425,0.10425,0.10425,0.10425,0.10425,0.592,0.10425,0.1027,0.10425,0.10425,0.10425,0.10425,0.10425,0.10425,0.10425,0.10425,0.10425,0.10425,0.0744,0.10425,0.10425,0.0935,0.066,0.10425,0.10425,0.1007,0.10425,0.10425,0.10425,0.4138,0.10425,0.10425,0.10425,0.19,0.10425,0.08777,0.7944,0.10425,0.10425,0.10425,0.10425,0.10425,0.10425,0.4055,0.7583,0.10425,0.10425,0.3933,0.10223,0.10425,0.10425,0.1167,0.10425,0.10364,0.10425,0.10425,0.10425,0.09204,0.10425,0.0911,0.355,0.10425,0.10425,0.10425,0.47,0.10425,0.10425,0.10425,0.10425,0.10425,0.2754,0.0895,0.10425,0.10425,0.1387,0.10425,1.187,0.4956,0.10425,0.10425,0.10425,0.10016,0.10425,0.3,0.0763,0.0814,0.10425,0.10425,0.099,0.10425,0.10425,0.0946,0.3286,0.05573,0.4407,0.854,0.10425,0.10425,0.09283,0.1638,0.10425,0.10425,0.10425,0.984,0.10425,0.10425,0.10425,0.4973,0.10425,0.10425,0.10425,0.10425,0.10425,0.2004,0.10425,0.10425,0.05945,0.10425,0.10425,0.10425,0.10425,0.10425,0.10425,0.0668,0.10425,0.10425,0.10425,0.0971,0.0417,0.10425,0.10425,1.006,0.10425,0.714,0.047,0.10425,0.10425,0.10425,0.10425,0.10425,0.10425,0.10425,0.10425,0.6416,0.0958,0.10425,0.10425,0.753,0.10425,0.10425,0.10425,0.10425,0.10425,0.10425,0.5654,0.10425,0.4644,0.10425,0.10425,0.2737,1.015,0.10425,0.09955,0.10425,0.10425,0.4016,0.8115,0.10425,0.10425,0.10425,0.10425,0.10425,0.10425,0.10425,0.1954,0.10425,0.10425,0.39,0.10425,0.10425,0.10425,0.10425,0.1284,0.10425,0.07043,0.10425,0.1362,0.10425,0.10425,0.1407,0.10425,0.10425,0.818,0.10425,0.10425,0.10425,0.10425,1.015,0.10425,0.10425,0.10425,0.1034,0.1324,0.10425,0.10425,0.10425,0.10425,0.10425,0.10425,0.09357,1.051,0.872,0.0676,0.10425,0.10425,0.09753,0.10425,1.189,0.10425,0.10425,0.2656,0.10425,0.3784,0.3145,0.10425,0.06744,0.10425,0.10425,0.10425,0.10425,0.3857,0.10425,0.10425,0.10425,0.10425,0.08325,0.2708,0.10425,0.10425,0.10425,0.10425,0.9893,0.10425,0.10425,0.10425,0.10425,0.08746,0.10425,0.81,0.10425,0.10657,0.10425,0.10425,0.10425,0.191,0.10425,0.10425,0.10425,0.10425,0.10425,0.10425,0.10425,0.10425,0.10425,0.10425,0.10425,0.10425,0.10425,0.10425,0.10425,0.10425,0.10425,0.10425,0.10425,0.10425,0.10425,0.10425,0.10425,0.10425,0.10425,0.10425,0.576,0.10425,0.2637,0.10425,0.10425,0.3015,0.10425,0.10425,0.405,0.05798,0.10425,0.10425,0.10425,0.10425,0.2274,0.10425,0.10425,0.7046,0.10425,0.09607,0.8496,0.10425,0.63,0.10425,0.10425,0.10425,0.10425,0.0961,0.1313,0.10425,0.10425,0.10425,0.1011,0.10425,0.10425,0.10425,0.10425,0.10425,0.10425,0.10425,0.10425,0.10425,0.10425,0.10425,0.10425,0.10425,0.10425,0.342,0.10425,0.10425,0.09076,0.1129,0.10425,0.10425,0.10425,0.0811,0.10425,0.10425,0.10425,0.10425,0.10425,0.10425,0.10425,0.10425,0.10425,0.1147,0.10425,0.10425,0.234,0.08844,0.1663,0.10425,0.0847,0.10425,0.10425,0.10425,0.10425,0.10425,0.10425,0.10425,0.10425,0.10425,0.10425,0.10425,0.0847,0.4084,0.10425,0.10425,0.10425,0.10425,0.10425,0.10425,0.095,0.10425,0.07904,0.10425,0.0964,0.10425,0.10425,0.10425,0.10425,0.10425,0.10425,0.10425,0.10425,0.10425,0.10425,0.1764,0.10425,0.564,0.10425,0.10425,0.10425,0.10425,0.2261,0.10425,0.10425,0.10425,0.10425,0.10425,0.0935,0.10425,0.10425,0.10425,0.10425,0.07666,0.10425,0.154,0.10425,0.0694,0.10425,0.10425,0.10425,0.10425,0.10425,0.10425,0.10425,0.08307,0.10425,0.10425,0.10425,0.11053,0.10425,0.10425,0.0984,0.646,0.1681,0.3125,0.10425,0.10425,0.10425,0.10425,0.10425,0.1149,0.07043,0.10425,0.10425,0.2861,0.10425,0.10425,0.10425,0.10425,0.10425,0.10046,0.10425,0.10425,0.0954,0.98,0.10425,0.10425,0.10425,0.10425,0.10425,0.10425,0.10425,0.10425,0.10425,0.10425,0.1282,0.10425,0.10425,0.10425,0.10425,0.10425,0.10425,0.10425,0.10425,0.536,0.2566,0.10425,0.0751,0.10425,0.10425,0.10425,0.10425,0.10425,0.4712,0.10425,0.7246,0.10425,0.10425,0.1,0.10425,0.10425,0.6377,0.10425,0.1774,0.10425,0.10425,0.10425,0.10425,0.2167,0.10425,0.10425,0.10425,0.0971,0.10425,0.10425,0.08405,0.10425,0.10425,0.10425,0.10425,0.4517,0.10425,0.10425,0.0798,1.321,0.3188,0.10425,0.10425,0.10425,0.10614,0.10425,0.10425,0.10425,0.5205,0.10425,0.1322,0.3972,0.10425,0.1683,0.1605,0.10425,0.10425,0.10425,0.10425,0.10425,0.10425,0.0711,0.10425,0.10425,0.10425,0.10425,0.4343,0.1158,0.10425,0.10425,0.10425,0.1191,0.10425,0.2534,0.10425,0.10425,0.0951,0.0927,0.10425,0.10425,0.10425,0.10425,0.10425,0.10425,0.10425,0.10425,0.10425,0.10425,0.10425,0.10425,0.10425,0.10425,0.10425,0.10425,0.10425,0.10425,0.10425,0.07306,0.10425,0.07227,0.10425,0.3037,0.10425,0.10425,0.10425,0.10425,0.10425,0.08685,0.10425,0.10425,0.09393,0.10425,0.10425,0.6196,0.10425,0.10425,0.2329,0.10425,0.10425,0.10425,0.0967,0.10425,0.08203,0.10425,0.10425,0.10425,0.10425,0.10425,0.10425,0.0697,0.5117,0.10425,0.10425,0.10425,0.10425,0.10425,0.10425,0.6826,0.10425,0.10425,0.2588,0.10425,0.10425,0.10425,0.1975,0.10425,0.923,0.0967,0.10425,0.0861,0.2107,0.10425,0.10425,0.10425,0.10425,0.1021,0.0987,0.10425,0.10425,0.10425,0.10425,0.10425,0.10425,0.10425,0.0973,0.10425,0.10425,0.10425,0.10425,0.7676,0.10425,0.10425,0.10425,0.10425,0.10425,0.10425,0.10425,0.10425,0.10425,0.403,0.10425,0.10425,0.10425,0.10425,0.10425,0.10425,0.10425,0.332,0.0982,0.10077,0.1929,0.2002,0.10425,0.10425,0.10425,0.10425,0.09076,0.10425,0.10425,0.10425,0.10425,0.10425,0.10425,0.10425,0.10425,0.10425,0.10425,0.10425,0.696,0.10425,0.10425,0.0957,0.3833,0.10425,0.10425,0.10425,0.10425,0.10425,0.1268,0.0752,0.10425,0.10425,0.3777,0.10425,0.1604,0.10425,0.10425,0.10425,0.10425,0.10425,0.2764,0.10425,0.10425,0.10425,0.10425,0.10425,0.10425,0.10425,0.10425,0.10425,0.10425,0.10425,0.157,0.10425,0.10425,0.10425,0.10425,0.10425,0.08984,0.10425,0.10425,0.10425,0.10425,0.0986,0.10425,0.12463,0.10425,0.10425,0.10425,0.10425,0.10425,0.10425,0.10425,0.6426,0.3545,0.2651,0.0835,0.553,0.10425,0.10425,0.10425,0.10425,0.10425,0.10425,0.10425,0.10425,0.10425,0.7344,0.10425,0.10425,0.10425,0.1938,0.10425,0.10425,0.10425,0.096,0.10425,0.6685,0.10425,0.10425,0.10425,0.10425,0.10425,0.10425,0.10425,0.10425,0.10425,0.10425,0.1678,0.10425,0.10425,0.3057,0.10425,0.10425,0.10425,0.10425,0.10425,0.10425,0.10425,0.10425,0.10425,0.10425,0.10425,0.10425,0.10425,0.0759,0.10425,0.10425,0.7896,0.1256,0.10425,0.549,0.10425,0.10425,0.10425,0.10425,0.10425,0.3875,0.10425,0.10425,0.07465,0.10425,0.10425,0.06244,0.10425,0.846,0.10425,0.10425,0.4392,0.10425,0.10425,0.10425,0.10425,1.668,0.08295,0.10425,0.10425,0.10425,0.10425,0.3281,0.3828,0.10425,0.10425,0.10425,0.10425,0.10425,0.10425,0.125,0.10425,0.10425,0.10425,0.10425,0.10425,0.10425,0.10425,0.10425,0.10425,0.317,0.10425,0.10425,0.10425,0.10425,0.10425,0.0849,0.10425,0.10425,0.09534,0.10425,0.10425,0.4724,0.10425,0.10425,0.10425,0.10425,0.10425,0.10425,0.10425,0.10425,0.0993,0.10425,0.10425,0.10425,0.10425,0.10425,0.10425,0.10425,0.1855,0.10425,0.10425,0.10425,0.10425,0.10425,0.10425,0.10425,0.10425,0.0817,0.10425,0.10425,0.10425,0.10425,0.10425,0.10425,0.10425,0.10425,0.10425,0.10425,0.10425,0.10425,0.10425,0.10425,0.10425,0.10425,0.10425,0.10425,0.10425,0.10425,0.11066,0.10425,0.10425,0.10425,0.10425,0.10425,0.10425,0.05243,0.10425,0.10425,0.2167,0.10425,0.9453,0.4387,0.10425,0.10425,0.10425,0.10425,0.10425,0.10425,0.4365,0.10425,0.10425,0.1296,0.10425,0.10425,0.11127,1.125,0.10425,0.10425,0.10425,0.1664,0.0772,0.10425,0.10425,0.10425,0.10425,1.12,0.10425,0.10425,0.10425,0.0887,0.3042,0.10425,0.10156,0.10425,0.10425,0.164,0.10425,0.10425,0.09656,0.10425,0.10425,0.114,0.08453,0.10425,0.10425,0.10425,0.10425,0.10284,0.10425,0.10425,0.512,0.1395,0.10425,0.10425,0.10425,0.722,0.10425,0.10425,0.10425,0.10425,0.10425,0.10425,0.2527,0.10425,0.10425,0.10425,0.1054,0.10425,0.10425,0.10425,0.08887,0.10425,0.4524,1.195,0.10425,0.10425,0.10425,0.10425,0.10425,0.10425,0.10425,0.05478,0.064,0.9653,0.10425,0.10425,0.10425,0.10425,0.09076,0.10425,0.3171,0.10425,0.10046,0.10425,0.10425,0.10425,0.10425,0.6035,0.10425,0.10425,0.10425,0.10425,0.10425,0.10425,0.10425,0.10425,0.10425,0.10425,0.10425,0.10425,0.0843,0.10425,0.10425,0.0827,0.10425,0.1498,0.10425,0.09546,0.10425,0.10425,0.10425,0.10425,0.10425,0.10425,0.10425,0.10425,0.10425,0.10425,0.10425,0.517,0.10425,0.0716,0.10425,0.094,0.07996,0.2319,0.10425,0.205,0.10425,0.1015,0.10425,0.3591,0.1007,0.10425,0.7397
7,0.09644,0.09644,0.5317,0.09644,0.2352,0.781,0.09644,0.09644,0.09644,0.09644,0.09644,0.09644,0.09644,0.09644,0.0839,0.09644,0.11285,0.7886,0.0902,0.09644,0.09644,0.09644,0.09644,0.175,0.09644,0.1272,0.09644,0.2487,0.3474,0.0981,0.2117,0.09644,0.08716,0.09644,0.09644,0.1981,0.09644,0.09644,0.09644,0.09644,0.09644,0.09644,0.683,0.0898,0.09644,0.09644,0.0781,0.09644,0.09644,1.49,0.09644,0.09644,0.0939,0.1008,0.09644,0.4067,0.4265,0.09644,0.4512,0.09644,0.5024,0.09644,0.09644,0.2324,0.09644,0.09644,0.5396,0.09644,0.09644,0.09644,0.09644,0.09644,0.09644,0.09644,0.09644,1.369,0.09644,0.73,0.09644,0.09644,0.09644,0.09644,0.09644,0.09644,0.3984,0.09644,0.09644,0.09644,0.09644,0.09644,0.09644,0.0705,0.6216,0.4854,0.09644,0.0874,0.09644,0.3345,0.0871,0.1793,0.09644,0.09644,0.09644,0.09644,0.09644,0.09644,0.08905,0.09644,0.0993,0.09644,0.09644,0.09644,0.09644,0.09644,0.09644,1.197,0.1162,0.09644,0.09644,0.09644,0.5845,0.09644,0.09644,0.09644,0.09644,0.09644,0.09644,0.09644,0.09644,0.09644,0.09644,0.0943,0.09644,0.2852,0.09644,0.09644,0.09644,0.09644,0.4421,0.09644,0.09644,0.09644,0.09644,0.5586,0.09644,0.09644,0.09644,0.09644,0.09644,0.09644,0.09644,0.09644,0.09644,0.09644,0.09644,0.09644,0.08453,1.344,0.09644,0.0873,0.09644,0.582,0.09644,0.0999,0.09644,0.09564,0.09644,0.09644,0.09644,0.1704,0.09644,0.09644,0.09644,0.09644,0.131,0.09644,0.09644,0.662,0.1019,0.09644,0.09644,0.09644,0.09644,0.09644,0.09644,0.554,0.09644,0.6978,0.09644,0.09644,0.09644,0.09644,0.09644,0.173,0.09644,0.09644,0.09644,0.09644,1.226,0.09644,0.0874,0.09644,0.09644,1.074,0.10284,0.2434,0.09644,0.09644,0.09644,0.556,0.09644,0.0922,0.09644,0.09644,0.09644,0.4653,0.09644,0.09644,0.09644,0.09644,0.09644,0.8755,0.1998,0.09644,0.09644,0.09644,0.09644,0.09644,0.09644,0.3042,0.5107,0.08777,0.07477,0.09644,0.09644,0.09644,0.1743,0.09644,0.09644,0.09644,0.09644,0.0917,0.09644,0.09644,0.09644,0.09644,0.09644,0.09644,0.09644,0.09644,0.09644,0.09644,0.09644,0.785,0.08276,0.091,0.09644,0.09644,0.09644,0.09644,0.09644,0.09644,0.09644,0.09644,0.0945,0.0886,0.09644,0.06183,0.2961,0.09644,0.09644,0.09644,0.09644,0.09644,0.09644,0.09644,0.09644,0.09644,0.09644,0.09644,0.09644,0.09644,0.2408,0.09644,0.09644,0.09644,0.09644,0.09644,0.09644,0.0914,0.09644,0.09644,0.09644,0.0878,0.09644,0.09644,0.088,0.09644,0.09644,0.09644,0.09644,0.08386,0.19,0.09644,0.09644,0.782,0.09644,0.09644,0.09644,0.09644,0.309,0.09644,0.09644,0.0893,0.4172,0.1418,0.09644,0.09644,0.09644,1.19,0.1891,0.09644,0.5166,1.378,0.09644,0.09644,0.8003,0.09644,0.09644,0.09644,0.09644,0.1392,0.09644,0.09644,0.09644,0.1997,0.3423,0.09644,0.09644,0.09644,0.09644,0.3591,0.0842,1.0,0.09644,0.2418,0.09644,0.09644,0.0849,0.09644,0.09644,0.09644,0.09644,0.0722,0.2969,0.3433,0.3804,0.09644,0.09644,0.12195,0.7505,0.09644,0.09644,0.09644,0.09644,0.09644,0.09644,0.565,0.4639,0.2108,0.09644,0.09644,0.09283,0.09644,0.09644,0.1691,0.09644,0.09644,0.09644,0.756,0.09644,0.09644,0.09644,1.185,0.09644,0.451,0.0844,0.09424,0.09644,0.09644,0.09644,0.09644,0.0936,0.09644,0.0921,0.09644,0.793,0.09644,0.4158,0.09644,1.025,0.09644,0.09644,0.09644,0.2275,0.09644,0.09644,0.09644,0.09644,0.09644,0.2135,0.894,0.09644,0.09644,0.09644,0.09644,0.1399,0.09644,0.09644,0.09644,0.09644,0.09644,0.1323,0.09644,0.09644,0.1279,0.09644,0.09644,0.09644,0.09644,0.528,0.0891,0.09644,0.09644,0.1578,0.09644,0.09644,0.09644,0.2927,0.09644,0.09644,0.09644,0.09644,0.1503,0.09644,0.09644,0.2766,0.1185,0.09644,0.09644,0.09644,0.09644,0.1943,0.09644,0.09644,0.09644,0.09644,0.09644,0.08704,0.09644,0.09644,0.09644,0.08813,0.09644,0.09644,0.09644,0.09644,0.09644,0.09644,0.09644,0.09644,0.09644,0.10504,0.09644,0.09644,0.1526,0.2632,0.09644,0.0924,0.09644,0.09644,0.8525,0.1521,0.09644,0.09644,0.09644,0.09644,0.09644,0.09644,0.09644,0.09644,0.09094,0.0909,0.09644,0.09644,0.09644,0.09644,0.09644,0.09644,0.09644,0.09644,0.09644,0.09644,0.3184,0.09644,0.09644,0.09644,0.09644,0.09644,0.09644,0.09644,0.09644,0.09644,0.09644,0.0988,0.09644,0.09644,0.09644,0.09644,0.09644,0.1919,0.09644,0.09644,0.1746,0.3354,0.09644,0.08185,0.09644,0.09644,0.09644,0.09644,0.09644,0.09644,0.09644,0.09644,0.09644,0.09644,0.09644,0.09644,0.09644,0.09644,0.09644,0.09644,0.09644,0.09644,0.09644,0.09644,0.09644,0.08496,0.2793,0.1643,0.09644,0.09644,0.695,0.09644,0.1809,0.09644,0.1001,0.09644,0.09644,0.09644,0.09644,0.09644,0.09644,0.09644,0.669,0.09644,0.09644,0.1921,0.09644,0.09644,0.09644,0.09644,0.442,0.09644,0.09644,0.2236,0.09644,0.08685,0.09644,0.09644,0.09644,0.0904,0.09644,0.09644,0.09644,0.09644,0.09644,0.09515,0.09644,0.2145,0.09644,0.09644,0.091,0.1613,0.09644,0.09644,0.09644,0.09644,0.09644,0.09644,0.09644,0.09644,0.09644,0.09644,0.08997,0.0945,0.09644,0.0928,0.09644,1.237,0.09644,0.09644,0.09644,0.1162,0.7026,0.09644,0.09644,0.1552,0.08246,0.09644,0.09644,0.625,0.0878,0.3787,0.6294,0.09644,0.0876,0.09644,0.1371,0.09644,0.687,0.1785,0.09644,0.09644,0.09644,0.1289,0.09644,0.09644,0.09644,0.09644,0.09644,0.2311,0.09644,0.09644,0.09644,0.09644,0.09644,1.297,0.09644,0.09644,0.09644,0.09644,0.1782,0.09644,0.6445,0.09644,0.09644,0.09644,0.09644,0.0882,0.09644,0.09644,0.09644,0.09644,0.09644,0.09644,0.17,0.0927,0.3926,0.09644,0.09644,0.09644,0.09644,0.09644,0.09644,0.09644,0.09644,0.3154,0.09644,0.09644,0.09644,0.09644,0.09644,0.09644,0.09644,0.09644,0.0974,0.09644,0.09644,0.4316,0.09,0.09955,0.09644,0.09644,0.09644,0.09644,0.3877,0.4326,0.09644,0.09644,0.09644,0.09644,0.09644,0.09644,0.09644,0.3115,0.161,0.09644,0.1935,0.09644,0.58,0.09644,0.09644,0.09644,0.09644,0.09644,1.26,0.0862,0.09644,0.09644,0.09644,0.332,0.09644,0.09644,0.09644,0.09644,0.09644,0.535,0.09644,0.06573,0.1654,0.09644,0.09644,0.07623,0.09644,0.09644,0.09644,0.09644,0.09644,0.09644,0.09644,0.09644,0.09644,0.09644,0.09644,0.617,0.09644,0.09644,0.09644,0.09644,0.09644,0.8003,0.394,0.09644,0.09644,0.09644,0.09644,0.09644,0.09644,0.09644,0.86,0.09674,0.09644,0.09644,0.09644,0.09644,0.09644,0.6978,0.09644,0.0987,0.09644,0.666,0.09644,0.09644,0.09644,0.09644,0.09644,0.09644,0.09644,0.09644,0.09644,0.09644,0.8457,0.09644,0.09644,0.683,0.09644,0.2142,0.541,0.09644,0.09644,0.09644,0.09644,0.2025,0.09644,0.09644,0.1697,0.09644,0.09644,0.09644,0.09644,0.923,0.09644,0.09644,0.09644,0.09644,0.09644,0.09644,0.09644,0.09644,0.09644,0.153,0.09644,0.09644,0.09644,0.09644,0.09644,0.09644,0.9893,0.09644,0.09644,0.1309,0.09644,1.506,0.3215,0.1699,0.1019,0.09644,0.1273,0.09644,0.09644,0.09644,0.09644,0.7515,0.0832,0.09644,0.09644,0.09644,0.09644,0.0887,0.09644,0.4236,0.09644,0.1919,0.09644,0.09644,0.09644,0.07605,0.09644,0.09644,0.09644,0.0896,0.09644,0.09644,0.09644,0.10034,0.09644,0.09644,0.09644,0.1887,0.09644,0.09644,0.09644,0.09644,0.1483,0.09644,0.09644,0.09644,0.09644,0.09644,0.09644,0.09644,0.0915,0.09644,0.09644,0.09644,0.08545,0.09644,0.09644,0.09644,0.09644,0.09644,1.092,0.07117,0.4177,0.09644,0.183,0.09644,0.09644,0.09644,0.09644,0.09644,0.3542,0.09644,0.09644,0.09644,0.4338,0.09644,0.09644,0.09644,0.09644,0.2927,0.09644,0.09644,0.09644,0.09644,0.09644,0.12256,0.0804,0.09644,0.7065,0.2998,0.1747,0.09644,0.09644,0.09644,0.09644,0.09644,0.09644,0.09644,0.09644,0.09644,0.09644,0.2032,0.09644,0.09644,0.09644,0.09644,0.3174,0.09644,0.09644,0.09644,0.0814,0.09644,0.09644,0.2041,0.09644,0.09644,0.08984,0.09644,0.692,0.09644,0.2957,0.0879,0.1233,0.2493,0.08435,0.09644,0.09644,0.09644,0.2249,0.09644,0.09644,0.09644,0.09644,0.09644,0.09644,0.09644,0.5415,0.09644,0.0861,0.4854,0.09644,0.09644,0.8364,0.09644,0.09467,0.09644,0.09644,0.09644,0.09644,0.09644,0.09644,0.09644,0.09644,0.096,0.09644,0.09644,0.09644,0.376,0.09644,0.09644,0.3206,1.285,0.521,0.09644,0.09644,0.09644,0.09644,0.09644,0.0858,0.09644,0.09644,0.09644,0.09644,0.09644,0.09644,0.07715,0.09644,0.09644,0.09644,0.0891,0.09644,0.254,0.09644,0.09644,0.5024,0.09644,0.06976,0.09644,0.09644,0.09644,0.09644,0.09644,0.09644,0.09644,0.09644,0.09644,0.09644,0.09644,0.2482,0.09644,0.2494,0.1042,0.6973,0.09644,0.7437,0.09644,0.2253,0.09644,0.09644,1.055,0.09644,0.09644,0.902,0.09644,0.0876,0.09644,0.576,0.7754,0.09644,0.09644,0.09644,0.09644,0.09644,0.09644,0.287,0.09644,0.09644,0.09644,0.09644,0.09644,0.0908,0.0991,0.09644,0.3354,0.09644,0.4136,0.09644,0.09644,0.09326,0.09644,0.09644,0.09644,0.09644,0.575,0.09644,0.09644,0.09644,0.09644,0.09644,0.09644,0.09644,0.0909,0.09644,0.1642,0.09644,0.09644,0.09644,0.09644,0.09644,0.09644,0.6655,0.3523,0.09644,0.09644,0.3157,0.0798,0.09644,0.09644,0.09644,0.09644,0.09644,0.09644,0.09644,0.09644,0.0987,0.09644,0.09644,0.09644,0.09644,0.09644,0.7837,0.09106,0.09644,0.09644,0.09644,0.9917,0.09644,0.09644,0.3953,0.09644,0.09644,0.09644,0.09644,0.09644,1.505,0.09644,0.09644,0.09644,0.094,0.09644,0.09644,0.09644,0.09644,0.09644,0.09644,0.09644,0.09644,0.09644,0.09644,0.09644,0.09644,0.09644,0.09644,0.10956,0.09644,0.09644,0.2096,0.09644,0.09644,0.09644,0.2045,0.09644,0.09644,0.09644,0.09644,0.09644,0.09644,0.09644,0.09644,0.09644,0.09644,0.09644,0.09644,0.478,0.09644,0.09644,0.09644,0.09644,0.09644,0.385,0.0667,0.1432,0.09644,0.0921,0.09644,1.012,0.1764,0.10626,0.09644,0.7305,0.09644,0.09644,0.09644,0.2124,0.09644,0.68,0.09644,0.0725,0.06976,0.09644,0.09644,0.09644,0.08685,0.09644,0.09644,0.09644,0.0563,0.09644,0.3792,0.2018,0.47,1.134,0.09644,0.09644,0.09644,0.09644,0.09644,0.09644,0.09644,0.09644,0.09644,0.09644,0.09644,0.09644,0.0891,0.09644,0.09644,0.09644,0.09644,0.0718,0.2267,0.09644,0.09644,0.09644,0.2058,0.09644,0.566,0.433,0.09644,0.09644,0.2269,0.11395,0.07904,0.09644,0.09644,0.2155,0.1566,0.09644,0.09644,0.05624,0.09644,0.09644,0.09644,0.09644,0.09644,0.09644,0.09644,0.09644,0.09644,0.07654,0.09644,0.08826,0.09644,0.0879,0.09644,0.09644,0.09644,0.09644,0.09644,0.09644,0.211,0.09644,0.09644,0.09644,0.09644,0.0961,0.2666,0.1227,0.606,0.1182,0.09644,0.09644,0.09644,0.09644,0.09644,0.09644,0.0836,0.09644,0.09644,0.09644,0.09644,0.0688,0.5195,0.09644,0.09644,0.09644,0.09644,0.09644,0.09644,0.09644,0.09644,0.09644,0.09644,0.09644,0.09644,0.09644,0.09644,0.4802,0.3833,0.0996,0.09644,0.09644,0.09644,0.09644,0.09644,0.09644,0.09644,0.09644,0.725,0.1876,0.09644,0.09644,0.313,0.09644,0.09644,0.09644,0.09644,0.09644,0.1698,0.09644,0.09644,0.09644,0.09644,0.09644,0.09644,0.09644,0.09644,0.09644,0.09644,0.09625,0.09644,0.09644,0.09644,0.2053,0.09644,0.09644,0.184,0.09644,0.0829,0.614,0.09644,0.09644,0.09644,0.09644,0.09644,0.09644,0.09644,0.7583,0.09644,0.09644,0.09644,0.09644,0.09644,0.722,0.09644,0.09644,0.09644,0.09644,0.1307,0.1377,0.09644,0.09644,0.09644,0.08386,0.09644,0.09644,0.09644,0.09644,0.09644,0.09644,0.09644,0.09644,0.09644,0.6,0.09644,0.2148,0.09644,0.09644,0.09644,0.09644,0.09644,0.09644,0.09644,0.09644,0.09644,0.09644,0.09644,0.1449,0.09644,0.09644,0.1819,0.09644,0.09546,0.09247,0.09644,0.09644,0.09644,0.09644,1.859,0.09644,0.09644,0.09644,0.09644,0.09644,0.09644,0.4902,0.09644,0.09644,0.09644,0.09644,0.09644,0.09644,0.09644,0.09644,0.09644,0.09644,0.09644,0.09644,0.093,0.09644,0.8066,0.09644,0.09644,0.09644,0.09644,0.1066,0.09644,0.0892,0.09314,0.09644,0.873,0.09644,0.09644,0.09644,0.07996,0.11786,0.09644,0.09644,0.09644,0.1378,0.936,0.09644,0.09644,0.09644,0.09644,0.09644,0.09644,0.09644,0.09644,0.09644,0.09644,0.09644,0.1065,0.09644,0.09644,0.09644,0.09644,0.09644,0.09644,0.09644,0.3313,0.09644,0.09644,0.09644,0.09644,0.09644,0.6104,0.07043,0.09644,0.09644,0.09644,0.3079,0.09644,0.09644,0.09644,0.09644,0.5933,0.3787,0.09644,0.09094,0.0888,0.08417,0.09644,0.09644,0.09644,0.749,0.09644,0.09644,0.09644,0.09644,0.09644,0.08905,0.09644,0.4504,0.1002,0.09644,0.09644,0.3713,0.09644,0.09644,0.2086,0.2203,0.0924,0.09644,0.5557,0.09644,0.09644,0.285,0.09644,0.09644,0.09644,0.09644,0.09644,1.308,0.1327,0.3823,0.09644,0.09644,0.09644,0.09644,0.1102,0.09644,0.09644,0.09644,0.09644,0.09644,0.09644,0.09644,0.0878,0.09644,0.09644,1.494,0.2976,0.09644,0.09644,0.6763,0.09644,0.10706,0.09644,0.09644,0.0905,0.09644,1.083,0.09644,0.09644,0.07196,0.09644,0.09644,0.1583,0.08026,0.1877,0.6694,0.09644,0.2651,0.09644,0.09644,0.09644,0.09644,0.09644,0.09644,0.09644,0.09644,0.09644,0.09644,0.1219,0.09644,0.5312,0.09644,0.09644,0.09644,0.09644,0.09644,0.09644,0.09644,0.09644,0.09644,0.09644,0.09644,0.09644,0.0834,0.09644,0.09644,0.0838,0.09644,0.09644,0.09644,0.09644,0.09644,0.09644,0.089,0.09644,0.09644,1.557,0.09644,0.09644,0.09644,0.09644,0.09644,0.09644,1.205,0.09644,0.09644,0.09644,0.09644,0.09644,0.09644,0.2,0.1744,0.0904,0.09644,0.11273,0.09644,0.09644,0.09644,0.09644,0.09644,0.3342,0.2333,0.09644,0.09644,1.589,0.09644,0.09644,0.09644,0.09644,0.09644,0.09644,0.0949,0.09644,0.09644,0.09644,0.09644,0.09644,0.09644,0.3613,1.897,0.2345,0.07434,0.09644,0.09644,0.09644,0.10144,0.09644,0.09644,0.09644,0.6074,0.2588,0.09644,0.0889,0.0828,0.0895,0.1153,0.09644,0.09644,0.4456,0.0912,0.09644,0.1355,0.09644,0.0835,0.09644,0.08417,0.1841,0.09644,0.0932,0.1962,0.0918,0.09644,0.09644,0.1095,0.0873,0.1125,0.09644,0.3179,0.4214,0.09015,0.09644,0.09515,0.09644,0.09644,0.09644,0.4287,0.09644,0.08484,0.3496,0.09644,0.09644,1.006,0.09644,0.09644,0.09644,0.09644,0.09644,0.09644,0.0873,0.09155,0.09644,1.183,0.09644,0.09644,0.09644,0.541,0.09644,0.0934,0.09644,0.09644,0.09644,0.09644,0.1503,0.182,0.2219,0.09644,0.09644,0.1663,0.09644,0.09644,0.224,0.09644,0.09644,0.09644,0.09644,0.09644,0.09644,0.2281,0.603,0.09644,0.09644,0.09644,0.0957,0.09644,0.09644,0.09644,0.09644,0.09644,0.09644,0.09644,0.09644,0.09644,0.3057,0.09644,0.09644,0.09644,0.09644,0.09644,0.09644,0.09644,0.2308,0.3186,0.09644,0.09644,0.09644,0.09644,0.09644,0.2473,0.09644,0.6245,0.09644,0.09644,0.09644,1.301,0.09644,0.09644,0.09644,0.09644,0.09644,0.09644,0.09644,0.09644,0.2039,0.09644,0.09644,0.09644,0.09644,0.09644,0.09644,0.09644,0.09644,0.09644,0.09644,0.09644,0.09644,0.09644,0.09644,0.0882,0.148,0.09644,0.08734,0.0949,0.1537,0.09644,0.3887,0.09644,0.09644,0.3726,0.09644,0.9062,0.489,0.09644,0.07,0.09644,0.09644,0.09644,0.09644,0.09644,0.08887,0.1163,0.09644,0.09644,0.09644,0.257,0.09644,0.09644,0.09644,0.09644,0.09644,0.09644,0.2686,0.10596,0.09644,0.69,0.09644,0.09644,0.2756,0.09644,0.09644,0.0932,0.09644,0.09644,0.09644,0.2489,0.07025,0.09644,0.09644,0.09644,0.09644,0.09644,0.3716,0.09644,0.09644,0.223,0.1026,0.09644,0.09644,0.1404,0.09644,0.0879,0.09644,0.5024,0.09644,0.09644,0.09644,0.09644,0.09644,0.09644,0.09644,0.09644,0.09644,0.09644,0.08234,0.09644,0.09644,0.0814,0.09644,0.09644,0.09644,0.09644,0.09644,0.08905,0.3306,0.09644,0.511,0.3752,0.09644,0.09644,0.09644,0.09644,0.10846,0.1267,0.09644,0.09644,0.09644,0.08295,0.09644,0.09644,0.10986,0.09644,0.09644,0.09644,0.09644,0.09644,0.09644,0.69,0.3164,0.9473,0.09644,0.09644,0.09644,0.09644,0.09644,0.09644,0.06354,0.09644,0.09644,0.379,0.1423,0.8813,0.09644,0.85,0.0949,0.09644,0.09644,0.09644,0.09644,0.1434,0.07275,0.09644,0.887,0.09644,0.09644,0.09644,0.09644,0.09644,0.091,0.09644,0.09644,0.7476,0.09644,0.10834,0.09644,0.0856,0.09644,0.09644,0.09644,0.09644,0.09644,0.09644,0.709,0.09644,0.3457,0.09644,0.1268,0.09644,0.09644,0.09644,1.076,0.0888,0.1528,0.09644,0.09644,0.09644,0.09644,0.09644,0.161,0.09644,0.09644,0.09644,0.09644,0.09644,0.09644,0.09644,0.05383,0.09644,0.4712,0.09644,0.09644,0.09644,0.09644,0.09644,0.4277,0.09644,0.07367,0.09644,0.09644,0.09644,0.09644,0.2399,0.09644,0.0781,0.0889,0.09644,0.09644,0.09644,0.07153,0.5703,0.1755,0.506,0.09644,0.138,0.09644,0.09644,0.09644,0.09644,0.09644,0.09644,0.09644,0.09644,0.09644,0.09644,0.09644,0.3918,0.09644,0.09644,0.09644,0.09644,0.09644,0.09644,0.09644,0.09644,0.09644,0.09644,0.1469,0.09644,0.09644,0.82,0.5464,0.09644,0.09644,0.09644,0.09644,0.09644,0.09644,0.1823,0.09644,0.1458,0.09644,0.09644,0.09644,0.119,0.08057,0.09644,0.1967,0.1159,0.09644,0.0823,0.09644,0.09644,0.094,0.09644,0.09644,0.09644,0.09644,0.09644,0.09644,0.1627,1.072,0.096,0.1344,0.09644,0.8384,0.09644,0.09644,0.2046,0.09644,0.09644,0.878,0.127,0.09644,0.09644,0.09644,0.09644,0.09644,0.09644,0.09644,0.09644,0.09644,0.09644,0.09644,0.712,0.09644,0.09644,0.09644,0.09644,0.09644,0.4631,0.09644,0.0897,0.09644,0.09644,0.09644,0.09644,0.09644,0.09644,0.09644,0.504,0.09644,0.0943,0.09644,0.2183,0.09644,0.09644,0.09644,2.45,0.09644,0.07245,0.09644,0.9067,0.434,0.09644,0.1004,0.4897,0.09644,0.09644,0.09644,0.09644,0.0854,0.4136,0.09644,0.09644,0.09644,0.09644,0.09644,0.09644,0.09644,0.11676,0.09644,0.09644,0.09644,0.8994,0.09644,0.09644,0.09644,0.9717,0.09644,0.1577,0.381,0.09644,0.09644,0.875,0.09644,0.09644,0.0998,0.09644,0.09644,0.09644,0.09644,0.1921,0.09644,0.09644,0.1035,0.1661,0.09644,0.09644,0.09644,0.09644,0.09644,0.09155,0.09644,0.09644,0.09644,0.09644,0.0948,0.09644,0.09644,0.09644,0.0804,0.09644,0.09644,0.09644,0.075,0.09644,0.3267,0.09644,0.09644,0.09644,0.09644,0.09644,0.09644,0.1532,0.3481,0.09644,0.52,0.09644,0.09644,0.819,0.09644,0.7617,0.1311,0.09644,0.09644,0.09644,0.1566,0.09644,0.09644,0.09644,0.09644,0.09644,0.2595,0.09644,0.0921,0.09644,0.09644,0.09644,0.09644,0.09644,0.09644,0.09644,0.59,0.2246,0.09644,0.09644,0.09644,0.09644,0.09644,0.09644,0.09644,0.09644,0.09644,0.09644,0.09644,0.09644,0.09644,0.09644,0.3804,0.09644,0.09644,0.09644,0.10095,0.09644,0.09644,0.4294,0.09644,0.09644,0.2332,0.09644,1.006,0.09644,0.09644,0.3525,0.09644,0.2783,0.1081,0.8013,0.09644,0.09,0.09644,0.09644,0.09644,0.09644,0.09644,0.09644,0.09644,0.09644,0.09296,0.09644,0.09644,0.09644,0.09644,0.6157,1.5,0.09644,0.09644,0.09644,1.274,0.2837,0.304,0.08844,0.09644,0.09644,0.09644,0.09644,0.09644,0.08124,0.0951,0.09644,0.09644,0.2032,0.1167,0.09644,0.09644,0.09644,0.09644,0.09644,0.09644,0.09644,0.09644,0.09644,0.09644,0.09644,0.2524,0.09644,0.09644,0.09644,0.09644,0.09644,0.09644,0.09644,0.09644,0.9614,0.09644,0.09644,0.09644,0.09644,0.3728,0.09644,0.09644,0.12305,0.09644,0.09644,0.09644,0.09644,0.09644,0.09644,0.09644,0.2915,0.827,0.09644,0.0645,0.09644,0.09644,1.092,1.467,0.09644,0.09644,0.09644,0.09644,0.1527,0.09644,0.09644,0.09644,0.09644,0.09644,0.09644,0.09644,0.2363,0.3447,0.09644,0.09644,0.09644,0.12,0.0864,0.09644,1.042,0.09644,0.09644,0.09644,0.09644,0.09644,0.09644,0.09644,0.09644,0.09644,0.09644,0.4375,0.214,0.09644,0.09644,0.09644,0.09644,0.09644,0.09644,0.09644,0.3445,0.09644,0.09644,0.09644,0.09644,0.1566,0.09644,0.0914,0.09644,0.09644,0.09644,0.05716,0.3171,0.09644,0.0805,0.3767,0.09644,0.0808,0.09644,0.09644,0.09644,0.09644,0.08923,0.3035,0.09644,0.1254,0.3608,0.3772,0.09644,0.09644,0.09644,0.09644,0.09644,0.8257,0.09644,0.09644,0.09644,0.09644,0.09644,0.09644,0.09644,0.09644,1.092,0.09644,0.2354,0.09644,1.002,0.09644,0.2078,0.09644,0.09644,0.09644,0.06555,0.09863,0.09644,0.09644,0.09644,0.0835,0.09644,0.09644,0.1727,0.09644,0.09644,0.09644,0.177,0.09644,0.09644,0.09644,0.09644,0.901,0.09644,0.065,0.09644,0.09644,0.09644,0.09644,0.09644,0.09644,0.0912,0.09644,0.09644,0.09644,0.09644,0.09644,0.09644,0.09644,0.09644,0.09644,0.09644,1.067,0.09644,0.09644,0.08044,0.09644,0.09644,0.09644,0.09644,0.09644,0.09644,0.902,0.0895,0.09796,0.09644,0.09644,0.09644,0.09644,0.09644,0.09644,0.09644,0.09644,0.09644,0.1404,0.09644,0.09644,0.09644,0.08276,0.09644,0.09644,0.09644,0.09644,0.12036,0.09644,0.09644,0.09644,0.09644,0.09644,0.323,0.09515,0.1109,0.09644,0.09644,0.09644,0.09644,0.09644,0.09644,0.2725,0.09644,0.09644,0.09644,0.09644,0.3142,0.09644,0.06793,0.09644,0.127,0.09644,0.09644,0.61,0.09644,0.09644,0.3035,0.09644,0.09644,0.09644,0.09644,0.0951,0.09644,0.09644,0.09644,0.09644,0.07184,0.4148,0.09644,0.09644,0.09644,0.09644,0.09644,0.09644,0.09644,0.09644,0.0602,0.09644,0.09644,0.09644,0.1812,0.113,0.09644,0.09644,0.09644,0.09235,0.3247,0.09644,0.09644,0.2443,0.09644,0.09644,0.09644,0.09644,0.09644,0.09644,0.09644,0.09644,0.09644,0.09644,0.09644,0.09644,0.09644,0.11383,0.328,0.09644,0.09644,0.0712,0.09644,1.985,0.09644,0.09644,0.09644,0.092,0.09644,0.09644,0.09644,0.09644,0.1321,0.09644,0.62,0.09644,0.09644,0.0813,0.09644,0.09644,0.09644,0.09644,0.613,0.1224,0.0827,0.09644,0.09644,0.09644,0.09644,0.09644,1.868,0.09644,0.09644,0.09644,0.581,0.09644,0.5244,0.09644,0.09644,0.0885,0.09644,0.09644,0.09644,0.09644,0.0728,0.0906,0.09644,0.3774,0.09644,0.092,0.09644,0.09644,0.09644,0.09644,0.09644,0.1135,0.09644,0.09644,0.09644,0.09644,0.09644,0.0824,0.09644,0.09644,0.09644,0.5957,0.09644,0.09644,0.09644,0.09644,0.2434,0.3064,0.11725,0.09644,0.09644,0.09644,0.09644,0.09644,0.09644,0.09644,0.96,0.09644,0.09644,0.09644,0.245,0.718,0.2347,0.09644,0.09644,0.3464,0.09644,0.09644,1.951,0.09644,0.0893,0.09644,0.09644,0.09644,0.09644,0.09644,0.0801,0.09644,0.12415,0.09644,0.09644,0.09644,0.09644,0.09644,0.09644,0.09644,0.09644,0.0711,0.11847,0.4382,0.09644,0.09644,0.0794,0.09644,0.09644,0.09644,0.1157,0.09644,0.07916,0.0997,0.09644,0.1422,0.265,0.7393,0.09644,0.09644,0.09644,0.09644,0.09644,0.0733,0.08466,0.09644,0.07007,0.09644,0.09644,0.0838,0.09644,0.09644,0.09644,0.09644,0.1505,0.09644,0.07446,0.09644,0.4402,0.4478,0.09644,0.09644,0.1101,0.09644,0.09644,0.09644,0.8794,0.1655,0.09644,0.09644,0.09644,0.09644,0.09644,0.09644,0.8433,0.09644,0.09644,0.09644,0.09644,0.09644,0.09644,0.09644,0.1688,0.09644,0.1267,0.295,0.0767,0.09644,0.09644,0.09644,0.09644,0.09644,0.1484,0.09375,0.09644,0.09644,0.09644,0.2537,0.09644,0.09644,0.1401,0.09644,0.09644,0.09644,0.1838,0.2903,0.5513,0.09644,0.3855,0.09644,0.09644,0.09644,0.09644,0.09125,0.09644,0.09644,0.09644,0.09644,0.09644,0.0811,0.09076,1.435,0.2976,0.09644,0.09644,0.09644,0.09644,0.09644,0.09644,0.0892,0.3552,0.09644,0.09644,0.09644,0.09644,0.09644,0.09644,0.1215,0.09644,0.09644,0.5713,0.09644,0.09644,0.2625,0.4575,0.09644,0.09644,0.09644,0.2141,0.09644,0.09644,0.09644,0.0939,0.2413,0.9746,0.09644,0.42,0.09644,0.2156,0.09644,0.09644,0.089,0.09644,0.0897,0.09644,0.09644,0.09644,0.09015,0.09644,0.09644,0.1722,0.09644,0.0872,0.09644,0.09644,0.09644,0.09644,0.1295,0.09644,0.09644,0.09644,0.09644,0.09644,0.09644,0.09644,0.09644,0.09644,0.09644,0.09644,0.09644,0.09644,0.247,0.09644,0.09644,0.362,0.09644,0.09644,0.147,0.09644,0.1171,0.09644,0.09644,0.0688,0.09644,0.09644,0.093,0.0977,0.09644,0.09644,0.09644,0.09644,0.09644,0.09644,0.09644,0.09644,0.09644,0.09644,0.09375,0.09644,0.9434,0.09644,0.09644,0.09644,0.623,0.7246,0.09644,0.2094,0.09644,0.09644,0.09644,0.09644,0.09644,0.09247,0.2258,0.09644,0.09644,0.09644,0.09644,0.3184,0.09644,0.09644,0.09644,0.05878,0.09644,0.09644,0.09644,0.09644,0.09644,0.07556,0.09644,0.09644,0.09644,0.2487,0.09644,0.09644,0.09644,0.09644,0.09644,0.09644,0.08875,0.09644,0.2177,0.2927,0.09644,0.09644,0.09644,0.09644,0.09644,0.09644,0.1068,0.09644,0.09644,0.09644,0.09644,0.09644,0.09644,0.4468,0.09644,0.09644,0.09644,0.09644,0.09106,0.1454,0.09644,0.09644,0.09644,0.09644,0.09644,0.09644,0.09644,0.09644,0.09644,0.08923,0.09644,0.3235,0.09644,0.0874,0.09644,0.09644,0.1431,0.09644,0.09644,0.4124,0.09644,0.09644,0.09644,0.09644,0.09644,0.09644,0.09644,0.156,0.09644,0.09644,0.09644,1.142,0.0851,0.5693,0.0814,0.09644,0.4268,0.09644,0.09644,0.2578,0.09644,0.09644,0.09644,0.09644,0.0828,0.09644,0.5146,0.09314,0.07654,0.2761,0.3428,0.09644,0.2444,0.09644,0.099,0.09644,0.09644,0.09644,0.0819,0.09644,0.09644,0.5083,0.232,0.09644,0.09644,0.139,0.09644,0.09534,0.09644,0.09644,0.09644,0.09644,0.451,0.09644,0.09644,0.1785,0.09644,0.09644,0.09644,0.09644,0.09644,0.09644,0.09644,0.09644,0.3926,0.09644,0.1177,0.8345,0.4167,0.09644,0.09644,0.09644,0.09644,0.3352,0.09644,0.09644,0.0855,0.09644,0.09644,0.09644,0.09644,0.09644,0.09644,0.09644,0.09644,0.09644,0.09644,0.1725,0.09644,0.09644,0.09644,0.09644,0.09644,0.0842,0.09644,0.09644,0.0964,0.09644,0.09644,0.09644,0.09644,0.09644,0.09644,0.09644,0.5537,0.09644,0.3484,0.09644,0.09644,0.09644,0.09644,0.09644,0.55,0.09644,0.0861,0.09644,0.09644,0.09644,0.09644,0.0809,0.09644,0.09644,0.09644,0.09644,0.09644,0.1703,0.09644,0.09644,0.09644,0.0919,0.09644,0.09644,0.09644,0.09644,0.09644,0.09644,0.4517,0.09644,0.09644,0.09644,0.1884,0.09644,0.09644,0.701,0.09644,0.09644,0.09644,0.11774,0.09644,0.09644,0.296,0.974,0.09644,0.09644,0.2341,0.1082,0.09644,0.09644,0.2292,0.09644,0.0961,0.09644,0.09644,0.0882,0.0927,0.0718,0.0833,0.2615,0.09644,0.09644,0.09644,0.4788,0.09644,0.09644,0.09644,0.09644,0.09644,0.325,0.079,0.09644,0.09644,0.06177,0.09644,0.845,0.555,0.09644,0.09644,0.09644,0.09644,0.09644,0.377,0.09644,0.09644,0.09644,0.09644,0.09644,0.09644,0.09644,0.09814,0.07947,0.08215,0.264,0.917,0.09644,0.09644,0.08496,0.509,0.09644,0.09644,0.09644,0.4624,0.09644,0.09644,0.09644,0.2788,0.09644,0.09644,0.09644,0.09644,0.09644,0.4429,0.09644,0.09644,0.2139,0.09644,0.09644,0.09644,0.09644,0.09283,0.09644,0.1615,0.09644,0.09644,0.09644,0.09644,0.0835,0.09644,0.09644,0.802,0.09644,0.5137,0.04218,0.09644,0.09644,0.09644,0.09644,0.06573,0.09644,0.09644,0.09644,0.889,0.092,0.09644,0.09644,0.748,0.09644,0.09644,0.0889,0.09644,0.08795,0.09644,0.939,0.09644,0.1444,0.09644,0.09644,0.39,0.6807,0.09644,0.1438,0.09644,0.09644,0.4614,0.6885,0.08514,0.09644,0.09644,0.09644,0.09644,0.09644,0.09644,0.0725,0.09644,0.09644,0.144,0.09644,0.09644,0.09644,0.09644,0.0704,0.09644,0.08936,0.09644,0.2273,0.07153,0.09644,0.0818,0.09644,0.09644,0.664,0.09644,0.09644,0.09644,0.09644,0.8823,0.09644,0.09644,0.09644,0.09644,0.09644,0.09644,0.09644,0.09644,0.09644,0.09644,0.09644,0.08484,0.845,1.106,0.1393,0.09644,0.09644,0.09644,0.09644,1.121,0.09644,0.09644,0.294,0.0898,0.301,0.0989,0.09644,0.1545,0.09644,0.09644,0.09644,0.09644,0.401,0.09644,0.09644,0.09644,0.09644,0.06903,0.523,0.09644,0.09644,0.09644,0.09644,1.197,0.09644,0.09644,0.09644,0.09644,0.0768,0.09644,1.015,0.09644,0.0789,0.09644,0.09644,0.09644,0.406,0.09644,0.09644,0.09644,0.09644,0.09644,0.09644,0.09644,0.10516,0.09644,0.09644,0.09644,0.09644,0.09644,0.09644,0.09644,0.09644,0.09644,0.09644,0.09644,0.09644,0.08734,0.09644,0.09644,0.09644,0.09644,0.09644,0.2556,0.09644,0.3687,0.09644,0.09644,0.307,0.09644,0.09644,0.4841,0.0931,0.0872,0.09644,0.09644,0.09644,0.379,0.09644,0.09644,0.4224,0.09644,0.09644,0.976,0.09644,0.4133,0.09644,0.09644,0.09644,0.09644,0.1138,0.2632,0.09644,0.09644,0.09644,0.09644,0.09644,0.09644,0.09644,0.09644,0.09644,0.09644,0.09644,0.09644,0.09644,0.09644,0.09644,0.09644,0.09644,0.09644,0.1367,0.09644,0.09644,0.2169,0.4458,0.09644,0.09644,0.09644,0.0763,0.09644,0.09644,0.09644,0.09644,0.09644,0.09644,0.09644,0.09644,0.09644,0.2578,0.09644,0.09644,0.1047,0.09644,0.08295,0.09644,0.09644,0.09644,0.09644,0.09644,0.09644,0.09644,0.09644,0.09644,0.09644,0.09644,0.09644,0.09644,0.1539,0.501,0.09644,0.09644,0.09644,0.09644,0.09644,0.09644,0.09644,0.09644,0.0784,0.09644,0.09644,0.09644,0.09644,0.09644,0.09644,0.09644,0.09644,0.09644,0.09644,0.09644,0.09644,0.10376,0.09644,0.1749,0.09644,0.09644,0.09644,0.09644,0.2903,0.09644,0.09644,0.08777,0.09644,0.09644,0.08044,0.09644,0.09644,0.09644,0.09644,0.1504,0.09644,0.10394,0.09644,0.0989,0.09644,0.09644,0.09644,0.09644,0.09644,0.09644,0.09644,0.09644,0.09644,0.0856,0.1848,0.0843,0.09644,0.09644,0.09644,0.8384,0.1423,0.2363,0.09644,0.09644,0.09644,0.09644,0.09644,0.08905,0.09644,0.09644,0.09644,0.2446,0.09644,0.09644,0.09644,0.09644,0.09644,0.08673,0.09644,0.09644,0.09644,0.952,0.09644,0.09644,0.09644,0.09644,0.09644,0.09644,0.0893,0.09644,0.09644,0.09644,0.1426,0.09644,0.09644,0.09644,0.09644,0.09644,0.09644,0.09644,0.09644,0.2268,0.0968,0.09076,0.1222,0.09644,0.09644,0.09644,0.09644,0.09644,0.6797,0.09644,0.1978,0.09644,0.09644,0.0809,0.09644,0.09644,0.755,0.09644,0.531,0.09644,0.0927,0.09644,0.09644,0.08826,0.09644,0.09644,0.09644,0.07635,0.09644,0.09644,0.07623,0.09644,0.09644,0.09644,0.09644,0.2051,0.09644,0.09644,0.09644,1.276,0.08124,0.09644,0.09644,0.078,0.0831,0.09644,0.09644,0.09644,0.657,0.09644,0.09247,0.4607,0.09644,0.2137,0.09644,0.08905,0.09644,0.09644,0.09644,0.09644,0.09644,0.0917,0.09644,0.09644,0.104,0.09644,0.5977,0.0836,0.09644,0.09644,0.09644,0.0853,0.09644,0.325,0.09644,0.09644,0.09644,0.0855,0.09644,0.09644,0.09644,0.09644,0.09644,0.09644,0.09644,0.09644,0.09644,0.09644,0.09644,0.09644,0.09644,0.09644,0.09644,0.09644,0.09644,0.09644,0.09644,0.0941,0.09644,0.09644,0.09644,0.1642,0.09644,0.09644,0.09644,0.09644,0.09644,0.08276,0.09644,0.09644,0.09644,0.09644,0.09644,0.5674,0.09644,0.09644,0.372,0.09644,0.09644,0.09644,0.09644,0.09644,0.09644,0.09644,0.09644,0.06555,0.09644,0.09644,0.09644,0.07526,0.257,0.0962,0.09644,0.09644,0.09644,0.09644,0.09644,0.178,0.09644,0.09644,0.3943,0.09644,0.09644,0.09644,0.3079,0.09644,0.8438,0.12103,0.09644,0.2257,0.0799,0.09644,0.09644,0.09644,0.09644,0.2659,0.09644,0.09644,0.09644,0.09644,0.09644,0.09644,0.09644,0.09644,0.09644,0.09644,0.09644,0.09644,0.09644,0.6865,0.09644,0.09644,0.09644,0.09644,0.09644,0.09644,0.09644,0.09644,0.09644,0.3096,0.09644,0.09644,0.09644,0.09644,0.09644,0.09644,0.09644,0.1578,0.09644,0.09644,0.2683,0.1404,0.09644,0.09644,0.09644,0.09644,0.09644,0.09644,0.09644,0.09344,0.09644,0.09644,0.09644,0.09644,0.09644,0.09644,0.09644,0.09644,0.3647,0.09644,0.09644,0.09436,0.2135,0.09644,0.09644,0.09644,0.0799,0.0871,0.0777,0.0984,0.09644,0.09644,0.3584,0.09644,0.4778,0.09644,0.09644,0.09644,0.09644,0.09644,0.1093,0.09644,0.09644,0.09644,0.09644,0.09644,0.09644,0.09644,0.09644,0.09644,0.09644,0.09625,0.09644,0.09644,0.09644,0.09644,0.09644,0.09644,0.09644,0.09644,0.09644,0.09644,0.09644,0.09644,0.09644,0.0889,0.09644,0.09644,0.09644,0.09644,0.09644,0.0831,0.09644,0.4717,0.3562,0.0857,0.1602,0.4495,0.09644,0.09644,0.09644,0.09644,0.09644,0.09644,0.09644,0.09644,0.09644,0.7573,0.09644,0.09644,0.09644,0.3618,0.09644,0.09644,0.09644,0.09644,0.09644,0.513,0.09644,0.09644,0.09644,0.09644,0.09644,0.08875,0.09644,0.09644,0.09644,0.10077,0.10675,0.09644,0.09644,0.1742,0.09644,0.09644,0.09644,0.09644,0.09644,0.09644,0.09644,0.09644,0.09644,0.09644,0.09644,0.09644,0.092,0.0875,0.09644,0.09644,1.0625,0.19,0.09644,0.7056,0.09644,0.09644,0.09644,0.09644,0.09644,0.1592,0.09644,0.09644,0.0881,0.09644,0.09644,0.114,0.09644,0.6855,0.09644,0.09644,0.0828,0.09644,0.09644,0.09644,0.09644,1.233,0.1035,0.09644,0.09644,0.09644,0.09344,0.143,0.2286,0.09644,0.09644,0.09644,0.09644,0.09644,0.09644,0.09644,0.09644,0.09644,0.09644,0.09644,0.09644,0.08844,0.09644,0.09644,0.09644,0.2494,0.1009,0.09644,0.09644,0.09644,0.09644,0.0966,0.09644,0.09644,0.0834,0.09644,0.09644,0.39,0.1262,0.09644,0.09644,0.0824,0.0885,0.09644,0.09644,0.09644,0.07117,0.09644,0.09644,0.09644,0.09644,0.09644,0.09644,0.09644,0.1843,0.09644,0.09644,0.09644,0.09644,0.09644,0.09644,0.09644,0.09644,0.09644,0.09644,0.0834,0.09644,0.09644,0.09644,0.09644,0.09644,0.09644,0.09644,0.09644,0.09644,0.09644,0.09644,0.09644,0.09644,0.09644,0.09644,0.09644,0.091,0.09644,0.2659,0.09644,0.09644,0.0697,0.09644,0.09644,0.09644,0.0976,0.09644,0.09644,0.2583,0.09644,0.9937,0.657,0.09644,0.09644,0.09644,0.09644,0.09644,0.09644,0.1326,0.09644,0.09644,0.09644,0.09644,0.09644,0.10077,1.024,0.09644,0.09644,0.09644,0.3435,0.0857,0.09644,0.09644,0.09644,0.09644,1.088,0.09644,0.09644,0.09644,0.09644,0.2251,0.09644,0.09644,0.09644,0.09644,0.423,0.09644,0.09644,0.2428,0.09644,0.09644,0.09186,0.0903,0.09644,0.09644,0.09644,0.09644,0.1032,0.09644,0.09644,0.2795,0.1287,0.09644,0.09644,0.09644,0.3486,0.09644,0.09644,0.09644,0.09644,0.09644,0.09644,0.2117,0.09644,0.09644,0.09644,0.09814,0.09644,0.09644,0.09644,0.3625,0.09644,0.4458,1.113,0.09644,0.09644,0.09644,0.09644,0.09644,0.09644,0.09644,0.08936,0.1528,1.016,0.09644,0.09644,0.09644,0.09644,0.07294,0.09644,0.05933,0.09644,0.09644,0.09644,0.09644,0.09644,0.09644,0.3503,0.09644,0.09644,0.09644,0.09644,0.09644,0.09644,0.09644,0.09644,0.09644,0.09644,0.09644,0.09644,0.05548,0.09644,0.09644,0.0874,0.09644,0.1013,0.09644,0.2198,0.09644,0.09644,0.09644,0.09644,0.09644,0.09644,0.09644,0.09644,0.09644,0.09644,0.08435,0.605,0.09644,0.2153,0.09644,0.0822,0.1432,0.3132,0.09644,0.5054,0.09644,0.09644,0.09644,0.551,0.09644,0.09644,0.6772
8,0.1051,0.1051,0.4065,0.1051,0.2705,0.7417,0.1051,0.1051,0.1051,0.1051,0.1051,0.1051,0.1051,0.1051,0.1696,0.1051,0.07697,0.666,0.1051,0.1051,0.1051,0.1051,0.1512,0.0782,0.1051,0.1644,0.1051,0.2979,0.1349,0.2544,0.09326,0.1051,0.08093,0.1051,0.1051,0.1288,0.1051,0.1051,0.1051,0.1051,0.1051,0.1051,0.2717,0.0785,0.1051,0.1051,0.10846,0.1051,0.1051,1.424,0.1051,0.1051,0.1051,0.1072,0.1051,0.2238,0.3955,0.1051,0.6265,0.1051,1.006,0.1051,0.08167,0.2456,0.1051,0.1051,0.6377,0.1051,0.1051,0.1051,0.1051,0.1051,0.1051,0.1051,0.1051,1.159,0.1051,0.4583,0.1051,0.1051,0.1051,0.1051,0.1051,0.1051,0.4895,0.1051,0.1051,0.1051,0.1051,0.1051,0.1051,0.1436,0.646,0.456,0.1051,0.0949,0.1051,0.1046,0.0899,0.2052,0.1051,0.1051,0.1315,0.1051,0.1051,0.1051,0.0997,0.1051,0.154,0.1051,0.1051,0.1051,0.1013,0.1051,0.1051,1.222,0.09784,0.1051,0.1051,0.1051,0.513,0.1051,0.1051,0.1051,0.1051,0.1051,0.1051,0.1051,0.1051,0.09973,0.1051,0.0961,0.1051,0.1398,0.1051,0.1051,0.1051,0.1051,0.3862,0.1051,0.1051,0.1051,0.1051,0.6836,0.1051,0.1051,0.1051,0.1051,0.1051,0.1051,0.1051,0.1051,0.1051,0.1051,0.1051,0.1051,0.09045,1.245,0.1051,0.1051,0.1051,0.776,0.1051,0.0871,0.1051,0.0904,0.1051,0.1051,0.1051,0.2487,0.1051,0.1051,0.1051,0.1051,0.1895,0.1051,0.1051,0.6567,0.1583,0.1051,0.1051,0.1051,0.1051,0.1051,0.1051,0.4373,0.1051,0.9062,0.1051,0.1051,0.1051,0.1051,0.0965,0.317,0.1051,0.1051,0.1051,0.1051,1.402,0.1051,0.1504,0.08154,0.1051,1.482,0.069,0.0721,0.10175,0.1051,0.1051,0.507,0.1051,0.1051,0.1051,0.1051,0.1051,0.1738,0.1051,0.1051,0.1084,0.1051,0.1051,0.832,0.4468,0.1051,0.1051,0.1051,0.1051,0.1051,0.1051,0.4983,0.3235,0.094,0.07745,0.1051,0.1051,0.1051,0.2095,0.1051,0.1051,0.1051,0.0969,0.1051,0.1051,0.1051,0.1051,0.1051,0.0679,0.1051,0.1051,0.1115,0.1051,0.1051,0.1051,0.88,0.11646,0.1131,0.1051,0.1051,0.1051,0.1051,0.1051,0.1051,0.1051,0.1051,0.1051,0.3523,0.1051,0.289,0.3784,0.09485,0.2018,0.1051,0.1051,0.1051,0.1051,0.1051,0.1051,0.1051,0.1051,0.1051,0.1051,0.1051,0.2355,0.1051,0.1051,0.1051,0.1051,0.1051,0.1051,0.1051,0.1051,0.1051,0.1051,0.384,0.1051,0.1051,0.10236,0.1051,0.1051,0.1051,0.1051,0.08014,0.1887,0.1051,0.1051,0.792,0.2225,0.1051,0.1051,0.1051,0.1892,0.1051,0.1051,0.1051,0.3503,0.1721,0.1051,0.1051,0.1051,1.075,0.1847,0.1051,0.3057,1.587,0.1051,0.1051,0.781,0.1051,0.1051,0.1051,0.1051,0.1029,0.1051,0.1051,0.1051,0.08954,0.3357,0.1051,0.1051,0.1051,0.1051,0.389,0.4062,1.222,0.1051,0.269,0.09827,0.1051,0.1278,0.1051,0.1051,0.1051,0.1051,0.2206,0.2869,0.3264,0.153,0.1051,0.1051,0.1748,0.992,0.1051,0.1051,0.1051,0.1051,0.1051,0.1051,0.845,0.508,0.0998,0.1051,0.1051,0.1051,0.1051,0.10034,0.1134,0.1051,0.1051,0.1051,0.823,0.1051,0.1051,0.1051,1.037,0.1051,0.2087,0.1051,0.1051,0.1051,0.1051,0.1051,0.1051,0.1051,0.1051,0.0987,0.1051,0.6226,0.1051,0.1753,0.1051,0.9927,0.1051,0.1051,0.1051,0.409,0.1051,0.1051,0.0921,0.1051,0.1051,0.1389,0.997,0.1051,0.1051,0.1051,0.1051,0.1442,0.1051,0.1051,0.1051,0.1051,0.1051,0.1051,0.1051,0.1051,0.1892,0.11163,0.1051,0.1051,0.1051,0.5815,0.1051,0.1051,0.1051,0.1425,0.1051,0.1051,0.1051,0.2412,0.1051,0.1051,0.1051,0.1051,0.1907,0.1051,0.1051,0.2515,0.1051,0.1051,0.1051,0.1051,0.1051,0.1499,0.1051,0.1051,0.1051,0.1051,0.1051,0.0733,0.1051,0.1051,0.1051,0.1051,0.1051,0.1051,0.1051,0.1051,0.1051,0.1231,0.1051,0.1051,0.1051,0.1969,0.1051,0.1051,0.10376,0.3137,0.1051,0.0741,0.1051,0.1051,0.894,0.0803,0.1051,0.1051,0.1051,0.1051,0.1051,0.1051,0.1051,0.1051,0.0816,0.10474,0.1051,0.1051,0.1051,0.1051,0.1051,0.1051,0.1051,0.1051,0.1051,0.1051,0.05716,0.1051,0.1051,0.1051,0.1051,0.1051,0.1051,0.1051,0.1051,0.1537,0.096,0.10754,0.1051,0.1051,0.1051,0.1051,0.1051,0.2433,0.1051,0.09894,0.1929,0.4778,0.1051,0.077,0.1051,0.1051,0.1051,0.1051,0.1051,0.1051,0.1051,0.1051,0.1051,0.1051,0.1051,0.0884,0.1051,0.1051,0.1051,0.1051,0.2003,0.1051,0.1051,0.1051,0.1051,0.09717,0.344,0.1051,0.1051,0.1051,0.758,0.1051,0.1003,0.1051,0.1051,0.1051,0.1051,0.1051,0.1051,0.1051,0.1051,0.1051,0.4482,0.1051,0.11774,0.07886,0.1051,0.1051,0.1051,0.1051,0.3347,0.1051,0.1051,0.629,0.1051,0.1981,0.1051,0.1051,0.1051,0.0917,0.1051,0.1051,0.1051,0.1051,0.1051,0.0933,0.1051,0.2281,0.1051,0.1051,0.1051,0.0921,0.1051,0.09283,0.1051,0.1051,0.1051,0.1051,0.1051,0.1051,0.1051,0.1051,0.08704,0.1051,0.1051,0.1462,0.1051,1.106,0.1051,0.1051,0.1051,0.0948,0.7295,0.1051,0.1051,0.282,0.0994,0.1051,0.1051,0.945,0.2764,0.3115,0.3271,0.1051,0.1051,0.0978,0.1242,0.1051,0.616,0.0991,0.1051,0.1051,0.1051,0.1808,0.09607,0.1051,0.0988,0.1051,0.1051,0.1492,0.1051,0.1051,0.1051,0.1051,0.1051,0.9185,0.1051,0.1051,0.1051,0.1051,0.1906,0.1051,0.935,0.1051,0.1051,0.1051,0.1051,0.08734,0.1051,0.1344,0.1051,0.1051,0.1051,0.1051,0.07465,0.1051,0.2277,0.1051,0.1051,0.1051,0.1051,0.1051,0.1051,0.1051,0.1051,0.2366,0.1051,0.1051,0.1051,0.1051,0.1051,0.1392,0.1051,0.1051,0.393,0.1051,0.1051,0.4302,0.1051,0.2507,0.1051,0.1051,0.07745,0.1051,0.3987,0.2786,0.1051,0.1051,0.1051,0.1051,0.08044,0.1051,0.1051,0.274,0.2832,0.1051,0.08215,0.1051,0.4785,0.1051,0.1051,0.1051,0.1051,0.1051,1.491,0.2605,0.1051,0.1051,0.1051,0.511,0.1051,0.1051,0.1051,0.1051,0.1051,0.176,0.1051,0.4143,0.2343,0.1051,0.1051,0.07764,0.1051,0.1051,0.113,0.1051,0.1051,0.1051,0.1051,0.1051,0.1051,0.1051,0.09656,0.873,0.1051,0.1051,0.1051,0.1051,0.1051,0.629,0.4348,0.1051,0.1051,0.1051,0.1051,0.1051,0.1051,0.1051,1.095,0.1008,0.1051,0.1051,0.1051,0.1051,0.1051,0.685,0.1051,0.3508,0.1051,0.8506,0.1051,0.10333,0.1051,0.1478,0.1051,0.1051,0.1051,0.1051,0.1051,0.1051,0.4202,0.1051,0.1051,0.6143,0.1051,0.1969,0.74,0.1051,0.1051,0.1051,0.1051,0.3125,0.1051,0.1051,0.2573,0.1051,0.1051,0.1051,0.1051,0.9976,0.1051,0.1051,0.1051,0.1051,0.1051,0.1051,0.1051,0.1051,0.1051,0.2786,0.1051,0.1051,0.1051,0.081,0.1051,0.1051,1.219,0.1051,0.1051,0.1051,0.1051,1.612,0.2544,0.099,0.10223,0.1051,0.1936,0.1051,0.1051,0.1051,0.1051,0.9556,0.1646,0.1051,0.1051,0.1051,0.1051,0.1051,0.1051,0.549,0.1051,0.10254,0.1051,0.1051,0.1157,0.1076,0.1051,0.1051,0.1051,0.1051,0.1051,0.1051,0.1051,0.1051,0.1051,0.1051,0.1051,0.1562,0.1051,0.1051,0.1051,0.1051,0.1855,0.1051,0.1048,0.1051,0.1051,0.1051,0.1051,0.1051,0.1051,0.1051,0.1051,0.1051,0.1051,0.1051,0.1051,0.1051,0.1051,0.1051,1.051,0.1592,0.1936,0.1051,0.2216,0.1051,0.1051,0.09686,0.1051,0.1051,0.685,0.1051,0.1051,0.1051,0.4143,0.1051,0.1051,0.07196,0.1051,0.4705,0.1051,0.1051,0.1051,0.1051,0.1051,0.114,0.1065,0.1051,0.7085,0.4238,0.05945,0.09814,0.1051,0.1051,0.1051,0.1051,0.1051,0.1051,0.1051,0.1051,0.1051,0.3943,0.1051,0.1051,0.1051,0.1051,0.3813,0.1051,0.1051,0.1051,0.193,0.1051,0.1051,0.3914,0.1051,0.1051,0.09845,0.1051,0.8076,0.1051,0.342,0.3857,0.0779,0.1865,0.0864,0.1051,0.1051,0.1051,0.2108,0.1051,0.1051,0.1051,0.1051,0.1051,0.1051,0.1051,0.3076,0.1051,0.1735,0.5093,0.1051,0.1051,0.4524,0.1051,0.1886,0.1051,0.1051,0.1051,0.1051,0.1051,0.1051,0.1051,0.1051,0.0899,0.1051,0.1051,0.1051,0.1381,0.1051,0.1051,0.136,0.962,0.767,0.1051,0.135,0.1051,0.1051,0.1051,0.1134,0.1051,0.1051,0.1051,0.1051,0.1051,0.1051,0.11804,0.1051,0.1051,0.1051,0.1051,0.1051,0.2306,0.1051,0.1051,0.4534,0.1051,0.12054,0.1051,0.1051,0.1051,0.1051,0.1051,0.1051,0.1051,0.1051,0.1051,0.1051,0.1051,0.548,0.1051,0.2139,0.10254,0.9736,0.1051,0.415,0.1051,0.2307,0.1051,0.1051,0.972,0.1051,0.1051,0.8135,0.1051,0.3604,0.1051,0.925,0.7285,0.1051,0.1051,0.1051,0.1051,0.1051,0.1051,0.0779,0.1051,0.1051,0.1051,0.1051,0.1051,0.0977,0.09094,0.1051,0.5166,0.1051,0.3064,0.1051,0.1051,0.1051,0.1051,0.1051,0.1051,0.1051,0.3848,0.1051,0.1051,0.1051,0.1051,0.1051,0.1051,0.1051,0.2458,0.1051,0.0969,0.1051,0.1051,0.1051,0.1051,0.1051,0.1051,0.578,0.3708,0.1051,0.1051,0.1794,0.1006,0.1051,0.1051,0.1051,0.1051,0.1051,0.1051,0.1051,0.1051,0.1051,0.1051,0.1051,0.1051,0.1051,0.1051,0.7,0.093,0.1051,0.1051,0.1051,1.398,0.1051,0.1051,0.2365,0.1051,0.1051,0.1313,0.1051,0.1051,1.967,0.1051,0.1051,0.1051,0.09875,0.1051,0.1051,0.1051,0.1051,0.1051,0.1051,0.1051,0.09973,0.1051,0.1051,0.1051,0.1051,0.1051,0.1051,0.2073,0.1051,0.1051,0.1569,0.1051,0.1051,0.1051,0.12335,0.1051,0.1051,0.1051,0.1051,0.1051,0.1051,0.1051,0.1051,0.1051,0.1051,0.1051,0.1051,0.294,0.1051,0.1051,0.1051,0.1051,0.1051,0.3586,0.097,0.1777,0.1051,0.1051,0.1051,0.95,0.2313,0.1051,0.1051,0.6655,0.1051,0.1051,0.0975,0.04602,0.1051,0.828,0.1051,0.1759,0.1071,0.1051,0.1051,0.1051,0.1051,0.1051,0.1051,0.1051,0.1992,0.1051,0.367,0.4004,0.08246,0.7446,0.1051,0.1051,0.1051,0.1051,0.1051,0.10034,0.1051,0.1051,0.1051,0.1051,0.1051,0.1051,0.1235,0.1051,0.2217,0.1051,0.1051,0.1134,0.253,0.1051,0.1051,0.1051,0.2505,0.1051,0.494,0.565,0.1051,0.1051,0.1043,0.4045,0.10254,0.1051,0.1051,0.5557,0.1051,0.1051,0.1051,0.0961,0.1051,0.1051,0.1051,0.1051,0.1051,0.1051,0.1051,0.1051,0.1051,0.2317,0.0989,0.1333,0.1051,0.1161,0.1051,0.1051,0.1051,0.1051,0.1051,0.1051,0.1631,0.1051,0.1051,0.1051,0.1051,0.1051,0.09436,0.1051,0.753,0.0754,0.1051,0.1051,0.1051,0.1051,0.1051,0.1051,0.11115,0.1051,0.1051,0.1051,0.1051,0.1294,0.4768,0.1051,0.1051,0.1399,0.1051,0.1051,0.1051,0.1772,0.1051,0.1051,0.1051,0.1051,0.1051,0.1051,0.1051,0.4724,0.6743,0.10406,0.1051,0.1051,0.1051,0.1051,0.1051,0.1051,0.1051,0.1051,0.623,0.084,0.1051,0.10205,0.1647,0.1051,0.1051,0.1051,0.1051,0.1051,0.3071,0.1051,0.1051,0.1051,0.1051,0.10126,0.1051,0.1051,0.1051,0.1051,0.1051,0.1259,0.145,0.1051,0.1051,0.2776,0.1051,0.1051,0.4263,0.1051,0.1051,0.7607,0.1051,0.1051,0.1051,0.1051,0.1051,0.1051,0.1051,0.6826,0.1051,0.1051,0.1051,0.1051,0.1051,0.707,0.1051,0.1051,0.1051,0.1051,0.1775,0.3347,0.1051,0.1051,0.1051,0.0842,0.1051,0.1051,0.1051,0.1051,0.1051,0.093,0.1326,0.1051,0.1051,0.4814,0.1051,0.3662,0.1051,0.1051,0.1051,0.1051,0.1051,0.1051,0.1051,0.1051,0.1051,0.1051,0.1051,0.1697,0.1051,0.1051,0.0966,0.1051,0.09955,0.1022,0.1051,0.1051,0.1051,0.0793,1.988,0.1051,0.1051,0.1051,0.1707,0.1051,0.1051,0.6196,0.1051,0.1051,0.1051,0.1051,0.1051,0.1051,0.1051,0.1051,0.1051,0.1051,0.1051,0.1051,0.07086,0.1051,0.939,0.1051,0.1051,0.1051,0.1051,0.268,0.1051,0.0843,0.2644,0.1051,0.831,0.1051,0.1051,0.1051,0.1012,0.07623,0.1051,0.1051,0.1051,0.06775,1.32,0.1051,0.1051,0.1051,0.1051,0.1051,0.1051,0.1051,0.1051,0.1051,0.1051,0.1464,0.1635,0.11694,0.1051,0.1051,0.1051,0.1051,0.1051,0.1051,0.3535,0.1051,0.1051,0.1051,0.1051,0.1051,0.893,0.08954,0.1051,0.1051,0.1051,0.2622,0.09827,0.1051,0.1051,0.1051,0.693,0.297,0.1051,0.1051,0.1051,0.2015,0.1051,0.1051,0.1051,0.979,0.1051,0.1051,0.1051,0.0816,0.1051,0.1051,0.1051,0.58,0.08014,0.1051,0.1051,0.518,0.1051,0.1051,0.2056,0.3105,0.1051,0.1051,0.459,0.1051,0.1051,0.2128,0.1051,0.1051,0.1051,0.1051,0.1051,1.124,0.3098,0.6753,0.1051,0.1051,0.1051,0.1051,0.0813,0.1051,0.1051,0.1051,0.1051,0.1051,0.1051,0.1051,0.1051,0.1051,0.1051,1.518,0.413,0.1051,0.1051,0.6914,0.1051,0.0644,0.1051,0.1051,0.11066,0.1051,1.157,0.1051,0.1051,0.10016,0.1051,0.1051,0.12213,0.1051,0.12335,0.921,0.1051,0.3804,0.1051,0.1051,0.1051,0.1051,0.1051,0.1051,0.1051,0.1051,0.0989,0.1051,0.2522,0.1051,0.7524,0.1051,0.1051,0.1051,0.1051,0.1051,0.12164,0.1051,0.1051,0.1051,0.1051,0.1051,0.1051,0.0822,0.1051,0.1051,0.309,0.1051,0.09064,0.1051,0.1051,0.1051,0.1051,0.0985,0.1051,0.1051,1.631,0.1051,0.1051,0.1051,0.1051,0.1051,0.1051,0.8994,0.1051,0.1051,0.1051,0.1051,0.1051,0.1051,0.2876,0.296,0.1051,0.1051,0.1512,0.1051,0.1051,0.1051,0.1051,0.1051,0.1799,0.1087,0.1051,0.1051,1.21,0.1051,0.1051,0.1051,0.1051,0.1051,0.1051,0.1051,0.1051,0.1051,0.1051,0.1051,0.1051,0.1051,0.234,2.13,0.291,0.098,0.1051,0.1051,0.1051,0.1051,0.1051,0.1051,0.1051,1.137,0.2196,0.1051,0.1051,0.1782,0.0718,0.0962,0.1051,0.1051,0.2028,0.1005,0.1051,0.1553,0.1051,0.0988,0.1051,0.10126,0.1354,0.1051,0.1051,0.3376,0.1051,0.1051,0.1051,0.1572,0.0846,0.31,0.1051,0.5825,0.5,0.0885,0.1051,0.11334,0.1051,0.1051,0.1051,0.8145,0.1051,0.2076,0.2593,0.1051,0.1051,0.923,0.1051,0.1051,0.0678,0.1051,0.1051,0.1051,0.1051,0.3833,0.1051,1.626,0.1051,0.1051,0.1051,0.3584,0.1051,0.09906,0.1051,0.1051,0.1051,0.1051,0.2069,0.1016,0.3535,0.1051,0.1051,0.1753,0.1051,0.1051,0.2433,0.1051,0.1051,0.1051,0.1051,0.1051,0.1051,0.10046,0.3005,0.1051,0.1051,0.07306,0.10266,0.1051,0.1051,0.1051,0.1051,0.1051,0.1051,0.1051,0.1051,0.1051,0.1064,0.1051,0.1051,0.1051,0.1051,0.1051,0.1051,0.0968,0.2361,0.3347,0.1051,0.1051,0.0885,0.1051,0.1051,0.1721,0.07965,1.026,0.1051,0.1051,0.07745,1.587,0.1051,0.1051,0.1051,0.1051,0.1051,0.1051,0.1051,0.1051,0.12085,0.1051,0.1051,0.1051,0.1051,0.1051,0.1051,0.1051,0.1051,0.1051,0.1051,0.1051,0.1051,0.1051,0.0902,0.10236,0.3464,0.1051,0.0801,0.0975,0.0906,0.1051,0.722,0.1051,0.1051,0.4834,0.1051,0.651,0.381,0.1051,0.08386,0.1051,0.1051,0.1051,0.1051,0.1051,0.1051,0.1051,0.1051,0.1051,0.1051,0.2008,0.1051,0.1051,0.1051,0.1051,0.1051,0.1051,0.1522,0.08325,0.1051,0.763,0.1051,0.1051,0.3616,0.1051,0.1051,0.229,0.1051,0.1051,0.1051,0.323,0.06046,0.1051,0.1051,0.1051,0.1051,0.1051,0.3022,0.1051,0.1051,0.1185,0.0704,0.1051,0.08826,0.3914,0.1051,0.0844,0.1051,0.595,0.1051,0.0909,0.1051,0.1051,0.1051,0.1051,0.1051,0.1051,0.1051,0.1051,0.0963,0.1051,0.1051,0.3064,0.1051,0.1051,0.1051,0.1051,0.1051,0.1051,0.4297,0.1051,0.346,0.3887,0.1051,0.1051,0.1051,0.1051,0.0762,0.2485,0.1051,0.1051,0.1051,0.1049,0.1051,0.1051,0.1696,0.09564,0.1051,0.1051,0.1051,0.1051,0.1051,1.104,0.3562,0.9766,0.1051,0.1051,0.1051,0.1051,0.1051,0.1051,0.11926,0.1028,0.1051,0.696,0.273,0.582,0.1051,0.686,0.1051,0.1051,0.1051,0.1051,0.1051,0.32,0.1381,0.1051,1.191,0.1051,0.1051,0.1051,0.1051,0.1051,0.1051,0.3018,0.1051,1.017,0.1051,0.4165,0.1086,0.297,0.1051,0.1051,0.1051,0.1051,0.1051,0.1051,0.574,0.1051,0.2046,0.1051,0.1051,0.1051,0.1051,0.1051,0.9976,0.07825,0.175,0.1051,0.1051,0.1051,0.1051,0.1051,0.1289,0.1051,0.1051,0.1051,0.1051,0.1051,0.1051,0.1051,0.1051,0.1051,0.5874,0.1051,0.1051,0.1051,0.1051,0.1051,0.38,0.1051,0.1051,0.1051,0.1051,0.1051,0.1051,0.6016,0.0978,0.1971,0.1466,0.1051,0.1051,0.1051,0.0839,0.8726,0.1051,0.6206,0.1051,0.0987,0.1051,0.1051,0.1051,0.1051,0.1051,0.1051,0.1051,0.1051,0.1051,0.0997,0.1051,0.4978,0.1051,0.1051,0.1051,0.1051,0.1051,0.1051,0.1051,0.1051,0.1051,0.1051,0.41,0.0997,0.1051,0.8574,0.2313,0.1051,0.1051,0.1051,0.1051,0.1051,0.1051,0.1587,0.1051,0.10425,0.1051,0.1051,0.1051,0.0875,0.142,0.1051,0.3618,0.1051,0.1051,0.058,0.1051,0.099,0.08673,0.1051,0.1051,0.1051,0.1051,0.1051,0.1051,0.1669,0.9053,0.344,0.2947,0.1051,0.6714,0.1051,0.1051,0.3218,0.1051,0.1051,0.7275,0.2642,0.1051,0.1051,0.1051,0.1051,0.1051,0.1051,0.1051,0.1051,0.1051,0.1051,0.1051,0.384,0.1855,0.1051,0.1051,0.1051,0.1051,0.742,0.1051,0.10504,0.1051,0.1051,0.1051,0.1051,0.1051,0.1051,0.1051,0.4077,0.1051,0.3665,0.1051,0.1342,0.1051,0.1051,0.1051,2.38,0.1051,0.1051,0.1051,0.914,0.5215,0.1051,0.1051,0.3997,0.1051,0.1051,0.1051,0.09576,0.0774,0.6187,0.1051,0.1051,0.1051,0.1051,0.1051,0.1051,0.1051,0.1914,0.1051,0.1051,0.1051,0.897,0.1051,0.1051,0.1051,1.318,0.1051,0.2303,0.2583,0.1051,0.1051,1.117,0.1051,0.1051,0.2544,0.1051,0.1051,0.1051,0.1051,0.271,0.1051,0.1051,0.09344,0.1473,0.1051,0.1051,0.0899,0.1051,0.1051,0.10205,0.1051,0.1051,0.1051,0.1051,0.1051,0.0812,0.1051,0.1051,0.1051,0.1051,0.1051,0.1051,0.0792,0.1051,0.204,0.09985,0.1051,0.1051,0.1051,0.1051,0.1051,0.5435,0.4834,0.1051,0.51,0.1051,0.1051,0.762,0.1051,0.4604,0.1051,0.0713,0.1051,0.1051,0.1272,0.1051,0.1051,0.1051,0.09674,0.1051,0.3547,0.1051,0.249,0.1051,0.1051,0.1051,0.1051,0.1051,0.1051,0.1051,0.4492,0.3567,0.1006,0.1051,0.1051,0.0916,0.1051,0.1051,0.1051,0.1051,0.1051,0.1051,0.1051,0.2722,0.1051,0.081,0.2542,0.1051,0.1051,0.1051,0.2329,0.1051,0.1051,0.1538,0.1051,0.0776,0.0962,0.1051,1.595,0.1051,0.1051,0.3616,0.1051,0.4187,0.2266,0.8286,0.1051,0.1051,0.1051,0.1051,0.0939,0.09393,0.1051,0.1051,0.1051,0.1051,0.105,0.1051,0.1051,0.1051,0.1051,0.3962,1.763,0.1051,0.1051,0.1051,1.322,0.2927,0.2664,0.3586,0.1051,0.1051,0.1051,0.1051,0.1051,0.2406,0.10236,0.1051,0.1051,0.1913,0.0912,0.1051,0.1051,0.0961,0.1051,0.1051,0.1051,0.1051,0.1051,0.1051,0.1051,0.1051,0.3481,0.1051,0.1051,0.1051,0.1051,0.08185,0.1051,0.1051,0.1051,0.954,0.1051,0.1051,0.1051,0.1051,0.6133,0.1051,0.1051,0.0897,0.1051,0.1051,0.1051,0.1051,0.1051,0.1051,0.1051,0.4785,1.016,0.1051,0.0963,0.1051,0.1051,0.887,1.617,0.1051,0.1051,0.1051,0.1051,0.1051,0.1051,0.1051,0.1051,0.1051,0.1051,0.1051,0.1051,0.12067,0.247,0.1051,0.1051,0.1051,0.1293,0.0814,0.1051,0.786,0.1051,0.1051,0.1051,0.1051,0.1051,0.1051,0.1051,0.1051,0.1051,0.1051,0.4268,0.1051,0.1051,0.1051,0.1051,0.1051,0.1051,0.1051,0.1051,0.3406,0.1051,0.1051,0.1051,0.1051,0.152,0.1051,0.1798,0.1051,0.1051,0.1051,0.1686,0.1755,0.1051,0.1051,0.313,0.1051,0.09717,0.1051,0.1051,0.1051,0.0991,0.1337,0.3718,0.1051,0.1322,0.4675,0.416,0.1051,0.1051,0.1051,0.1051,0.1051,1.038,0.1051,0.1051,0.1051,0.1051,0.1051,0.1051,0.1051,0.1051,0.893,0.10394,0.3667,0.1051,0.947,0.1051,0.2603,0.1051,0.07916,0.1051,0.1466,0.0759,0.1051,0.1051,0.1051,0.1111,0.1051,0.1051,0.2284,0.1051,0.1051,0.1051,0.1466,0.1051,0.1051,0.1051,0.1051,0.9194,0.1051,0.1285,0.1051,0.1051,0.0936,0.1051,0.1051,0.1051,0.3005,0.1051,0.1051,0.103,0.1051,0.1051,0.1051,0.06604,0.1051,0.1051,0.1051,1.115,0.1051,0.1051,0.09955,0.1051,0.1051,0.1051,0.1051,0.1051,0.1051,0.575,0.1051,0.1051,0.1051,0.1051,0.1051,0.1051,0.1051,0.1051,0.1051,0.1051,0.1051,0.1688,0.1051,0.1051,0.1051,0.10077,0.1051,0.1051,0.1051,0.1051,0.3494,0.1051,0.1051,0.1051,0.1051,0.1051,0.1946,0.1051,0.2028,0.1051,0.1051,0.1051,0.1051,0.1051,0.10443,0.684,0.1051,0.1051,0.1051,0.101,0.2998,0.1051,0.0952,0.1978,0.1732,0.1051,0.1051,0.8086,0.1051,0.1051,0.2659,0.1051,0.1051,0.1051,0.1051,0.1051,0.1051,0.1051,0.1051,0.1051,0.1051,0.1327,0.1051,0.1051,0.1051,0.1051,0.1051,0.1051,0.1051,0.1051,0.1169,0.1051,0.112,0.1051,0.3884,0.0703,0.1051,0.1051,0.1051,0.1051,0.3933,0.1051,0.1051,0.2896,0.1051,0.1051,0.1051,0.1051,0.1051,0.1051,0.1051,0.1051,0.1051,0.1051,0.1051,0.1051,0.1401,0.1593,0.4897,0.1051,0.1051,0.1006,0.1051,1.8545,0.1051,0.0669,0.1051,0.10364,0.1051,0.1051,0.1051,0.1051,0.3315,0.1051,0.4775,0.1051,0.1051,0.1523,0.1301,0.1051,0.1051,0.1051,0.415,0.1277,0.1283,0.1051,0.1051,0.1051,0.1051,0.1051,1.402,0.1051,0.1051,0.1051,0.6284,0.06757,0.6177,0.1051,0.1051,0.097,0.1051,0.1051,0.12164,0.08606,0.2178,0.102,0.0965,0.1599,0.1051,0.0884,0.1051,0.1051,0.1051,0.1051,0.1051,0.3271,0.1051,0.1051,0.1051,0.1051,0.1051,0.1335,0.1051,0.1051,0.1051,0.2189,0.1051,0.1051,0.1051,0.1051,0.167,0.1854,0.0853,0.1051,0.1051,0.1051,0.0686,0.1051,0.1051,0.1051,0.9375,0.1051,0.1051,0.1051,0.117,0.549,0.1337,0.1051,0.1051,0.2678,0.1051,0.1051,2.092,0.1051,0.1051,0.1051,0.1051,0.1051,0.1051,0.1051,0.1051,0.1051,0.1051,0.1051,0.1051,0.1051,0.1051,0.1051,0.1051,0.1051,0.0819,0.0685,0.1051,0.563,0.1051,0.1051,0.1051,0.1051,0.1051,0.1051,0.193,0.1051,0.2015,0.09186,0.1051,0.075,0.3801,0.4814,0.1051,0.1051,0.1051,0.1051,0.1051,0.1211,0.09955,0.1051,0.1259,0.1051,0.1051,0.09186,0.1051,0.1051,0.1051,0.1051,0.2544,0.1051,0.0903,0.1051,0.3157,0.598,0.1393,0.1051,0.1833,0.1051,0.1051,0.1051,0.969,0.3184,0.1051,0.1051,0.1051,0.1051,0.09607,0.1051,0.659,0.1051,0.1051,0.1051,0.1051,0.1051,0.1051,0.1051,0.1305,0.1051,0.1051,0.1909,0.1147,0.1051,0.1051,0.1051,0.1051,0.1051,0.0905,0.1051,0.1051,0.1051,0.1051,0.235,0.1051,0.1051,0.0766,0.1,0.1051,0.1051,0.3582,0.449,0.453,0.1051,0.3125,0.12494,0.1051,0.1051,0.1051,0.1287,0.1051,0.1051,0.1051,0.1051,0.1051,0.1051,0.1051,1.427,0.2087,0.1051,0.1051,0.1051,0.1051,0.1051,0.1051,0.0809,0.444,0.1051,0.1051,0.1051,0.1333,0.1051,0.1051,0.0668,0.1051,0.1051,0.908,0.1051,0.1051,0.4854,0.4128,0.1051,0.0966,0.1051,0.256,0.1051,0.1051,0.1051,0.1903,0.2275,1.128,0.1051,0.6636,0.1051,0.108,0.1051,0.1051,0.10376,0.1051,0.1106,0.0937,0.1051,0.1051,0.248,0.1051,0.1051,0.3372,0.1051,0.0895,0.1051,0.1051,0.1051,0.1051,0.12335,0.1051,0.1051,0.1051,0.1051,0.1051,0.1051,0.1051,0.1051,0.1051,0.1051,0.1051,0.1051,0.1051,0.2698,0.1051,0.1271,0.77,0.1051,0.1051,0.2642,0.1051,0.1418,0.1051,0.1051,0.1343,0.1051,0.1051,0.1011,0.335,0.1051,0.1051,0.1051,0.1051,0.1051,0.1051,0.1051,0.1051,0.1051,0.1051,0.1051,0.1114,0.647,0.1051,0.1051,0.0956,0.5244,0.7275,0.1051,0.08136,0.096,0.1051,0.1051,0.1051,0.1051,0.1615,0.1477,0.1051,0.1051,0.1051,0.1051,0.5254,0.1051,0.1051,0.12054,0.10223,0.1051,0.1051,0.1051,0.1051,0.1051,0.166,0.1051,0.0992,0.1051,0.4624,0.1051,0.1051,0.1051,0.1051,0.1051,0.1051,0.0996,0.1051,0.2305,0.3179,0.1051,0.1051,0.1051,0.1051,0.1051,0.1051,0.1335,0.0854,0.1051,0.1051,0.1051,0.1051,0.1051,0.3352,0.1051,0.1051,0.1051,0.1051,0.1051,0.1051,0.1051,0.0949,0.1051,0.1051,0.1051,0.1051,0.1051,0.1051,0.1051,0.1051,0.1051,0.6567,0.1051,0.1587,0.1051,0.1051,0.3865,0.1051,0.1051,0.12006,0.0888,0.1051,0.1051,0.1051,0.1051,0.1051,0.1051,0.2129,0.1051,0.1051,0.1051,1.484,0.155,0.691,0.1027,0.1051,0.2854,0.1051,0.1051,0.496,0.1051,0.1051,0.1051,0.1051,0.0956,0.1051,0.4727,0.1051,0.10785,0.6626,0.3723,0.1051,0.2026,0.1051,0.4336,0.1051,0.0994,0.1051,0.09106,0.1051,0.3994,0.366,0.1715,0.1051,0.1051,0.1265,0.1051,0.1051,0.1051,0.1051,0.1051,0.1051,0.5405,0.1051,0.1051,0.364,0.0954,0.1051,0.1051,0.1051,0.1051,0.1051,0.1051,0.1051,0.1417,0.1051,0.12134,1.1455,0.251,0.1051,0.1051,0.1051,0.1051,0.4512,0.1051,0.1051,0.0731,0.1051,0.1051,0.1051,0.1051,0.1051,0.1051,0.1051,0.1051,0.1051,0.1051,0.0937,0.1051,0.1201,0.1051,0.1051,0.1051,0.1051,0.1051,0.09796,0.10315,0.1051,0.1051,0.1051,0.1926,0.1051,0.1051,0.1019,0.64,0.1051,0.5015,0.09424,0.1051,0.1051,0.1051,0.1051,0.6426,0.1051,0.1292,0.1051,0.1051,0.1051,0.10724,0.1025,0.10297,0.1051,0.1051,0.1051,0.1051,0.1134,0.1051,0.1051,0.09406,0.10486,0.1051,0.1051,0.2537,0.10785,0.1015,0.1051,0.3752,0.1051,0.1051,0.1051,0.1543,0.1051,0.1051,0.8306,0.1051,0.1051,0.08777,0.1511,0.1051,0.1051,0.367,0.6006,0.1051,0.1051,0.5547,0.092,0.1051,0.1051,0.2039,0.1051,0.1051,0.1051,0.1051,0.2352,0.1,0.1051,0.09314,0.1527,0.1051,0.1051,0.1051,0.4692,0.1051,0.10486,0.1051,0.1051,0.1051,0.2793,0.2128,0.1051,0.1051,0.09155,0.1051,0.7476,0.6963,0.1051,0.09906,0.1051,0.1051,0.1051,0.205,0.09796,0.1051,0.1051,0.1051,0.186,0.1051,0.1051,0.09705,0.1733,0.10004,0.6104,0.8813,0.1051,0.1051,0.2197,0.3381,0.1051,0.1051,0.1051,0.744,0.1051,0.1051,0.1051,0.1034,0.1051,0.1051,0.1051,0.1051,0.1051,0.2979,0.1051,0.1051,0.3965,0.1051,0.1051,0.1051,0.1051,0.1051,0.1051,0.08234,0.1051,0.1051,0.1051,0.10187,0.0938,0.1051,0.1051,1.357,0.1051,0.7197,0.329,0.1051,0.10486,0.1051,0.1051,0.22,0.09814,0.1051,0.1051,0.902,0.0755,0.1051,0.1051,0.5073,0.1051,0.1051,0.1344,0.1051,0.1051,0.1051,1.05,0.1051,0.4187,0.1051,0.1051,0.3547,0.842,0.1051,0.0612,0.1051,0.1051,0.1617,0.3967,0.0958,0.1051,0.1051,0.1051,0.1051,0.1051,0.1051,0.1051,0.1051,0.1051,0.5693,0.1051,0.1051,0.1051,0.1051,0.1516,0.1051,0.09326,0.1051,0.0982,0.0876,0.1051,0.10815,0.1051,0.1051,0.6953,0.1051,0.1051,0.1051,0.1051,0.7773,0.1051,0.1051,0.1051,0.1051,0.1217,0.0872,0.1051,0.1051,0.1051,0.1051,0.1051,0.1508,0.7275,1.024,0.1079,0.1051,0.1051,0.0933,0.1051,1.366,0.1051,0.1051,0.5596,0.06995,0.0952,0.2913,0.1051,0.1997,0.1051,0.1051,0.1051,0.1051,0.3796,0.1051,0.1051,0.1051,0.1051,0.085,0.5396,0.1051,0.1051,0.1051,0.1051,0.832,0.1051,0.1051,0.1051,0.1051,0.0963,0.1051,1.141,0.1051,0.0685,0.1051,0.1051,0.1051,0.3284,0.1051,0.1051,0.1051,0.1051,0.1051,0.1051,0.1051,0.1051,0.1051,0.1051,0.1051,0.1051,0.1051,0.1051,0.1051,0.1051,0.1051,0.1051,0.1051,0.1051,0.079,0.1051,0.1051,0.1051,0.1051,0.1051,0.4922,0.1051,0.0962,0.1051,0.1051,0.5757,0.1051,0.1051,0.2181,0.09644,0.1051,0.1051,0.1051,0.1051,0.3247,0.1051,0.1051,0.57,0.1051,0.0992,1.091,0.1051,0.7397,0.1051,0.1051,0.1051,0.1051,0.08374,0.117,0.1051,0.1051,0.1051,0.1051,0.1051,0.1051,0.1051,0.1051,0.0906,0.1051,0.1051,0.1051,0.1051,0.1051,0.1051,0.1051,0.1051,0.1051,0.1824,0.1051,0.1051,0.3298,0.1886,0.1051,0.1051,0.1051,0.10535,0.1051,0.1051,0.1051,0.1051,0.1051,0.1051,0.1051,0.1051,0.1051,0.2563,0.1051,0.1051,0.0472,0.0889,0.3384,0.1051,0.10144,0.1051,0.1051,0.1051,0.1051,0.1051,0.1051,0.1051,0.1051,0.1051,0.1051,0.1051,0.2319,0.9316,0.1051,0.1051,0.1051,0.1051,0.1051,0.1051,0.1051,0.09985,0.1051,0.1051,0.1051,0.1051,0.1051,0.1051,0.1051,0.1051,0.1051,0.1051,0.1051,0.1051,0.1051,0.391,0.1051,0.5073,0.1051,0.1051,0.1051,0.1051,0.3547,0.1051,0.1051,0.1051,0.1051,0.1051,0.0757,0.1051,0.1051,0.1051,0.1051,0.05566,0.1051,0.166,0.1051,0.2069,0.1051,0.1051,0.1051,0.1051,0.1051,0.1051,0.1051,0.0797,0.1051,0.1051,0.2141,0.09814,0.1051,0.1051,0.1051,0.8784,0.08154,0.2494,0.1051,0.1051,0.1051,0.1051,0.1051,0.0994,0.0685,0.1051,0.1051,0.3293,0.1051,0.1051,0.1051,0.1051,0.1051,0.1051,0.1051,0.1051,0.1051,1.217,0.1051,0.1051,0.1051,0.1051,0.1051,0.1051,0.1051,0.1051,0.1051,0.1051,0.05945,0.1051,0.1051,0.1051,0.1051,0.1051,0.1051,0.1051,0.1051,0.2644,0.4067,0.1051,0.0545,0.1051,0.1051,0.1051,0.1051,0.1051,0.393,0.1051,0.317,0.1051,0.1051,0.08673,0.1051,0.1051,0.603,0.1051,0.3323,0.1051,0.1051,0.1051,0.1051,0.3708,0.1051,0.1051,0.1051,0.1051,0.1051,0.1051,0.1051,0.1051,0.1051,0.1051,0.1051,0.3674,0.1051,0.1051,0.04178,1.357,0.1863,0.1051,0.1051,0.0962,0.0937,0.1051,0.1051,0.0966,0.6157,0.1051,0.09937,0.301,0.1051,0.1467,0.1051,0.1051,0.1051,0.1051,0.1051,0.1051,0.1051,0.1051,0.1051,0.1051,0.11505,0.1051,0.4387,0.1973,0.1051,0.1051,0.1051,0.09,0.1051,0.4675,0.1051,0.1051,0.1009,0.10425,0.1051,0.1051,0.1051,0.1051,0.1051,0.0963,0.1051,0.1051,0.1051,0.0998,0.1051,0.1051,0.1051,0.1051,0.1051,0.1051,0.1051,0.1051,0.1051,0.2817,0.1051,0.1051,0.1051,0.419,0.1051,0.1051,0.1051,0.1051,0.1051,0.1564,0.1051,0.1051,0.096,0.1051,0.1051,0.7124,0.1051,0.1051,0.413,0.1051,0.1051,0.1051,0.1002,0.1051,0.1039,0.1051,0.1051,0.10425,0.1051,0.1051,0.1051,0.10144,0.3762,0.1051,0.1051,0.1051,0.1051,0.1051,0.1051,0.598,0.07794,0.1051,0.1394,0.1051,0.1051,0.1051,0.268,0.1051,0.958,0.1241,0.1051,0.2937,0.08795,0.1051,0.1051,0.1051,0.1051,0.1377,0.1051,0.1051,0.1051,0.1051,0.1051,0.1051,0.1051,0.1051,0.1051,0.1051,0.1051,0.1051,0.1051,0.8496,0.1051,0.1051,0.1051,0.1051,0.1051,0.1051,0.1051,0.1051,0.1051,0.1449,0.1051,0.1051,0.1051,0.1051,0.1051,0.1051,0.1051,0.1758,0.1051,0.0857,0.2489,0.3193,0.1051,0.1051,0.1051,0.1051,0.0805,0.1051,0.1051,0.10895,0.1051,0.1051,0.1051,0.1051,0.1051,0.0942,0.1051,0.1051,0.65,0.1051,0.1051,0.1255,0.1954,0.1051,0.1051,0.1051,0.10706,0.1051,0.1051,0.0738,0.1051,0.1051,0.2786,0.1051,0.2979,0.1051,0.1051,0.1051,0.1051,0.1051,0.2223,0.10474,0.1051,0.1051,0.1051,0.1051,0.1051,0.1035,0.1051,0.1051,0.1051,0.1051,0.1051,0.1051,0.1051,0.1051,0.1051,0.1051,0.1003,0.1051,0.1051,0.1051,0.1051,0.1051,0.1051,0.113,0.1051,0.1051,0.1051,0.1051,0.1051,0.1051,0.1051,0.4316,0.2617,0.0771,0.10114,0.4963,0.1051,0.102,0.1051,0.1051,0.1051,0.1051,0.1051,0.1051,0.1051,0.4583,0.1051,0.1051,0.1051,0.0947,0.1051,0.1051,0.1051,0.1051,0.1051,0.5713,0.1051,0.1051,0.1051,0.1051,0.1051,0.08417,0.1051,0.1051,0.1051,0.08386,0.2576,0.1051,0.1051,0.1627,0.1051,0.1051,0.1051,0.1051,0.1051,0.1051,0.1051,0.1051,0.1051,0.1051,0.1051,0.1051,0.1051,0.07794,0.1051,0.1051,1.226,0.244,0.1051,0.7017,0.1051,0.1051,0.0854,0.1051,0.1051,0.1704,0.1051,0.1051,0.0853,0.1051,0.1051,0.3718,0.0903,0.698,0.1051,0.1051,0.1239,0.1051,0.1051,0.1051,0.1051,1.747,0.247,0.1051,0.1051,0.1051,0.1013,0.2917,0.158,0.1051,0.1051,0.1051,0.1051,0.1051,0.1051,0.1001,0.1051,0.1051,0.1051,0.1051,0.1051,0.09204,0.07806,0.1051,0.1051,0.2339,0.1051,0.1051,0.1051,0.1051,0.1051,0.0966,0.1051,0.1051,0.1153,0.1051,0.1051,0.5884,0.1051,0.1051,0.1051,0.099,0.1051,0.1051,0.1051,0.1051,0.0948,0.1051,0.1051,0.1051,0.1051,0.1051,0.1051,0.1051,0.3613,0.1051,0.1051,0.1051,0.1051,0.1051,0.1051,0.1051,0.1051,0.0702,0.1051,0.1051,0.1051,0.0782,0.1051,0.1051,0.1051,0.1051,0.1051,0.1051,0.0974,0.1051,0.1051,0.1051,0.1051,0.1051,0.1051,0.1051,0.1051,0.1051,0.2268,0.1051,0.1051,0.1051,0.1051,0.1051,0.1051,0.0669,0.1051,0.1051,0.2263,0.1051,0.9937,0.3396,0.1051,0.1051,0.1051,0.1051,0.1051,0.1051,0.6157,0.1051,0.1051,0.1051,0.1051,0.1051,0.05795,1.609,0.1051,0.1051,0.1051,0.4192,0.2961,0.1051,0.1051,0.1051,0.1051,1.158,0.1051,0.1051,0.1051,0.1051,0.11053,0.1051,0.10315,0.1051,0.1051,0.2747,0.1051,0.1051,0.2223,0.1051,0.1051,0.1051,0.1039,0.1051,0.1051,0.1051,0.1051,0.1051,0.1051,0.09766,0.6187,0.0746,0.1051,0.1051,0.10565,0.3628,0.1051,0.1051,0.1051,0.1051,0.1051,0.1051,0.0769,0.1051,0.1051,0.1051,0.1051,0.1051,0.0911,0.1051,0.2546,0.1051,0.4062,1.081,0.1051,0.1051,0.1051,0.1051,0.1051,0.1051,0.1051,0.0996,0.10583,1.275,0.1051,0.1051,0.1051,0.1051,0.1015,0.1051,0.1376,0.1051,0.1051,0.1051,0.1051,0.1051,0.0761,0.5264,0.1051,0.1051,0.1051,0.1051,0.0993,0.1051,0.1051,0.1051,0.1051,0.1051,0.1051,0.1051,0.12305,0.1051,0.1051,0.06757,0.1051,0.099,0.1051,0.0777,0.1051,0.1051,0.1051,0.1051,0.1039,0.1051,0.1051,0.1051,0.1051,0.1051,0.0823,0.5103,0.1051,0.3362,0.1051,0.0988,0.1436,0.3564,0.1051,0.4104,0.1051,0.1051,0.1051,0.656,0.1046,0.1051,0.4934
9,0.1165,0.1165,0.4402,0.1165,0.5444,1.207,0.1165,0.1165,0.1165,0.1165,0.1165,0.1165,0.1165,0.1165,0.1061,0.1165,0.1151,0.615,0.1165,0.1165,0.1165,0.1165,0.2566,0.0995,0.1165,0.2817,0.1165,0.3975,0.1085,0.1691,0.2241,0.1165,0.1165,0.1165,0.1165,0.664,0.1165,0.1165,0.1165,0.1165,0.1165,0.1165,0.1316,0.1805,0.1165,0.1165,0.1329,0.1165,0.1165,1.879,0.1389,0.1165,0.1165,0.1033,0.1165,0.791,0.5596,0.1165,0.3635,0.1165,0.8257,0.1165,0.09033,0.2815,0.1165,0.1165,1.186,0.1165,0.1165,0.1165,0.1165,0.1165,0.1165,0.1165,0.1165,1.073,0.1165,0.6113,0.1165,0.1165,0.1165,0.1165,0.1165,0.1165,0.32,0.1165,0.1165,0.1165,0.1165,0.1165,0.1165,0.1065,0.582,0.3162,0.1165,0.545,0.1165,0.1392,0.1418,0.3206,0.1165,0.1165,0.2152,0.1165,0.1165,0.1165,0.11035,0.1165,0.2144,0.1165,0.1165,0.1165,0.1158,0.1165,0.1165,1.6,0.1628,0.1165,0.1165,0.1165,0.4954,0.1165,0.1165,0.1165,0.1165,0.1165,0.1165,0.1165,0.1165,0.1165,0.1165,0.2788,0.1165,0.126,0.1165,0.1165,0.1165,0.1165,0.213,0.1165,0.1165,0.1165,0.1165,0.2646,0.1165,0.1165,0.1165,0.1165,0.1165,0.1165,0.1165,0.1165,0.1165,0.1165,0.1165,0.1165,0.1165,1.102,0.1165,0.1165,0.1165,0.406,0.1165,0.09143,0.1165,0.1165,0.1165,0.1134,0.1165,0.0697,0.1165,0.1165,0.1165,0.1165,0.3887,0.1165,0.1165,0.9556,0.1225,0.1165,0.1165,0.1165,0.1165,0.1165,0.1165,0.4495,0.1165,0.6455,0.1165,0.1165,0.1165,0.1165,0.1165,0.11615,0.10925,0.1165,0.1165,0.1165,1.537,0.1165,0.227,0.10986,0.1165,1.882,0.11597,0.1056,0.1353,0.10626,0.1165,0.6675,0.1165,0.1039,0.1165,0.1165,0.1165,0.4001,0.1165,0.1165,0.11786,0.1165,0.1165,0.9644,0.7734,0.1165,0.1165,0.1165,0.1165,0.1165,0.1043,0.421,0.2751,0.1138,0.3464,0.1165,0.1165,0.1165,0.5767,0.0955,0.0832,0.1165,0.1196,0.1165,0.1165,0.1165,0.1165,0.1165,0.0993,0.1165,0.1165,0.1293,0.1165,0.1165,0.1059,0.888,0.1165,0.4321,0.1165,0.1165,0.1165,0.10913,0.1165,0.1165,0.1165,0.1165,0.1165,0.1255,0.1165,0.1998,0.466,0.1165,0.109,0.1165,0.1165,0.1165,0.1165,0.1165,0.1165,0.1165,0.1165,0.1165,0.1165,0.1165,0.1165,0.2413,0.1165,0.11554,0.1165,0.1165,0.1165,0.1255,0.1165,0.1165,0.1165,0.349,0.1165,0.1165,0.1165,0.1165,0.1165,0.1165,0.1165,0.3027,0.4375,0.1165,0.11536,0.8306,0.1165,0.1165,0.1165,0.1165,0.293,0.1165,0.1165,0.1165,0.318,0.1803,0.1165,0.1165,0.1165,1.005,0.1165,0.1165,0.3054,1.811,0.1165,0.1165,0.9316,0.1165,0.1165,0.1165,0.1165,0.1103,0.1165,0.1165,0.1165,0.309,0.1953,0.1165,0.1165,0.1165,0.1165,0.6323,0.4128,1.338,0.1165,0.3691,0.1123,0.1165,0.2035,0.1165,0.0958,0.1165,0.1165,0.1292,0.261,0.386,0.199,0.1165,0.1165,0.5693,1.096,0.0992,0.1165,0.1066,0.1165,0.1165,0.1165,0.4517,0.771,0.2546,0.1165,0.1165,0.1095,0.1165,0.2108,0.1979,0.1165,0.1165,0.1165,0.945,0.1165,0.1165,0.1165,1.212,0.1165,0.3528,0.1165,0.3098,0.1165,0.1165,0.1165,0.1165,0.0981,0.1165,0.0985,0.1165,0.68,0.1165,0.09436,0.1165,1.188,0.1165,0.1367,0.1165,0.2288,0.1165,0.1165,0.1001,0.1165,0.1165,0.1098,0.8745,0.1165,0.1165,0.1165,0.1165,0.1991,0.1165,0.1165,0.1165,0.1165,0.1165,0.1272,0.1165,0.1165,0.2172,0.1165,0.1165,0.1165,0.1165,0.7705,0.1165,0.1165,0.1165,0.067,0.1165,0.1165,0.1165,0.6543,0.1165,0.1165,0.1165,0.1165,0.1493,0.1165,0.1165,0.4453,0.1105,0.1165,0.1165,0.1165,0.1165,0.09607,0.1165,0.1165,0.1165,0.1165,0.1165,0.12177,0.1165,0.1165,0.1165,0.11066,0.1165,0.1165,0.1165,0.1165,0.1165,0.10565,0.1165,0.1165,0.1165,0.2625,0.1165,0.1165,0.1405,0.1048,0.1165,0.0959,0.1165,0.1165,0.874,0.07965,0.1165,0.1165,0.1165,0.1165,0.0761,0.1112,0.1165,0.1165,0.2585,0.06976,0.1165,0.1165,0.1165,0.10205,0.1165,0.1165,0.1165,0.1165,0.1165,0.1165,0.07324,0.1165,0.1165,0.1165,0.1165,0.1165,0.1165,0.1165,0.1165,0.08875,0.1165,0.2925,0.1165,0.1165,0.1165,0.1165,0.1165,0.374,0.1165,0.1165,0.537,0.4548,0.1165,0.10596,0.1165,0.1165,0.1165,0.1165,0.1165,0.1165,0.1165,0.1165,0.1165,0.1165,0.1165,0.1165,0.1165,0.1165,0.1165,0.1165,0.1165,0.1165,0.1748,0.1165,0.1165,0.11237,0.1991,0.1165,0.1165,0.1165,0.9883,0.1165,0.1781,0.1165,0.1165,0.1165,0.1165,0.1165,0.1165,0.1165,0.1165,0.1165,0.1399,0.1165,0.1316,0.1483,0.1165,0.1165,0.1165,0.1165,0.4534,0.1104,0.1165,0.6587,0.1165,0.1283,0.1165,0.1165,0.1165,0.1165,0.1165,0.1165,0.1165,0.1165,0.1165,0.1099,0.1165,0.502,0.1165,0.1165,0.1165,0.1135,0.1165,0.1062,0.1165,0.1165,0.1165,0.1165,0.1165,0.1165,0.1165,0.1165,0.1076,0.10315,0.1165,0.1165,0.1165,0.9033,0.1165,0.1165,0.1165,0.1338,0.6265,0.1165,0.1165,0.1104,0.1165,0.1165,0.1165,0.786,0.1378,0.2815,0.3857,0.1165,0.1137,0.1165,0.133,0.0982,0.9077,0.3477,0.1165,0.1165,0.1165,0.2832,0.1329,0.1165,0.1165,0.1165,0.1165,0.4756,0.1165,0.1165,0.1165,0.1165,0.1165,1.208,0.1165,0.1165,0.1165,0.1165,0.1542,0.1165,0.4243,0.1165,0.1165,0.1165,0.1165,0.1042,0.1165,0.2898,0.1165,0.1165,0.1165,0.106,0.094,0.10547,0.276,0.1165,0.1165,0.1165,0.1165,0.1165,0.1165,0.1165,0.1165,0.549,0.1165,0.1165,0.1165,0.1165,0.1165,0.1991,0.1165,0.1165,0.3562,0.1165,0.1165,0.4067,0.1165,0.07996,0.1165,0.1165,0.1313,0.1165,0.577,0.4517,0.1005,0.1165,0.1165,0.1165,0.1165,0.1165,0.1165,0.361,0.0963,0.1165,0.1719,0.1165,0.546,0.1165,0.1165,0.1165,0.1135,0.1165,1.195,0.10565,0.1165,0.1165,0.1165,0.8813,0.1165,0.1165,0.1165,0.1165,0.09674,0.6865,0.1165,0.5654,0.275,0.1165,0.1165,0.09674,0.1165,0.1165,0.1103,0.1165,0.1165,0.1165,0.1165,0.1165,0.1165,0.1165,0.1165,0.5396,0.1165,0.1165,0.1165,0.1165,0.1165,0.374,0.612,0.1165,0.1165,0.1165,0.08276,0.1165,0.1165,0.1165,0.937,0.1165,0.0962,0.1165,0.1165,0.1165,0.1165,0.501,0.1165,0.1165,0.1165,0.752,0.1165,0.111,0.1165,0.1165,0.1165,0.1165,0.1165,0.1165,0.1165,0.1165,0.6875,0.1165,0.1165,0.5757,0.1165,0.08514,0.4436,0.1165,0.1165,0.1165,0.1165,0.4675,0.1165,0.1165,0.10516,0.1165,0.1165,0.1165,0.1165,1.179,0.1165,0.1165,0.1165,0.1165,0.1165,0.1165,0.1165,0.1165,0.1165,0.09766,0.1165,0.1165,0.1165,0.1165,0.1165,0.1165,1.081,0.1165,0.1165,0.10425,0.1165,1.223,0.4058,0.1028,0.1165,0.1165,0.1201,0.1165,0.1165,0.1165,0.1165,1.318,0.525,0.1165,0.1165,0.1165,0.1274,0.1165,0.1165,0.736,0.1165,0.1057,0.1165,0.1165,0.1165,0.12335,0.1165,0.1165,0.1165,0.1165,0.1165,0.1165,0.1165,0.1165,0.1165,0.1165,0.1165,0.4424,0.1165,0.1165,0.1165,0.1165,0.1926,0.1165,0.1165,0.1165,0.1165,0.1165,0.1165,0.1165,0.1084,0.1165,0.1165,0.1165,0.1165,0.1165,0.1165,0.1165,0.1165,0.1165,1.156,0.4265,0.2009,0.1165,0.1092,0.1165,0.1165,0.09485,0.1165,0.1165,0.607,0.1165,0.1165,0.1165,0.391,0.1165,0.1165,0.1573,0.1165,0.4192,0.1165,0.1165,0.1165,0.1165,0.1165,0.10846,0.1165,0.1165,0.749,0.2498,0.2151,0.0768,0.1165,0.1165,0.1165,0.1165,0.1165,0.1165,0.1165,0.1165,0.1165,0.1141,0.1165,0.1165,0.1165,0.1165,0.127,0.1165,0.1165,0.1165,0.2234,0.1165,0.1165,0.1676,0.1165,0.07654,0.1222,0.1165,0.739,0.1165,0.3147,0.3232,0.08606,0.1594,0.1897,0.1165,0.1165,0.1165,0.1223,0.1165,0.188,0.1165,0.1165,0.1165,0.1165,0.1165,0.501,0.1165,0.2021,0.576,0.1165,0.1165,1.367,0.1165,0.1547,0.1165,0.1165,0.1165,0.1165,0.1165,0.1165,0.1165,0.10406,0.1066,0.1165,0.1165,0.1165,0.1035,0.1165,0.1165,0.1157,1.187,0.931,0.1165,0.1984,0.1165,0.1165,0.1165,0.3975,0.1165,0.1165,0.1165,0.1165,0.1165,0.1165,0.36,0.1165,0.1165,0.1165,0.1165,0.1165,0.2496,0.1165,0.1165,0.2905,0.1165,0.3794,0.1165,0.1165,0.1165,0.1165,0.1165,0.10986,0.1165,0.1165,0.1165,0.1165,0.1165,0.6567,0.1165,0.109,0.11475,0.879,0.1113,0.824,0.1165,0.11017,0.1165,0.1165,0.998,0.1165,0.1165,1.145,0.1165,0.2656,0.1165,0.6187,0.735,0.1165,0.1165,0.1165,0.1165,0.1165,0.1165,0.1399,0.1165,0.1165,0.1165,0.1165,0.1165,0.1165,0.0981,0.1165,0.567,0.1165,0.3635,0.1165,0.1165,0.0936,0.1165,0.1165,0.10425,0.1165,0.0844,0.1165,0.1165,0.1165,0.1165,0.1165,0.1165,0.1165,0.1384,0.1165,0.2742,0.1165,0.1165,0.1165,0.1165,0.1165,0.1165,0.4,0.3118,0.1165,0.1165,0.1071,0.2449,0.1165,0.1165,0.1165,0.1165,0.1137,0.1165,0.1165,0.1165,0.11255,0.1165,0.1165,0.1165,0.1165,0.1165,0.7266,0.1165,0.1165,0.107,0.1165,1.697,0.1165,0.1165,0.7886,0.1165,0.1165,0.636,0.1165,0.1165,2.156,0.2172,0.1165,0.1165,0.1165,0.1165,0.1165,0.1165,0.1165,0.1165,0.1165,0.1165,0.1165,0.1165,0.1165,0.1165,0.1165,0.1165,0.1165,0.1797,0.1165,0.1165,0.1433,0.11096,0.1165,0.1165,0.1005,0.1061,0.1165,0.1165,0.1165,0.1165,0.1033,0.1165,0.1165,0.1165,0.1165,0.1165,0.1165,0.4744,0.1165,0.1165,0.1165,0.1165,0.1165,0.10175,0.1165,0.552,0.1165,0.1119,0.1165,1.178,0.4097,0.1165,0.1165,0.4062,0.1165,0.1165,0.1079,0.2423,0.1165,0.9443,0.1165,0.1316,0.1165,0.1165,0.1165,0.1165,0.1043,0.1066,0.1165,0.1165,0.398,0.1165,0.4187,0.2458,0.2925,0.884,0.1165,0.1165,0.1165,0.1165,0.1165,0.1165,0.1165,0.1165,0.1165,0.1165,0.11566,0.1165,0.1169,0.1165,0.11096,0.1165,0.1165,0.11414,0.2009,0.1165,0.1165,0.1165,0.1973,0.1165,0.348,0.3289,0.1165,0.1165,0.1165,0.5244,0.1165,0.1165,0.1165,0.3103,0.1165,0.1165,0.1165,0.09717,0.2339,0.1165,0.1165,0.1165,0.1165,0.1165,0.1165,0.1165,0.1165,0.1153,0.1165,0.1165,0.1165,0.09924,0.1165,0.1165,0.1165,0.1165,0.1165,0.1165,0.3162,0.1165,0.1165,0.1165,0.1165,0.10254,0.1251,0.1145,0.556,0.09705,0.1165,0.1165,0.1165,0.1165,0.1165,0.1165,0.10736,0.1165,0.1165,0.1165,0.1165,0.067,0.3186,0.1035,0.1165,0.1094,0.1165,0.1165,0.1165,0.09296,0.1165,0.1165,0.1165,0.1165,0.1165,0.1165,0.1165,0.1432,0.575,0.1559,0.1165,0.1165,0.1067,0.1165,0.1165,0.1165,0.1165,0.1165,0.625,0.0719,0.1165,0.11017,0.3599,0.1165,0.1165,0.1165,0.1165,0.1165,0.1256,0.1165,0.1165,0.1164,0.1165,0.111,0.1151,0.1165,0.11084,0.1165,0.1165,0.1083,0.1165,0.0862,0.1165,0.1037,0.1165,0.1165,0.4507,0.1165,0.072,0.8394,0.1165,0.1165,0.1165,0.1165,0.1165,0.1165,0.1165,0.6494,0.1165,0.1141,0.1165,0.1165,0.1165,0.745,0.1165,0.1165,0.1165,0.1165,0.2515,0.4226,0.1165,0.1165,0.1165,0.10895,0.1165,0.1165,0.1165,0.1165,0.1165,0.1791,0.1165,0.1165,0.1165,0.605,0.1165,0.5537,0.1165,0.1165,0.1165,0.1056,0.1165,0.1165,0.1165,0.1165,0.1165,0.1165,0.1165,0.3308,0.1165,0.1165,0.10724,0.1165,0.1165,0.1447,0.1165,0.1165,0.1165,0.1165,2.098,0.1165,0.1165,0.1165,0.1426,0.1165,0.1165,0.3303,0.1165,0.1165,0.1165,0.1165,0.1165,0.1165,0.1165,0.1165,0.1165,0.1165,0.1165,0.1165,0.1517,0.1165,0.911,0.1165,0.1165,0.1165,0.1165,0.2944,0.10834,0.1316,0.5015,0.1165,1.162,0.1165,0.1165,0.11316,0.1165,0.1831,0.1165,0.1154,0.1165,0.286,1.381,0.0822,0.1165,0.1165,0.1165,0.1165,0.1165,0.1165,0.1165,0.1165,0.1165,0.1329,0.1165,0.11304,0.1165,0.1165,0.1165,0.1165,0.1165,0.1165,0.3818,0.1143,0.1165,0.10675,0.1165,0.1165,0.652,0.1278,0.1165,0.1165,0.1165,0.1165,0.1144,0.1165,0.1165,0.1165,0.2218,0.409,0.1165,0.1165,0.1165,0.1234,0.1165,0.1165,0.1165,0.6895,0.1165,0.1165,0.1165,0.089,0.1165,0.1504,0.1165,0.583,0.1597,0.1165,0.1165,0.8286,0.1165,0.1165,0.1083,0.726,0.10944,0.1165,0.562,0.0646,0.1165,0.92,0.1165,0.1165,0.1165,0.1165,0.1165,0.9355,0.2712,0.408,0.1165,0.10895,0.1165,0.1165,0.2837,0.1165,0.1082,0.0911,0.1165,0.1165,0.1165,0.1165,0.2844,0.1165,0.1165,1.624,0.3667,0.1165,0.1165,0.3826,0.1165,0.1089,0.1165,0.1165,0.1165,0.1165,1.158,0.1165,0.09607,0.1099,0.1165,0.1165,0.333,0.1165,0.1059,0.932,0.1165,0.432,0.1165,0.1165,0.1165,0.1165,0.1165,0.1165,0.1165,0.1165,0.1165,0.1165,0.2407,0.1165,0.719,0.1165,0.1165,0.1165,0.1165,0.1165,0.1056,0.1165,0.1165,0.1165,0.1165,0.1165,0.1104,0.1887,0.1165,0.1165,0.3354,0.1165,0.1129,0.1165,0.1165,0.1165,0.1165,0.1165,0.1165,0.1165,1.626,0.1165,0.1165,0.1165,0.10895,0.1165,0.1165,0.78,0.1165,0.1165,0.1165,0.1165,0.1165,0.1165,0.0972,0.635,0.1165,0.1165,0.1165,0.1165,0.1165,0.1165,0.10693,0.1165,0.0952,0.2103,0.1165,0.1165,1.866,0.1165,0.1165,0.1165,0.1165,0.1165,0.1165,0.1165,0.1165,0.1165,0.1165,0.1165,0.1165,0.1165,0.1123,2.258,0.1351,0.1919,0.1165,0.1165,0.1165,0.1165,0.1165,0.11395,0.1165,1.057,0.5303,0.1165,0.1165,0.42,0.11804,0.1304,0.1165,0.1165,0.466,0.1165,0.1165,0.2595,0.1165,0.10724,0.1165,0.1259,0.3706,0.1165,0.10156,0.1953,0.0923,0.1165,0.1165,0.1165,0.1372,0.42,0.1165,0.3152,0.2507,0.1072,0.1165,0.1101,0.1165,0.1165,0.1165,0.8936,0.1165,0.2141,0.3557,0.1165,0.1165,1.463,0.1165,0.1165,0.1165,0.1165,0.1165,0.1165,0.1165,0.648,0.1165,1.587,0.1165,0.1165,0.1165,0.2096,0.1165,0.1211,0.1165,0.1165,0.1165,0.1165,0.1666,0.277,0.6006,0.1165,0.1165,0.324,0.1165,0.1165,0.3474,0.1165,0.1165,0.1165,0.1165,0.1165,0.1165,0.1638,0.4604,0.1165,0.1165,0.10065,0.088,0.1165,0.1165,0.1165,0.1165,0.1165,0.1165,0.1165,0.1165,0.1165,0.1176,0.1165,0.1165,0.1165,0.1165,0.1165,0.1165,0.1099,0.1569,0.3096,0.1165,0.1165,0.1165,0.1165,0.1165,0.0928,0.1566,1.171,0.1165,0.1165,0.1165,1.396,0.1165,0.1165,0.1165,0.1165,0.1165,0.1165,0.1165,0.1165,0.104,0.1165,0.1165,0.1165,0.1165,0.1165,0.11505,0.1165,0.1165,0.1165,0.1165,0.1165,0.1165,0.1165,0.533,0.1165,0.2096,0.1165,0.1032,0.1368,0.4355,0.1165,0.792,0.1165,0.1165,0.4548,0.1165,0.49,0.4788,0.1165,0.143,0.1165,0.1165,0.1165,0.1165,0.1165,0.1165,0.1165,0.1165,0.1165,0.1165,0.1383,0.1165,0.09705,0.1063,0.1165,0.1165,0.1165,0.1365,0.2954,0.1165,0.7046,0.1165,0.1165,0.2313,0.1165,0.1165,0.10486,0.1165,0.1165,0.1165,0.2659,0.1147,0.1165,0.1165,0.1165,0.1165,0.1165,0.5166,0.1165,0.1165,0.1165,0.1004,0.1165,0.1165,0.3389,0.1165,0.1125,0.1165,0.285,0.1165,0.1384,0.1165,0.1165,0.1165,0.1165,0.1165,0.1165,0.1165,0.1165,0.09784,0.1165,0.0957,0.2644,0.1165,0.1165,0.1165,0.1165,0.1165,0.1165,0.08685,0.1165,0.1289,0.09955,0.0855,0.1165,0.1165,0.1165,0.1165,0.2025,0.1165,0.1165,0.1165,0.274,0.1165,0.1165,0.284,0.1165,0.1165,0.1165,0.1316,0.1165,0.1165,1.125,0.1514,1.349,0.1165,0.1165,0.1165,0.1165,0.1165,0.1165,0.098,0.1569,0.1165,0.5874,0.389,0.519,0.1165,1.134,0.1376,0.1165,0.1165,0.10425,0.1165,0.1003,0.3994,0.1165,1.474,0.1165,0.1165,0.1165,0.1165,0.1165,0.1165,0.1921,0.1165,1.011,0.1165,0.1287,0.1165,0.3423,0.1165,0.1165,0.1165,0.1165,0.1165,0.1165,0.2401,0.1165,0.0933,0.1165,0.1165,0.1165,0.1165,0.1164,1.23,0.1464,0.1107,0.1165,0.11597,0.1165,0.1165,0.1165,0.1864,0.1165,0.1165,0.1165,0.1165,0.1165,0.1165,0.1165,0.11127,0.1165,0.66,0.1165,0.1165,0.1165,0.1165,0.1165,0.0911,0.1165,0.1165,0.1165,0.1165,0.1165,0.1165,0.308,0.0948,0.6646,0.1031,0.1165,0.1165,0.1165,0.10925,0.4531,0.1165,0.6196,0.1165,0.06915,0.1165,0.1165,0.1165,0.1165,0.1165,0.1165,0.1165,0.1165,0.1165,0.1165,0.1165,0.2915,0.1165,0.1165,0.1165,0.1165,0.1165,0.1165,0.1165,0.1165,0.1165,0.1165,0.0988,0.1065,0.1097,0.416,0.1713,0.1165,0.1165,0.1165,0.1165,0.1165,0.1157,0.1165,0.1165,0.105,0.1165,0.1165,0.1165,0.1155,0.1033,0.1165,0.1564,0.1091,0.1165,0.1068,0.1165,0.0936,0.1071,0.1165,0.1165,0.1165,0.1165,0.1165,0.1098,0.1637,0.8804,0.2742,0.3442,0.1165,0.6665,0.1165,0.1165,0.2251,0.1165,0.1165,0.3298,0.4473,0.1165,0.08813,0.1165,0.1165,0.1165,0.1165,0.1165,0.1165,0.1165,0.1165,0.1165,0.4246,0.1766,0.0962,0.1165,0.1165,0.1855,0.4985,0.1165,0.1165,0.1165,0.1165,0.1165,0.1165,0.1165,0.1165,0.1165,0.922,0.1165,0.2961,0.09827,0.2161,0.1165,0.1165,0.1165,2.04,0.1165,0.2205,0.1165,1.381,0.683,0.1165,0.1165,0.814,0.1165,0.0965,0.1165,0.08527,0.0963,0.1313,0.1165,0.1165,0.1165,0.1165,0.1165,0.1165,0.1165,0.2637,0.1165,0.1165,0.1165,1.117,0.1165,0.1165,0.1165,1.415,0.1165,0.1553,0.07367,0.1165,0.1165,1.276,0.1165,0.1165,0.3267,0.1165,0.1028,0.1165,0.1165,0.2969,0.1165,0.1165,0.359,0.4082,0.1165,0.1165,0.10187,0.1165,0.1165,0.10474,0.1165,0.1165,0.10754,0.1165,0.095,0.0947,0.1165,0.1203,0.1165,0.1165,0.10205,0.1165,0.1103,0.1006,0.1062,0.1165,0.1165,0.1165,0.1165,0.1165,0.1165,0.5923,0.1373,0.1165,0.6597,0.1165,0.1165,0.633,0.1165,0.2751,0.1279,0.1056,0.1165,0.1165,0.2478,0.1165,0.1165,0.1165,0.1165,0.1165,0.4873,0.1165,0.2369,0.1165,0.1165,0.1165,0.1165,0.1165,0.1165,0.1165,0.3542,0.224,0.1165,0.1165,0.1165,0.1165,0.1165,0.1165,0.1165,0.10736,0.1165,0.1165,0.1165,0.2323,0.1165,0.106,0.08453,0.1165,0.1165,0.1165,0.3545,0.1165,0.1165,0.0772,0.1165,0.1165,0.1165,0.1165,1.6875,0.1165,0.1165,0.519,0.1165,0.6777,0.1077,0.544,0.1165,0.1165,0.1165,0.1165,0.0958,0.1165,0.1165,0.1165,0.1165,0.1088,0.1165,0.1165,0.1165,0.1165,0.1165,0.9414,1.883,0.1165,0.1165,0.1165,1.293,0.1004,0.437,0.1621,0.1165,0.1165,0.1165,0.1165,0.1165,0.7554,0.1165,0.1165,0.1165,0.507,0.1165,0.1165,0.1165,0.1465,0.1165,0.1165,0.1165,0.1165,0.1165,0.1113,0.1165,0.1165,0.475,0.1165,0.1165,0.1165,0.1165,0.1165,0.1165,0.1165,0.1165,0.5596,0.1165,0.1165,0.1165,0.1165,0.1097,0.1165,0.1165,0.10114,0.1165,0.1165,0.1165,0.1165,0.1165,0.1165,0.1165,0.6304,1.2705,0.1165,0.09015,0.1165,0.1165,1.049,1.402,0.1165,0.1165,0.1165,0.1165,0.1119,0.1165,0.1165,0.1165,0.1165,0.1165,0.1165,0.1165,0.094,0.5825,0.1165,0.1165,0.1165,0.3372,0.127,0.1165,0.9272,0.1165,0.1165,0.1165,0.1165,0.1165,0.1165,0.1165,0.1165,0.1165,0.1165,0.542,0.1165,0.1165,0.10345,0.1165,0.1165,0.1165,0.1165,0.1165,0.1876,0.1165,0.1165,0.1165,0.1165,0.11395,0.1165,0.382,0.1165,0.1165,0.1165,0.2432,0.4202,0.1165,0.1165,0.3562,0.1165,0.1165,0.1165,0.1165,0.1165,0.1165,0.1154,0.419,0.1165,0.4065,0.3364,0.2832,0.1072,0.1165,0.1165,0.1165,0.1165,0.6895,0.1165,0.1165,0.1165,0.1165,0.1165,0.1165,0.1165,0.1165,0.8706,0.1165,0.3694,0.09784,0.8486,0.1165,0.1019,0.1165,0.1266,0.1165,0.2842,0.3877,0.1165,0.1165,0.1165,0.2659,0.1165,0.1165,0.1791,0.1165,0.1165,0.1165,0.1153,0.1165,0.1165,0.1165,0.1005,0.907,0.1165,0.1165,0.1165,0.10394,0.1335,0.1165,0.1165,0.1165,0.09937,0.1165,0.1165,0.1123,0.1165,0.1165,0.1165,0.1165,0.1165,0.1165,0.1165,1.443,0.1165,0.1165,0.1165,0.1165,0.1165,0.1165,0.09454,0.1165,0.1165,0.548,0.1151,0.1165,0.1165,0.1165,0.1165,0.1165,0.1165,0.1165,0.1165,0.1165,0.0745,0.4473,0.1165,0.11615,0.1165,0.0977,0.1165,0.1165,0.1165,0.1165,0.419,0.1165,0.1165,0.1165,0.1165,0.1165,0.1343,0.1165,0.125,0.1165,0.1165,0.1165,0.1165,0.1165,0.1081,0.38,0.1165,0.1165,0.1165,0.10236,0.549,0.1165,0.256,0.12305,0.4822,0.1165,0.1165,0.3757,0.1165,0.1165,0.319,0.1165,0.1165,0.1165,0.1165,0.1165,0.1165,0.1165,0.1165,0.1165,0.0884,0.1614,0.1165,0.1165,0.135,0.1165,0.1165,0.1165,0.1165,0.1165,0.1165,0.1165,0.1165,0.1165,0.2905,0.2245,0.1165,0.1165,0.1165,0.1131,0.4978,0.1165,0.1165,0.1165,0.1165,0.1165,0.1165,0.09955,0.1165,0.1165,0.1165,0.1165,0.10504,0.1165,0.1165,0.1165,0.0997,0.1545,0.1902,0.1165,0.1165,0.2052,0.1165,2.137,0.1165,0.1165,0.1165,0.0878,0.1165,0.1165,0.1098,0.1165,0.2472,0.1165,0.1948,0.1165,0.1165,0.1165,0.1165,0.1165,0.1165,0.1165,0.745,0.291,0.1165,0.1165,0.1165,0.1165,0.1165,0.1165,1.681,0.1165,0.1165,0.1165,0.7363,0.1123,0.7837,0.1165,0.1165,0.1401,0.1165,0.1165,0.1165,0.1165,0.1165,0.2106,0.1099,0.1487,0.1165,0.1165,0.0886,0.1165,0.1165,0.1165,0.1165,0.3564,0.1165,0.1165,0.1165,0.1165,0.1165,0.1165,0.1165,0.1165,0.1165,0.424,0.1165,0.1165,0.1165,0.1165,0.1289,0.2201,0.196,0.1165,0.1165,0.1165,0.2435,0.1165,0.1165,0.1165,0.7983,0.1165,0.1165,0.1165,0.10803,0.665,0.3223,0.1165,0.1165,0.2197,0.1165,0.1165,2.352,0.1165,0.1065,0.1165,0.1165,0.1165,0.1165,0.1165,0.09015,0.1165,0.1165,0.1165,0.1165,0.1165,0.1165,0.1165,0.1165,0.1165,0.1051,0.2307,0.1165,0.4023,0.1165,0.1165,0.1571,0.1165,0.1165,0.1165,0.3943,0.1165,0.293,0.0981,0.1165,0.2551,0.1022,0.2269,0.1165,0.1165,0.1165,0.1165,0.1165,0.1137,0.1165,0.1165,0.1753,0.1165,0.1165,0.4304,0.1165,0.1165,0.1165,0.1165,0.3127,0.1165,0.10864,0.1165,0.7866,0.9785,0.1577,0.1165,0.1165,0.1165,0.1165,0.1165,1.296,0.3374,0.1165,0.1165,0.1165,0.1165,0.1165,0.1165,0.5806,0.1165,0.1165,0.1165,0.1165,0.1165,0.1165,0.1165,0.15,0.1165,0.0923,0.3125,0.1165,0.1165,0.1165,0.1165,0.1165,0.1165,0.09375,0.1165,0.1165,0.1165,0.1165,0.1992,0.1165,0.1165,0.2117,0.10693,0.1165,0.1165,0.3513,0.4895,0.568,0.1165,0.1698,0.0808,0.1165,0.1165,0.1165,0.7383,0.1165,0.1165,0.1165,0.1165,0.1165,0.1165,0.1165,1.692,0.3552,0.1165,0.1165,0.1165,0.1165,0.1165,0.1165,0.0979,0.4182,0.1165,0.1165,0.1165,0.08844,0.1165,0.1165,0.1205,0.1165,0.1165,0.955,0.1165,0.1165,0.906,1.055,0.1165,0.1935,0.1165,0.3203,0.1165,0.1165,0.1165,0.1165,0.48,0.9365,0.1089,0.753,0.11475,0.2205,0.1165,0.1165,0.0913,0.1165,0.1165,0.1116,0.1165,0.1165,0.07587,0.1165,0.1165,0.2747,0.1165,0.1262,0.1165,0.1165,0.1165,0.1165,0.0935,0.1165,0.1165,0.1165,0.1165,0.1165,0.1165,0.1165,0.1165,0.1165,0.1165,0.1165,0.1165,0.1165,0.1251,0.1165,0.363,0.442,0.1001,0.1165,0.0956,0.1165,0.2019,0.1165,0.1165,0.1073,0.1165,0.1165,0.1165,0.3154,0.1165,0.1165,0.1165,0.1165,0.1165,0.1165,0.1225,0.1165,0.1165,0.1165,0.1677,0.1048,0.644,0.1165,0.1165,0.1165,0.423,0.701,0.1165,0.1556,0.1782,0.1165,0.1096,0.1165,0.1165,0.1501,0.2688,0.1165,0.1165,0.1165,0.1165,0.3667,0.1165,0.1165,0.09717,0.442,0.1165,0.1165,0.1165,0.1165,0.1165,0.1048,0.1165,0.1165,0.1165,0.2207,0.1165,0.1165,0.1165,0.1165,0.1165,0.1165,0.09216,0.1165,0.4573,0.1676,0.1165,0.1165,0.1165,0.1165,0.1165,0.1165,0.1658,0.1165,0.1165,0.1165,0.1165,0.1165,0.1165,0.3396,0.1165,0.1165,0.1165,0.1165,0.0983,0.1165,0.1165,0.1165,0.0994,0.096,0.1165,0.1165,0.1165,0.1165,0.1165,0.1165,0.1165,0.762,0.1165,0.09827,0.1165,0.1165,0.2284,0.11224,0.1165,0.1096,0.1165,0.1165,0.1165,0.1165,0.1165,0.1165,0.1165,0.3164,0.1165,0.1165,0.1165,1.422,0.087,0.5146,0.12415,0.1165,0.3132,0.1165,0.1165,0.4563,0.1165,0.1165,0.1165,0.1165,0.1059,0.1165,0.5327,0.105,0.1165,0.544,0.0797,0.1165,0.5386,0.1165,0.3018,0.1165,0.2213,0.1165,0.1117,0.1165,0.3384,0.893,0.3728,0.1165,0.1165,0.1037,0.1165,0.09393,0.1165,0.1165,0.1165,0.1165,0.5347,0.1165,0.09546,0.2546,0.1674,0.1165,0.1165,0.1165,0.1165,0.1165,0.1165,0.1165,0.4717,0.1165,0.1925,0.952,0.1165,0.1165,0.1165,0.1165,0.1165,0.8545,0.1165,0.1165,0.1165,0.1165,0.1165,0.1165,0.1165,0.1165,0.1165,0.1165,0.1165,0.1165,0.1165,0.1031,0.1165,0.1086,0.1165,0.1165,0.1165,0.1165,0.1165,0.2844,0.1165,0.1165,0.1165,0.1165,0.1018,0.1165,0.1165,0.126,0.8916,0.1165,0.2435,0.10187,0.1165,0.1165,0.1165,0.1165,0.534,0.1165,0.09515,0.1165,0.1165,0.1165,0.1165,0.1165,0.1385,0.1165,0.1165,0.1165,0.1165,0.1565,0.1165,0.1165,0.11957,0.1165,0.1165,0.1165,0.1278,0.1165,0.1165,0.1165,0.707,0.1165,0.1165,0.1165,0.2198,0.1165,0.11505,0.9595,0.1165,0.1165,0.1165,0.1053,0.1165,0.1165,0.1721,0.6865,0.1165,0.1165,0.594,0.1165,0.1076,0.1165,0.1481,0.1165,0.0976,0.1165,0.1165,0.2014,0.1165,0.1038,0.1643,0.2075,0.1165,0.1165,0.1165,0.4617,0.1165,0.1024,0.1165,0.1165,0.1165,0.3486,0.44,0.1165,0.1165,0.08435,0.1165,0.814,0.837,0.1165,0.1165,0.1165,0.1165,0.1165,0.6035,0.11346,0.1165,0.1165,0.1165,0.1058,0.1165,0.1165,0.1897,0.1741,0.1165,1.082,1.33,0.10736,0.1165,0.1757,0.7837,0.1165,0.1165,0.1003,0.4124,0.1165,0.1001,0.1165,0.2452,0.1165,0.1165,0.1165,0.1165,0.1165,0.4116,0.1165,0.1165,0.674,0.1165,0.1165,0.1165,0.1165,0.1165,0.1165,0.10614,0.1165,0.1165,0.1165,0.1165,0.0807,0.1165,0.1165,0.918,0.1165,0.5054,0.1393,0.1165,0.1165,0.1165,0.1165,0.3496,0.1165,0.1165,0.1165,0.6562,0.1383,0.1165,0.1165,0.5366,0.1165,0.1165,0.1165,0.1165,0.1165,0.1165,1.215,0.1165,0.5054,0.1165,0.1109,0.4133,0.512,0.1165,0.1165,0.1165,0.1165,0.2131,0.411,0.0959,0.1165,0.1165,0.1165,0.1165,0.1165,0.1165,0.0969,0.1165,0.1165,0.3367,0.1165,0.1165,0.1165,0.1165,0.08856,0.1165,0.063,0.1165,0.08746,0.1078,0.1165,0.1305,0.1165,0.1165,0.8374,0.1165,0.1165,0.1165,0.1165,1.134,0.1165,0.1165,0.1165,0.1165,0.1827,0.1046,0.10657,0.1165,0.1165,0.1165,0.1165,0.3801,0.766,0.791,0.2827,0.1165,0.1165,0.1165,0.1165,1.507,0.1165,0.1165,0.356,0.1355,0.175,0.341,0.1165,0.3513,0.1165,0.1165,0.1165,0.1165,0.1464,0.1165,0.1165,0.1165,0.1165,0.1007,1.014,0.1165,0.1165,0.11053,0.1165,1.109,0.1165,0.1165,0.1165,0.1165,0.1025,0.1165,1.423,0.1165,0.10583,0.1165,0.1165,0.1165,0.1558,0.1165,0.1165,0.1165,0.1165,0.1165,0.1165,0.1165,0.1165,0.1165,0.1165,0.1165,0.1165,0.1165,0.1165,0.1165,0.1165,0.1165,0.1165,0.1165,0.1165,0.1399,0.11536,0.1165,0.1392,0.1165,0.1165,0.2212,0.1165,0.176,0.1165,0.1165,0.4133,0.10834,0.11285,0.5522,0.1076,0.1165,0.1165,0.1165,0.10046,0.3562,0.1165,0.1165,0.615,0.10376,0.1165,1.078,0.1165,0.4314,0.0771,0.1165,0.1471,0.1165,0.2974,0.1165,0.1165,0.1165,0.1165,0.1165,0.1165,0.1165,0.1165,0.1165,0.1108,0.1165,0.1165,0.1165,0.1165,0.1165,0.1165,0.1165,0.1165,0.1165,0.10596,0.1165,0.09125,0.1405,0.1348,0.1165,0.1165,0.1165,0.1165,0.1165,0.1165,0.1165,0.1165,0.1165,0.1165,0.1165,0.1165,0.1165,0.6724,0.1165,0.1165,0.1094,0.0919,0.7417,0.1165,0.11224,0.1165,0.1165,0.1165,0.1165,0.10315,0.1165,0.1165,0.1165,0.1165,0.1165,0.1165,0.284,1.331,0.1165,0.1165,0.1165,0.10925,0.1165,0.1165,0.1165,0.1165,0.1165,0.1165,0.1165,0.1165,0.1165,0.1165,0.1165,0.1165,0.1165,0.1165,0.1165,0.1165,0.1165,0.2869,0.1165,0.2257,0.1165,0.2006,0.1165,0.1165,0.541,0.1165,0.1165,0.1172,0.1165,0.1165,0.1165,0.1165,0.1165,0.1165,0.1165,0.0847,0.1165,0.2327,0.1165,0.4119,0.1165,0.1165,0.1165,0.1165,0.1165,0.1165,0.1165,0.1307,0.1165,0.1165,0.2522,0.09656,0.1165,0.1165,0.1165,0.693,0.1165,0.2036,0.1165,0.1165,0.1165,0.1165,0.1107,0.1165,0.11066,0.1165,0.1165,0.1996,0.1165,0.1165,0.1165,0.1165,0.1165,0.1165,0.1165,0.1165,0.1053,1.578,0.1165,0.1165,0.1165,0.1165,0.1165,0.1165,0.09753,0.0867,0.1165,0.1165,0.2861,0.1069,0.1165,0.1165,0.1165,0.1165,0.1165,0.1165,0.10956,0.2935,0.613,0.1165,0.2812,0.1165,0.1165,0.1165,0.1165,0.1165,0.4475,0.1165,0.2399,0.1165,0.1165,0.11273,0.1165,0.1165,0.9204,0.1165,0.532,0.1165,0.09686,0.1165,0.1165,0.2208,0.1165,0.1165,0.1165,0.0865,0.1322,0.1165,0.1105,0.1165,0.1165,0.1165,0.1068,0.1588,0.1165,0.1165,0.1131,1.39,0.0844,0.1165,0.1165,0.1165,0.1033,0.1165,0.1165,0.1165,0.2477,0.1165,0.1393,0.4878,0.1165,0.2554,0.10596,0.06274,0.1165,0.1165,0.1165,0.1165,0.1165,0.1165,0.1165,0.1165,0.1165,0.1165,0.4019,0.1022,0.1165,0.1165,0.1165,0.11145,0.1165,0.623,0.1165,0.1165,0.1165,0.09174,0.1165,0.1165,0.1165,0.1044,0.1165,0.1165,0.1165,0.1165,0.1165,0.1165,0.1165,0.1165,0.1165,0.1165,0.1165,0.1165,0.1165,0.1165,0.1165,0.3137,0.1165,0.1148,0.1165,0.6875,0.1165,0.1165,0.1165,0.1165,0.1165,0.1105,0.1165,0.1165,0.0991,0.1165,0.1165,0.2996,0.1165,0.1165,0.3418,0.1165,0.1165,0.1165,0.1254,0.1165,0.1188,0.1165,0.1165,0.1091,0.1165,0.1165,0.1165,0.1078,0.10876,0.0841,0.1165,0.1165,0.1165,0.1165,0.1165,0.5967,0.2612,0.1165,0.4553,0.11523,0.1162,0.1165,0.2372,0.1114,0.8716,0.0967,0.1165,0.6265,0.089,0.1165,0.1165,0.1165,0.1165,0.2576,0.1165,0.1165,0.1165,0.111,0.1165,0.1165,0.1165,0.1165,0.1165,0.1165,0.1165,0.1165,0.1165,0.9165,0.1165,0.1165,0.1165,0.1165,0.1165,0.1165,0.1165,0.1165,0.1165,0.658,0.1165,0.1165,0.1165,0.1165,0.1165,0.1165,0.1165,0.09174,0.1165,0.11383,0.1116,0.177,0.1165,0.1165,0.1165,0.1165,0.11127,0.1165,0.1165,0.10986,0.1165,0.1165,0.1165,0.1165,0.1165,0.1195,0.1165,0.1165,0.6494,0.1165,0.1165,0.2184,0.1552,0.1165,0.1165,0.1165,0.1165,0.1165,0.1165,0.1165,0.1165,0.1165,0.4473,0.1165,0.10394,0.1165,0.1165,0.1165,0.1165,0.1103,0.2922,0.0957,0.1165,0.1165,0.1165,0.1165,0.1165,0.1165,0.1165,0.1165,0.1165,0.1165,0.1165,0.1165,0.1165,0.1165,0.1165,0.11206,0.1086,0.1165,0.1165,0.1165,0.1165,0.1165,0.1165,0.29,0.1165,0.1165,0.1165,0.1165,0.1165,0.1106,0.0698,0.537,0.4236,0.1165,0.1165,0.5483,0.1165,0.09937,0.1165,0.1165,0.1165,0.1165,0.1165,0.1165,0.1165,0.776,0.1165,0.1165,0.1165,0.1666,0.1165,0.1165,0.1165,0.1165,0.1165,0.5356,0.1165,0.1165,0.1165,0.1165,0.1165,0.08997,0.1165,0.10583,0.1165,0.10864,0.1769,0.1165,0.1165,0.10016,0.1165,0.1165,0.1165,0.1165,0.1165,0.1165,0.1069,0.1165,0.1165,0.1165,0.1165,0.1165,0.1578,0.11774,0.1165,0.1165,1.076,0.0999,0.1165,0.6504,0.1165,0.1165,0.1165,0.1165,0.1165,0.245,0.0858,0.1165,0.1642,0.1165,0.1165,0.1447,0.4805,0.3772,0.1165,0.1165,0.06866,0.1165,0.1165,0.1165,0.1165,1.808,0.1495,0.1165,0.1165,0.1165,0.1165,0.4019,0.4937,0.1165,0.1165,0.1165,0.1165,0.1165,0.1165,0.10626,0.10126,0.1165,0.1165,0.1165,0.1165,0.1165,0.1123,0.09937,0.1165,0.06064,0.1089,0.1165,0.1165,0.1165,0.1165,0.1165,0.1165,0.1165,0.1065,0.1165,0.1165,0.8516,0.1165,0.1165,0.1165,0.1505,0.1165,0.1047,0.1165,0.1165,0.1165,0.1165,0.1165,0.1165,0.1165,0.1165,0.1165,0.1165,0.3848,0.1165,0.1165,0.1165,0.1165,0.1165,0.1165,0.1165,0.1165,0.1165,0.1165,0.1029,0.1165,0.1212,0.1165,0.1165,0.1165,0.1165,0.1165,0.1165,0.1165,0.1165,0.1165,0.1165,0.1165,0.1165,0.1165,0.1165,0.1171,0.1165,0.1501,0.1165,0.1165,0.101,0.1165,0.1165,0.1165,0.1165,0.1165,0.1165,0.1865,0.1165,1.125,0.6987,0.1165,0.1165,0.1165,0.1165,0.1165,0.1165,0.3738,0.1165,0.1165,0.1165,0.1071,0.0952,0.0954,1.374,0.1165,0.1165,0.1165,0.3127,0.1223,0.1165,0.1165,0.1165,0.1221,0.8936,0.1165,0.1165,0.1165,0.1165,0.3008,0.1165,0.10236,0.1165,0.1057,0.1207,0.1165,0.1165,0.2693,0.1165,0.1165,0.1006,0.1165,0.1165,0.1165,0.1165,0.1165,0.1078,0.1165,0.11426,0.862,0.1489,0.1165,0.1165,0.1165,0.2854,0.1165,0.1165,0.1165,0.1165,0.1165,0.1165,0.0777,0.1165,0.1165,0.1165,0.1165,0.097,0.1056,0.1165,0.096,0.1165,0.1788,1.395,0.1165,0.08856,0.1165,0.1165,0.1165,0.1165,0.1165,0.1089,0.259,1.701,0.1165,0.1165,0.1165,0.1165,0.1165,0.1165,0.10156,0.1165,0.1165,0.1165,0.1165,0.1165,0.1165,0.4246,0.1165,0.1165,0.1165,0.1165,0.093,0.1165,0.1165,0.1165,0.1165,0.1165,0.1165,0.1165,0.4028,0.1165,0.1165,0.1165,0.1165,0.08624,0.1165,0.11456,0.1165,0.1165,0.1165,0.1165,0.1165,0.1165,0.1165,0.1165,0.1165,0.1165,0.2496,0.297,0.1165,0.488,0.1165,0.181,0.11066,0.371,0.1165,0.278,0.1165,0.1165,0.1165,0.5938,0.1165,0.1165,0.2043
10,0.11816,0.11816,0.2673,0.11816,0.514,1.03,0.11816,0.11816,0.11816,0.11816,0.11816,0.11816,0.11816,0.11816,0.0934,0.11816,0.0979,0.707,0.11816,0.11816,0.11816,0.11816,0.4172,0.115,0.11816,0.372,0.11816,0.5454,0.081,0.385,0.2045,0.11816,0.11816,0.11816,0.11816,0.3735,0.11816,0.11816,0.11816,0.11816,0.11816,0.11816,0.11816,0.262,0.11816,0.11816,0.1075,0.11816,0.11816,1.539,0.10736,0.11816,0.11816,0.0903,0.11816,0.6265,0.2415,0.11816,0.4768,0.11816,1.031,0.11816,0.11237,0.2515,0.11816,0.11816,0.9946,0.11816,0.11816,0.11816,0.11816,0.11816,0.11816,0.11816,0.11816,1.267,0.11816,0.4128,0.11816,0.11816,0.11816,0.11816,0.1103,0.11816,0.3843,0.11816,0.11816,0.11816,0.11816,0.11816,0.11816,0.1133,0.56,0.3643,0.11816,0.3005,0.11816,0.0838,0.1631,0.2656,0.11816,0.11816,0.313,0.11816,0.11816,0.11816,0.12354,0.11816,0.2177,0.11816,0.11816,0.11816,0.11816,0.11816,0.11816,1.348,0.1519,0.11816,0.11816,0.11816,0.679,0.11816,0.11816,0.11816,0.11816,0.11816,0.11816,0.11816,0.11816,0.11816,0.11816,0.1831,0.11816,0.0983,0.11816,0.11816,0.11816,0.11816,0.523,0.11816,0.11816,0.11816,0.11816,0.4153,0.11816,0.11816,0.11816,0.11816,0.11816,0.11816,0.11816,0.11456,0.11816,0.11816,0.11816,0.11816,0.11816,1.282,0.11816,0.1053,0.11816,0.404,0.11816,0.1368,0.11816,0.11816,0.11816,0.11816,0.11816,0.1252,0.11816,0.11816,0.11816,0.11816,0.321,0.11816,0.11816,0.7295,0.07996,0.11816,0.11816,0.11816,0.11816,0.11816,0.11816,0.5063,0.11816,0.7285,0.11816,0.11816,0.11816,0.11816,0.10754,0.212,0.088,0.11816,0.11816,0.11816,1.415,0.11816,0.2825,0.2343,0.11816,2.162,0.1126,0.274,0.07733,0.11816,0.11816,0.357,0.11816,0.1156,0.11816,0.11816,0.11816,0.3342,0.11816,0.11816,0.11786,0.11816,0.11816,0.863,0.6436,0.11816,0.11816,0.11816,0.11816,0.11816,0.1082,0.4426,0.0719,0.1077,0.456,0.11816,0.11816,0.11816,0.542,0.11816,0.0763,0.11816,0.0572,0.11816,0.11816,0.11816,0.11816,0.11816,0.0954,0.11816,0.11816,0.1177,0.11816,0.11816,0.11145,1.185,0.11816,0.4814,0.11816,0.11816,0.11816,0.11816,0.11816,0.11816,0.11816,0.11816,0.11816,0.1865,0.11816,0.1412,0.592,0.11816,0.1232,0.11816,0.11816,0.11816,0.11816,0.11816,0.11816,0.11816,0.11816,0.11816,0.11816,0.11816,0.11816,0.1764,0.11816,0.11816,0.11816,0.11816,0.11816,0.15,0.11816,0.11816,0.11816,0.3555,0.11816,0.11816,0.11816,0.11816,0.11816,0.11816,0.11816,0.1162,0.425,0.11816,0.11816,0.7334,0.11816,0.087,0.11816,0.11816,0.2373,0.11816,0.11816,0.11816,0.2152,0.1171,0.11816,0.11816,0.11816,0.8286,0.11816,0.11816,0.1225,1.702,0.11816,0.11816,0.7617,0.11816,0.11816,0.11816,0.11816,0.1034,0.11816,0.11816,0.11816,0.2145,0.1914,0.11816,0.11816,0.11816,0.11816,0.463,0.3152,1.485,0.11816,0.2886,0.0679,0.11816,0.0618,0.11816,0.11816,0.11816,0.11816,0.11816,0.1059,0.0843,0.1346,0.11816,0.11816,0.5415,1.259,0.10956,0.11816,0.11816,0.11816,0.11816,0.11816,0.6855,0.567,0.0865,0.11816,0.11816,0.11816,0.11816,0.3755,0.09454,0.11816,0.11816,0.11816,0.995,0.11816,0.11816,0.11816,1.021,0.11816,0.2286,0.11816,0.1726,0.11816,0.11816,0.11816,0.11816,0.11694,0.11816,0.10956,0.11816,0.6943,0.11816,0.0886,0.11816,1.05,0.11816,0.0627,0.11816,0.328,0.11816,0.11816,0.1083,0.11816,0.11816,0.11816,0.878,0.11816,0.11816,0.11816,0.11816,0.10236,0.11816,0.11816,0.11816,0.11816,0.11816,0.1166,0.11816,0.11816,0.4026,0.11816,0.11816,0.11816,0.11816,0.557,0.11816,0.11816,0.11816,0.106,0.11816,0.11816,0.11816,0.3813,0.11816,0.11816,0.11816,0.103,0.1449,0.1075,0.11816,0.2896,0.09607,0.11816,0.11816,0.11816,0.11816,0.0985,0.11816,0.11816,0.11816,0.11816,0.11816,0.1299,0.11816,0.11816,0.11816,0.0748,0.11816,0.11816,0.11816,0.11816,0.11816,0.11176,0.11816,0.11816,0.11816,0.2683,0.11816,0.11816,0.07764,0.0969,0.11816,0.1233,0.11816,0.11816,0.972,0.10406,0.11816,0.11816,0.11816,0.11816,0.08044,0.11816,0.11816,0.11816,0.1718,0.0655,0.11816,0.11816,0.11816,0.11816,0.1179,0.11816,0.11816,0.11816,0.11816,0.11816,0.1196,0.11816,0.11816,0.11816,0.11816,0.11816,0.11816,0.11816,0.11816,0.239,0.1045,0.372,0.11816,0.11816,0.11816,0.11816,0.11816,0.3608,0.11816,0.11816,0.4097,0.517,0.11816,0.10925,0.11816,0.11816,0.11816,0.11816,0.11816,0.11816,0.11816,0.11816,0.11816,0.11816,0.11816,0.0875,0.11816,0.11816,0.11816,0.11816,0.11816,0.11676,0.1345,0.11816,0.11816,0.11816,0.1328,0.11816,0.11816,0.11816,1.011,0.11816,0.2886,0.11816,0.11816,0.11816,0.11816,0.11816,0.11816,0.11816,0.11816,0.11816,0.1841,0.11816,0.1135,0.1345,0.11816,0.11816,0.11816,0.11816,0.539,0.1147,0.11816,0.8223,0.11816,0.0955,0.11816,0.11816,0.11816,0.11816,0.11816,0.11816,0.11816,0.11816,0.11816,0.11816,0.11816,0.3037,0.11816,0.11816,0.11816,0.11816,0.11816,0.08325,0.1164,0.11816,0.11816,0.11816,0.11816,0.11816,0.11816,0.11816,0.0647,0.1016,0.11816,0.09503,0.11816,0.8076,0.11816,0.11816,0.1099,0.0964,0.5923,0.11816,0.11816,0.10803,0.11816,0.11816,0.11816,0.8906,0.2261,0.1715,0.4473,0.11816,0.11816,0.10785,0.08923,0.1113,0.6343,0.1869,0.11816,0.11816,0.11816,0.4636,0.422,0.11816,0.11816,0.11816,0.11816,0.369,0.11816,0.11816,0.11816,0.11816,0.11816,1.038,0.11816,0.11816,0.11816,0.11816,0.0971,0.11816,0.6367,0.11816,0.11816,0.11816,0.11816,0.103,0.11816,0.3447,0.11816,0.11816,0.11816,0.11816,0.1134,0.1086,0.1385,0.11816,0.11816,0.11816,0.11816,0.11816,0.11816,0.11816,0.11816,0.3123,0.11816,0.11816,0.11816,0.11816,0.11816,0.3171,0.11816,0.11816,0.3694,0.11816,0.11816,0.524,0.11816,0.11816,0.11816,0.11816,0.139,0.11816,0.4314,0.2698,0.11816,0.11816,0.11816,0.11816,0.1097,0.11816,0.11816,0.439,0.1929,0.11816,0.2045,0.11816,0.612,0.11816,0.11816,0.11816,0.11816,0.11816,1.604,0.1141,0.11816,0.11816,0.11816,0.875,0.11816,0.11816,0.11816,0.11816,0.12,0.2515,0.11816,0.756,0.2303,0.11816,0.11816,0.0981,0.11816,0.11816,0.1103,0.11816,0.11816,0.11816,0.11816,0.11816,0.11816,0.11816,0.10223,0.8115,0.11816,0.11816,0.11816,0.11816,0.11816,0.3687,0.789,0.11816,0.11816,0.11816,0.11096,0.11816,0.11816,0.11816,0.7554,0.11816,0.11816,0.11816,0.11816,0.11816,0.11816,0.4995,0.11816,0.10236,0.11816,0.585,0.11816,0.04575,0.11816,0.11816,0.11816,0.11816,0.11816,0.11816,0.11816,0.11816,0.4734,0.11816,0.11816,0.3984,0.11816,0.2722,0.62,0.11816,0.11816,0.11816,0.11816,0.5024,0.11816,0.11816,0.1644,0.11816,0.11816,0.11816,0.11816,1.266,0.11816,0.11816,0.11816,0.11816,0.11816,0.11816,0.11816,0.11816,0.11816,0.0726,0.11816,0.11816,0.11816,0.11816,0.11816,0.11816,1.09,0.11816,0.11816,0.10547,0.11816,1.225,0.5093,0.11816,0.11816,0.11816,0.1317,0.11816,0.11816,0.11816,0.11816,1.102,0.483,0.11816,0.11816,0.11816,0.1266,0.11816,0.11816,0.7993,0.11816,0.1011,0.11816,0.11816,0.06946,0.1445,0.11816,0.11816,0.11816,0.1562,0.11816,0.11816,0.11816,0.11816,0.11816,0.11816,0.11816,0.4624,0.11816,0.11816,0.11816,0.11816,0.1327,0.11816,0.11816,0.11816,0.11816,0.11816,0.11816,0.11816,0.11816,0.11816,0.11816,0.11816,0.11816,0.11816,0.11816,0.11816,0.11816,0.11816,1.014,0.3623,0.1566,0.11816,0.1356,0.11816,0.11816,0.09607,0.11816,0.11816,0.8105,0.11816,0.11816,0.11816,0.2179,0.11816,0.11816,0.1506,0.11816,0.448,0.11816,0.11816,0.11816,0.11816,0.11816,0.09454,0.11816,0.11816,0.5767,0.318,0.0897,0.106,0.11816,0.11816,0.11816,0.11816,0.11816,0.11816,0.11816,0.11816,0.11816,0.1025,0.11816,0.11816,0.11816,0.11816,0.08813,0.11816,0.11816,0.11816,0.2527,0.11816,0.11816,0.2637,0.11816,0.0862,0.11816,0.11816,0.679,0.11816,0.0828,0.3408,0.1115,0.1443,0.09015,0.11816,0.11816,0.11816,0.0973,0.11816,0.0953,0.11816,0.11816,0.11816,0.11816,0.11816,0.5435,0.11816,0.11816,0.424,0.11816,0.11816,1.02,0.11816,0.2041,0.11816,0.11816,0.11816,0.11816,0.11816,0.11816,0.11816,0.1112,0.1091,0.11816,0.11816,0.11816,0.11334,0.11816,0.11816,0.10986,0.897,0.941,0.11816,0.2047,0.11816,0.11816,0.11816,0.4329,0.11816,0.11816,0.11816,0.11816,0.11816,0.11816,0.328,0.11816,0.11816,0.11816,0.11816,0.11816,0.1938,0.11816,0.11816,0.144,0.11816,0.2014,0.11816,0.11816,0.11816,0.11816,0.11816,0.11816,0.11816,0.11816,0.11816,0.11816,0.11816,0.4395,0.11816,0.11816,0.11816,0.961,0.1022,0.812,0.11816,0.11816,0.11816,0.11816,1.106,0.11816,0.11816,0.9634,0.11816,0.2495,0.11816,0.715,0.8477,0.11816,0.11816,0.11816,0.11816,0.11816,0.11816,0.10254,0.11816,0.11816,0.11816,0.11816,0.11816,0.11816,0.1398,0.11816,0.6294,0.11816,0.516,0.11816,0.11816,0.1079,0.11816,0.11816,0.08234,0.11816,0.2062,0.11816,0.11816,0.1176,0.11816,0.11816,0.11816,0.11816,0.0851,0.11816,0.2244,0.11816,0.11816,0.11816,0.11816,0.11816,0.11816,0.4478,0.3096,0.11816,0.11816,0.11383,0.11304,0.11816,0.11816,0.11816,0.11816,0.11816,0.11816,0.11816,0.11816,0.1021,0.11816,0.11816,0.11816,0.11816,0.11816,0.5664,0.0776,0.11816,0.11816,0.11816,1.931,0.11816,0.11816,0.5605,0.11816,0.11816,0.5337,0.1068,0.11816,2.305,0.2556,0.11816,0.1131,0.11816,0.11816,0.11816,0.11816,0.11816,0.11816,0.11816,0.11816,0.11816,0.11816,0.11816,0.11816,0.11816,0.11816,0.11816,0.11816,0.11816,0.11816,0.2179,0.109,0.11816,0.11816,0.13,0.09625,0.11816,0.11816,0.11816,0.11816,0.11816,0.11816,0.11816,0.11816,0.11816,0.11816,0.11816,0.4023,0.11816,0.11816,0.11816,0.11816,0.1125,0.2379,0.11816,0.4424,0.11816,0.0991,0.11816,1.195,0.4146,0.11816,0.11816,0.2917,0.11816,0.11816,0.11816,0.1252,0.11816,0.8022,0.11816,0.1067,0.11816,0.11816,0.11816,0.11816,0.06525,0.1145,0.11816,0.11816,0.44,0.11816,0.4314,0.482,0.2009,0.538,0.11816,0.11816,0.11816,0.11816,0.11816,0.10315,0.11816,0.11816,0.11816,0.11816,0.0955,0.11816,0.0725,0.11816,0.0816,0.11816,0.11816,0.11816,0.3918,0.11816,0.11816,0.11816,0.09796,0.11816,0.2695,0.3748,0.11816,0.11816,0.11816,0.4287,0.109,0.11816,0.11816,0.4595,0.1228,0.11816,0.11816,0.0841,0.11615,0.11816,0.11816,0.11816,0.11816,0.11816,0.11816,0.11816,0.11816,0.10425,0.11816,0.11816,0.11816,0.101,0.11816,0.11816,0.11816,0.11816,0.11816,0.11816,0.2,0.11816,0.11816,0.11816,0.11816,0.11816,0.1005,0.11816,0.4968,0.11017,0.11816,0.11816,0.11816,0.11816,0.11816,0.11816,0.1111,0.11816,0.11816,0.11816,0.11816,0.093,0.325,0.1104,0.11816,0.1606,0.11816,0.11816,0.11816,0.1064,0.11816,0.11816,0.11816,0.11816,0.11816,0.11816,0.11816,0.284,0.6553,0.1445,0.11816,0.11816,0.124,0.11816,0.11816,0.11816,0.11816,0.11816,0.6987,0.0942,0.11816,0.11816,0.2778,0.11816,0.11816,0.11816,0.11816,0.11816,0.3323,0.11816,0.11816,0.09576,0.11816,0.11816,0.086,0.11816,0.11816,0.11816,0.11816,0.1628,0.11816,0.0976,0.11816,0.07465,0.11816,0.11816,0.3406,0.11816,0.1141,0.863,0.11816,0.11816,0.11816,0.11816,0.11816,0.11816,0.11816,0.6836,0.11816,0.11816,0.11816,0.11816,0.11816,0.792,0.1087,0.11816,0.11816,0.11816,0.1743,0.6343,0.11816,0.11816,0.11816,0.11816,0.11816,0.11816,0.11816,0.11816,0.11816,0.107,0.11816,0.11816,0.11816,0.637,0.11816,0.4788,0.11816,0.11816,0.11816,0.11084,0.11816,0.11816,0.11816,0.11816,0.11816,0.11816,0.11816,0.1962,0.11816,0.11816,0.14,0.11816,0.0896,0.1041,0.11816,0.11816,0.11816,0.11224,2.145,0.11816,0.11816,0.11816,0.27,0.11816,0.11816,0.3508,0.11816,0.11816,0.11816,0.11816,0.11816,0.11816,0.11816,0.11816,0.11816,0.11816,0.0905,0.11816,0.1732,0.11816,1.038,0.11816,0.11816,0.11816,0.11816,0.1567,0.11816,0.11816,0.592,0.11816,1.304,0.11816,0.11816,0.11566,0.0994,0.2145,0.11816,0.11816,0.11816,0.4587,1.507,0.1084,0.11816,0.11816,0.11816,0.11816,0.11816,0.11816,0.11816,0.11816,0.11285,0.278,0.11816,0.1069,0.11816,0.11816,0.11816,0.11816,0.11816,0.11816,0.406,0.11816,0.11816,0.10864,0.11816,0.11816,0.665,0.1183,0.11816,0.11816,0.11816,0.11816,0.11816,0.11816,0.08954,0.11816,0.3071,0.362,0.11816,0.11816,0.11816,0.0667,0.11816,0.11816,0.11816,0.7637,0.11816,0.11816,0.11816,0.1313,0.11816,0.12335,0.11816,0.4885,0.0935,0.11816,0.11816,0.691,0.11816,0.11816,0.09607,0.4392,0.10406,0.11816,0.57,0.092,0.11816,0.6343,0.11816,0.11816,0.11816,0.11816,0.11816,0.8965,0.4004,0.5737,0.11816,0.11816,0.11816,0.11816,0.10846,0.11816,0.09937,0.0974,0.11816,0.11816,0.11816,0.11816,0.10077,0.11816,0.11816,1.828,0.3823,0.11816,0.11816,0.549,0.11816,0.104,0.11816,0.11816,0.11816,0.11816,1.014,0.11816,0.11816,0.1119,0.11816,0.11816,0.253,0.11816,0.1116,1.027,0.11816,0.1643,0.11816,0.11816,0.11816,0.11816,0.11816,0.11816,0.11816,0.11816,0.11456,0.11816,0.335,0.11816,0.8755,0.11816,0.11816,0.11816,0.11816,0.11816,0.1109,0.11816,0.11816,0.11816,0.11816,0.11816,0.11816,0.10016,0.11816,0.11816,0.543,0.11816,0.10834,0.11816,0.11816,0.11816,0.11816,0.11816,0.11816,0.11816,1.692,0.11816,0.11816,0.11816,0.10187,0.11816,0.11816,0.702,0.11816,0.11816,0.11816,0.11816,0.11816,0.11816,0.1462,0.73,0.11816,0.11816,0.11816,0.11816,0.11816,0.11816,0.11816,0.11816,0.10297,0.1033,0.11816,0.11816,1.416,0.11816,0.11816,0.11816,0.11816,0.11816,0.11816,0.11816,0.11816,0.11816,0.11816,0.11816,0.11816,0.11816,0.11816,2.45,0.2219,0.2002,0.11816,0.11816,0.11816,0.11816,0.11816,0.11816,0.11816,1.308,0.4285,0.11816,0.11816,0.3508,0.1008,0.11816,0.11816,0.11816,0.257,0.11816,0.11816,0.414,0.11816,0.11816,0.11816,0.07294,0.412,0.11816,0.11816,0.1495,0.10236,0.11816,0.11816,0.11816,0.10077,0.4553,0.11816,0.6733,0.2484,0.11816,0.11816,0.1095,0.11816,0.11816,0.11816,0.903,0.11816,0.1019,0.1982,0.11816,0.11816,1.221,0.11816,0.11816,0.09717,0.11816,0.11816,0.11816,0.11816,0.4143,0.11816,1.548,0.1138,0.11816,0.11816,0.221,0.11816,0.1076,0.11816,0.11816,0.11816,0.11816,0.2146,0.1488,0.5664,0.11816,0.11816,0.5776,0.11816,0.11816,0.2441,0.11816,0.11816,0.11816,0.11816,0.11816,0.11816,0.0781,0.538,0.11816,0.11816,0.1178,0.114,0.11816,0.11816,0.11816,0.11816,0.11816,0.11816,0.11816,0.11816,0.11487,0.2761,0.11816,0.11816,0.11816,0.1062,0.11816,0.11816,0.11816,0.1965,0.396,0.11816,0.11816,0.11816,0.11816,0.11816,0.0981,0.3428,1.097,0.11816,0.11816,0.10706,1.701,0.11816,0.11816,0.11816,0.11816,0.11816,0.11816,0.11816,0.11816,0.11017,0.11816,0.11816,0.11816,0.11816,0.11816,0.1451,0.11816,0.11816,0.11816,0.11816,0.11816,0.11816,0.11816,0.31,0.11816,0.2747,0.11816,0.1103,0.097,0.3816,0.11816,0.694,0.11816,0.11816,0.4902,0.11816,0.593,0.3835,0.11816,0.18,0.11816,0.11816,0.11816,0.11816,0.11816,0.1034,0.11816,0.11816,0.11816,0.11816,0.10443,0.11816,0.11816,0.11816,0.11816,0.11816,0.11816,0.1483,0.11816,0.11816,0.731,0.11816,0.11816,0.409,0.11816,0.11816,0.1017,0.11816,0.11816,0.11816,0.2384,0.11816,0.11816,0.11816,0.11816,0.11816,0.11816,0.4119,0.11816,0.11816,0.11816,0.1886,0.11816,0.11816,0.5044,0.11816,0.07166,0.11816,0.4148,0.11816,0.1879,0.11816,0.11816,0.11816,0.11816,0.11816,0.11816,0.11816,0.11816,0.0898,0.11816,0.1406,0.278,0.11816,0.11816,0.11816,0.11816,0.11816,0.1179,0.1035,0.11816,0.2101,0.263,0.11816,0.11816,0.11816,0.11816,0.11816,0.4382,0.11816,0.11816,0.11816,0.2217,0.11816,0.11816,0.2668,0.11816,0.11816,0.11816,0.06094,0.11816,0.11816,1.195,0.0782,1.04,0.11816,0.11816,0.11816,0.11816,0.11816,0.11816,0.11285,0.1376,0.11816,0.6943,0.437,0.3857,0.11816,0.956,0.2399,0.11816,0.11816,0.11816,0.11816,0.2157,0.1401,0.11816,1.641,0.11816,0.11816,0.11816,0.11816,0.11816,0.11816,0.255,0.11816,1.397,0.11816,0.4333,0.11816,0.2944,0.11816,0.11816,0.11816,0.11816,0.11816,0.11816,0.251,0.11816,0.1085,0.11816,0.11816,0.11816,0.11816,0.11816,1.149,0.195,0.07654,0.11816,0.1132,0.11816,0.11816,0.11816,0.2634,0.11816,0.11816,0.11816,0.11816,0.11816,0.11816,0.11816,0.0865,0.11816,0.305,0.11816,0.11816,0.11816,0.11816,0.11816,0.088,0.11816,0.11816,0.11816,0.11816,0.11816,0.11816,0.2988,0.11816,0.5107,0.2025,0.11816,0.11816,0.11816,0.0916,0.8354,0.1115,0.651,0.11816,0.1159,0.11816,0.11816,0.11816,0.11816,0.11816,0.11816,0.11816,0.11816,0.11816,0.0999,0.11816,0.523,0.11816,0.11816,0.11816,0.11816,0.11816,0.11816,0.11816,0.11816,0.11816,0.11816,0.11847,0.0996,0.11816,0.5415,0.0925,0.11816,0.11816,0.11816,0.11816,0.11816,0.1162,0.111,0.11816,0.10535,0.11816,0.11816,0.11816,0.1076,0.1073,0.11816,0.1957,0.11816,0.11816,0.1599,0.11816,0.0344,0.11816,0.11816,0.11816,0.11816,0.11816,0.11816,0.11816,0.29,0.6934,0.4954,0.5083,0.11816,0.712,0.11816,0.11816,0.284,0.11816,0.11816,0.3147,0.508,0.11816,0.11816,0.11816,0.11816,0.11816,0.11816,0.11816,0.11816,0.11816,0.11816,0.11816,0.371,0.2156,0.1067,0.11816,0.11816,0.2267,0.7666,0.11816,0.107,0.11816,0.11816,0.11816,0.11816,0.11816,0.11816,0.11816,0.719,0.11816,0.3413,0.11816,0.2087,0.11816,0.11816,0.11816,1.875,0.11816,0.1127,0.11816,1.52,0.851,0.11816,0.11816,0.8047,0.11816,0.11084,0.11816,0.095,0.1208,0.459,0.11816,0.11816,0.11816,0.11816,0.11816,0.11816,0.11816,0.1807,0.11816,0.11816,0.11816,1.151,0.11816,0.11816,0.11816,1.314,0.11816,0.1298,0.10394,0.11816,0.11816,1.263,0.11816,0.11816,0.2352,0.11816,0.11816,0.11816,0.11816,0.3777,0.11816,0.11816,0.1176,0.2264,0.11816,0.11816,0.09937,0.11816,0.11816,0.11816,0.11816,0.11816,0.11816,0.11816,0.09247,0.09076,0.11816,0.11816,0.11816,0.11816,0.11816,0.11816,0.0874,0.11816,0.0995,0.1088,0.11816,0.11816,0.11816,0.11816,0.11816,0.708,0.10657,0.11816,0.7173,0.11816,0.11816,0.597,0.11816,0.2102,0.12335,0.08356,0.11816,0.11816,0.2588,0.11816,0.11816,0.11816,0.11816,0.11816,0.2988,0.11816,0.2751,0.11816,0.11816,0.11816,0.11816,0.11816,0.11816,0.11816,0.4275,0.2126,0.11816,0.11816,0.11816,0.1153,0.11816,0.11816,0.11816,0.11816,0.10345,0.11816,0.11816,0.537,0.11816,0.0682,0.0749,0.11816,0.11816,0.11816,0.319,0.11816,0.11816,0.1099,0.11816,0.0985,0.11816,0.11816,1.892,0.11816,0.11816,0.4363,0.11816,0.6567,0.318,0.6953,0.11816,0.1141,0.11816,0.11816,0.1158,0.11816,0.11816,0.11816,0.11816,0.11816,0.0956,0.11816,0.11816,0.11816,0.11816,0.712,1.857,0.11816,0.11816,0.11816,1.404,0.1093,0.3572,0.361,0.11816,0.11816,0.11816,0.11816,0.11816,0.644,0.0979,0.11816,0.11816,0.6353,0.11816,0.11816,0.11816,0.1501,0.11816,0.11816,0.11816,0.11816,0.11816,0.1107,0.11816,0.11816,0.3884,0.11816,0.11816,0.11816,0.11816,0.0974,0.11816,0.11816,0.11816,0.596,0.11816,0.11816,0.11816,0.11816,0.07404,0.11816,0.11816,0.11816,0.11816,0.11816,0.11816,0.11816,0.11816,0.11816,0.11816,0.875,1.236,0.11816,0.1127,0.11816,0.11816,0.859,1.541,0.11816,0.11816,0.11816,0.118,0.1151,0.11816,0.11816,0.11816,0.11816,0.11816,0.11816,0.11816,0.3374,0.3567,0.11816,0.11816,0.11816,0.1665,0.0618,0.11816,0.887,0.11816,0.11816,0.11816,0.11816,0.11816,0.11816,0.11816,0.11816,0.11816,0.11816,0.4597,0.1089,0.11816,0.0979,0.1088,0.11816,0.11816,0.11816,0.11816,0.1573,0.11816,0.11816,0.11816,0.11816,0.1075,0.11816,0.2013,0.11816,0.11816,0.11816,0.1647,0.1431,0.11816,0.117,0.3682,0.11816,0.11816,0.11816,0.11816,0.11816,0.11816,0.11816,0.399,0.11816,0.351,0.09296,0.3386,0.10895,0.11816,0.11505,0.11816,0.11816,0.9136,0.11816,0.11816,0.11816,0.11816,0.11816,0.11816,0.11816,0.11816,0.807,0.11816,0.575,0.1107,0.9507,0.11816,0.08716,0.11816,0.2515,0.11816,0.1738,0.2483,0.11816,0.11816,0.11816,0.2737,0.11816,0.11816,0.2297,0.11816,0.11816,0.11816,0.07526,0.11816,0.11816,0.11816,0.11005,0.837,0.11816,0.11816,0.11816,0.09485,0.11816,0.11816,0.11816,0.11816,0.137,0.11816,0.11816,0.0852,0.11816,0.11816,0.11816,0.11816,0.11816,0.1164,0.11816,1.36,0.11816,0.11816,0.10895,0.11816,0.11816,0.11816,0.1098,0.11816,0.11816,0.5786,0.11816,0.11816,0.11816,0.11816,0.11316,0.1098,0.11816,0.11816,0.11816,0.11816,0.11285,0.444,0.11816,0.09186,0.11816,0.108,0.11816,0.11816,0.11816,0.11816,0.3245,0.11816,0.11816,0.11816,0.11816,0.11816,0.1106,0.11816,0.2462,0.11816,0.11816,0.11816,0.11816,0.11816,0.11816,0.5283,0.11816,0.11816,0.11816,0.11816,0.681,0.11816,0.0992,0.1871,0.4636,0.11816,0.11816,0.773,0.11816,0.11816,0.2734,0.11816,0.11816,0.11816,0.11816,0.11816,0.11816,0.11816,0.11816,0.11816,0.1089,0.0913,0.11816,0.11816,0.1349,0.11816,0.11816,0.11816,0.11816,0.11816,0.11816,0.11816,0.10846,0.11816,0.262,0.11017,0.11816,0.11816,0.11816,0.0772,0.47,0.11816,0.11816,0.0975,0.11816,0.11816,0.11816,0.2035,0.11816,0.11816,0.11816,0.11816,0.11816,0.11816,0.11816,0.11816,0.145,0.09125,0.4045,0.11816,0.11816,0.08215,0.11816,2.086,0.11816,0.11646,0.11816,0.11816,0.11816,0.11816,0.11816,0.09766,0.466,0.11816,0.4714,0.11816,0.11816,0.09235,0.10236,0.11816,0.11816,0.11816,0.5557,0.3752,0.0816,0.11816,0.11816,0.11816,0.11816,0.11816,1.512,0.11816,0.11816,0.11816,0.714,0.08673,0.7515,0.11816,0.11816,0.09375,0.11816,0.11816,0.0949,0.11816,0.1152,0.1002,0.09247,0.06305,0.11816,0.11816,0.0981,0.11816,0.11816,0.11816,0.11816,0.291,0.11816,0.11816,0.11816,0.11816,0.11816,0.11816,0.11816,0.11816,0.11816,0.4148,0.11816,0.11816,0.11816,0.11816,0.1519,0.087,0.08136,0.11816,0.11816,0.11816,0.0873,0.11816,0.11816,0.11816,0.694,0.11816,0.11816,0.11816,0.1349,0.5786,0.1763,0.11816,0.11816,0.1508,0.11816,0.11816,2.219,0.11816,0.1139,0.11816,0.11816,0.11816,0.11816,0.11816,0.1238,0.11816,0.1011,0.11816,0.11816,0.11816,0.11816,0.11816,0.11816,0.11816,0.1146,0.5107,0.11816,0.3562,0.11816,0.11816,0.1023,0.11816,0.11816,0.11816,0.433,0.11816,0.3425,0.10205,0.11816,0.1219,0.1143,0.4434,0.11646,0.11816,0.11816,0.11816,0.11816,0.1089,0.11816,0.11816,0.2742,0.11816,0.11816,0.3865,0.11816,0.11816,0.11816,0.11816,0.445,0.11816,0.10785,0.11816,0.679,0.861,0.10956,0.11816,0.11816,0.11816,0.11816,0.11816,1.316,0.3132,0.11816,0.11816,0.11816,0.11816,0.10736,0.11816,0.275,0.11816,0.11816,0.11816,0.11816,0.11816,0.11816,0.11816,0.0964,0.11816,0.114,0.3184,0.1101,0.11816,0.11816,0.11816,0.11816,0.11816,0.1152,0.11816,0.11816,0.11816,0.11816,0.0903,0.11816,0.11816,0.08276,0.1119,0.11816,0.11816,0.4128,0.608,0.2352,0.11816,0.1736,0.09656,0.11816,0.11816,0.11816,0.797,0.11816,0.11816,0.11816,0.11816,0.11816,0.11816,0.11816,1.493,0.07794,0.11816,0.11816,0.11816,0.11816,0.11816,0.11816,0.1035,0.4226,0.11816,0.11816,0.11816,0.07404,0.11816,0.11816,0.10016,0.11816,0.11816,0.995,0.11816,0.11816,1.117,0.736,0.11816,0.11816,0.11816,0.3687,0.11816,0.11816,0.11816,0.11816,0.484,0.9863,0.11816,0.9795,0.11816,0.1145,0.11816,0.11816,0.1007,0.11816,0.11816,0.11816,0.11816,0.11816,0.1211,0.11816,0.11816,0.4612,0.11816,0.06793,0.11816,0.11816,0.11816,0.11816,0.11816,0.11816,0.11816,0.11816,0.11816,0.11816,0.11816,0.11816,0.11816,0.11816,0.11816,0.11816,0.11816,0.11816,0.2399,0.11816,0.1311,0.523,0.11816,0.11816,0.11584,0.11816,0.09546,0.11816,0.116,0.1125,0.11816,0.11816,0.11816,0.351,0.11816,0.11816,0.11816,0.11816,0.11816,0.11816,0.11816,0.11816,0.11816,0.11816,0.1069,0.0948,0.581,0.11816,0.11816,0.11816,0.514,0.7285,0.11816,0.07043,0.1153,0.11816,0.11816,0.11816,0.11816,0.1166,0.07324,0.11816,0.11816,0.11816,0.11816,0.4387,0.11816,0.11816,0.1339,0.1989,0.11816,0.11816,0.11816,0.11816,0.11816,0.1284,0.11816,0.11816,0.11816,0.3003,0.11816,0.11816,0.11816,0.11816,0.11816,0.11816,0.1029,0.11816,0.534,0.1567,0.11816,0.11816,0.11816,0.11816,0.11816,0.11816,0.11816,0.11816,0.11816,0.11816,0.11816,0.11816,0.11816,0.2391,0.11816,0.11816,0.11816,0.11816,0.11816,0.11816,0.11816,0.11816,0.0998,0.0677,0.11816,0.11816,0.11816,0.11816,0.11816,0.11816,0.11816,0.7144,0.11816,0.10345,0.11816,0.11816,0.1901,0.11835,0.11816,0.1142,0.09906,0.11816,0.11816,0.11816,0.11816,0.11816,0.11816,0.08636,0.11816,0.11816,0.11816,1.522,0.1064,0.615,0.219,0.11816,0.2888,0.11816,0.11816,0.387,0.11816,0.11816,0.11816,0.11816,0.0701,0.11816,0.582,0.11816,0.11304,0.7954,0.162,0.11816,0.3804,0.11816,0.3792,0.11816,0.1603,0.11816,0.11816,0.11816,0.4207,0.5024,0.365,0.11816,0.11816,0.1154,0.11816,0.1079,0.11816,0.11816,0.11816,0.11816,0.68,0.11816,0.11707,0.45,0.08026,0.11816,0.11816,0.11816,0.11816,0.10956,0.11816,0.11816,0.4856,0.11816,0.1055,1.055,0.11816,0.11816,0.11816,0.11816,0.11816,0.6284,0.11816,0.11816,0.11816,0.11816,0.11816,0.10767,0.11816,0.11816,0.11816,0.11816,0.11816,0.11816,0.11816,0.0983,0.11816,0.10443,0.11816,0.11816,0.11816,0.11816,0.11816,0.1935,0.094,0.11816,0.11816,0.11816,0.243,0.11816,0.11816,0.1433,0.754,0.11816,0.3052,0.0958,0.11816,0.11816,0.11816,0.11816,0.584,0.11816,0.1445,0.11816,0.11816,0.11816,0.11816,0.11816,0.08057,0.11816,0.11816,0.11816,0.11816,0.0951,0.11816,0.11816,0.1127,0.1034,0.11816,0.11816,0.2245,0.10565,0.11816,0.11816,0.6733,0.11816,0.11816,0.11816,0.11816,0.11816,0.11816,0.866,0.11816,0.11816,0.1115,0.0947,0.11816,0.11816,0.159,0.7505,0.11816,0.11816,0.736,0.11816,0.08484,0.1114,0.4153,0.11816,0.10913,0.11816,0.11816,0.1742,0.10583,0.11816,0.083,0.1091,0.11816,0.11816,0.11816,0.475,0.11816,0.1022,0.11816,0.11816,0.11816,0.3503,0.5454,0.11816,0.11816,0.0649,0.11816,1.117,0.9175,0.11816,0.11816,0.11816,0.11816,0.11816,0.3062,0.1065,0.11816,0.11816,0.11816,0.2377,0.11816,0.11816,0.10614,0.2125,0.11426,1.154,1.475,0.11816,0.11816,0.224,0.6157,0.11816,0.11816,0.11816,0.672,0.11816,0.1078,0.11816,0.3018,0.11816,0.11816,0.11816,0.11816,0.11816,0.175,0.11816,0.11816,0.5107,0.11816,0.11816,0.11816,0.11816,0.11816,0.11816,0.2996,0.11816,0.11816,0.11816,0.11816,0.1342,0.1044,0.11816,1.128,0.11816,0.753,0.0606,0.11816,0.1132,0.11816,0.11816,0.1556,0.11816,0.11816,0.11816,0.4905,0.2798,0.11816,0.11816,0.3662,0.11816,0.11816,0.11816,0.11816,0.11816,0.11816,0.6807,0.11816,0.4607,0.11816,0.11816,0.5356,0.8604,0.11816,0.10815,0.11816,0.11816,0.3018,0.365,0.1154,0.11816,0.11816,0.11816,0.11816,0.11816,0.11816,0.10046,0.11816,0.11816,0.254,0.11816,0.11816,0.11816,0.11816,0.08624,0.11816,0.1004,0.11816,0.0951,0.0886,0.11816,0.2522,0.11816,0.11816,0.628,0.11816,0.11816,0.11816,0.11816,0.931,0.11816,0.11816,0.11816,0.11816,0.1974,0.0664,0.114,0.11816,0.11816,0.11816,0.11816,0.1779,0.736,0.6196,0.1847,0.11816,0.11816,0.11816,0.11816,1.38,0.11816,0.11816,0.488,0.0813,0.1965,0.4827,0.11816,0.1572,0.11816,0.11816,0.11816,0.11816,0.09045,0.11816,0.11816,0.11816,0.11816,0.11816,0.668,0.11816,0.11816,0.1051,0.11816,0.9834,0.11816,0.11816,0.11816,0.11816,0.0822,0.11816,1.298,0.11816,0.0892,0.11816,0.11816,0.11816,0.07526,0.11816,0.11816,0.11816,0.11816,0.11816,0.11816,0.11816,0.11816,0.11816,0.11816,0.11816,0.11816,0.11816,0.11816,0.11816,0.11816,0.11816,0.11816,0.11816,0.11816,0.06714,0.11816,0.11816,0.11816,0.11816,0.11816,0.3296,0.11816,0.1221,0.11816,0.11816,0.3425,0.11816,0.11816,0.583,0.1061,0.11816,0.11816,0.11816,0.1066,0.2107,0.11816,0.11816,0.5254,0.11816,0.11816,1.019,0.11816,0.5522,0.11816,0.11816,0.11816,0.11816,0.2279,0.11816,0.11816,0.11816,0.11816,0.11816,0.11816,0.11816,0.11816,0.11816,0.11816,0.11816,0.11816,0.11816,0.11816,0.11816,0.11816,0.11816,0.11816,0.11816,0.2286,0.11816,0.1088,0.2118,0.06024,0.11816,0.11816,0.11816,0.11816,0.11816,0.11816,0.11816,0.11816,0.11816,0.11816,0.11816,0.11816,0.11816,0.6025,0.11816,0.11816,0.0913,0.0982,0.527,0.11816,0.11816,0.11816,0.11816,0.11816,0.11816,0.1282,0.11816,0.11816,0.11816,0.11816,0.11816,0.11816,0.2695,1.483,0.11816,0.11816,0.11816,0.1202,0.11816,0.11816,0.11816,0.11816,0.11816,0.11816,0.11816,0.11816,0.11816,0.11816,0.11816,0.11816,0.11816,0.11816,0.117,0.11816,0.11816,0.3918,0.11816,0.508,0.11816,0.067,0.11816,0.11816,0.3726,0.11816,0.11816,0.1092,0.11816,0.11816,0.11816,0.11816,0.11816,0.11816,0.11816,0.07526,0.11816,0.09314,0.11816,0.1486,0.11816,0.11816,0.11816,0.11816,0.1102,0.11816,0.11816,0.11664,0.11816,0.11816,0.0748,0.08813,0.11816,0.11816,0.11816,0.756,0.11694,0.253,0.11816,0.11816,0.11816,0.11816,0.11816,0.11816,0.11816,0.11816,0.11816,0.3433,0.11816,0.11816,0.11816,0.11816,0.11816,0.11816,0.11816,0.11816,0.0853,1.553,0.11816,0.11816,0.11816,0.11816,0.11816,0.11816,0.08496,0.06836,0.11816,0.11816,0.1914,0.11304,0.11816,0.11816,0.11816,0.11816,0.11816,0.11816,0.11816,0.11005,0.4106,0.1116,0.09686,0.11816,0.11816,0.11816,0.11816,0.11816,0.3337,0.11816,0.3542,0.11816,0.11816,0.11816,0.11475,0.11816,1.096,0.11816,0.6274,0.11816,0.10846,0.11816,0.11816,0.1924,0.11816,0.11816,0.11816,0.0828,0.11816,0.11816,0.11816,0.11816,0.11816,0.11816,0.11816,0.2133,0.11816,0.11816,0.1947,1.3545,0.1028,0.11816,0.11816,0.11816,0.0769,0.11816,0.11816,0.11816,0.4592,0.11816,0.05966,0.44,0.11816,0.1753,0.1603,0.1178,0.11816,0.11816,0.11816,0.11816,0.11816,0.11816,0.11816,0.11816,0.11816,0.11816,0.2355,0.2426,0.11816,0.11816,0.11816,0.11816,0.11816,0.7393,0.11816,0.11816,0.11816,0.0626,0.11816,0.11816,0.11816,0.1146,0.11816,0.11816,0.11816,0.11816,0.11816,0.11816,0.11816,0.11816,0.11816,0.11816,0.11816,0.11816,0.11816,0.11816,0.11816,0.4695,0.11816,0.09296,0.11816,0.641,0.11816,0.11816,0.11816,0.11816,0.11816,0.1257,0.11816,0.11816,0.11816,0.11816,0.11816,0.6006,0.11816,0.11816,0.4307,0.11816,0.11816,0.11816,0.10876,0.11816,0.10254,0.11816,0.11816,0.11816,0.11816,0.11816,0.11816,0.09644,0.3022,0.1096,0.11816,0.11816,0.11816,0.11816,0.11816,0.5425,0.1655,0.11816,0.2355,0.11816,0.11816,0.11816,0.2664,0.11816,0.8477,0.0918,0.11816,0.4907,0.1924,0.11816,0.11816,0.11816,0.11816,0.2267,0.11816,0.11816,0.11816,0.11816,0.11816,0.11816,0.11816,0.11816,0.11816,0.11816,0.11816,0.11816,0.11816,0.8916,0.11816,0.11816,0.11816,0.11816,0.11816,0.11816,0.11816,0.11816,0.11816,0.528,0.11816,0.11816,0.11816,0.11816,0.11816,0.11816,0.11816,0.0882,0.11816,0.1085,0.11816,0.1039,0.11816,0.11816,0.11816,0.11816,0.10486,0.11816,0.11816,0.1581,0.11816,0.11816,0.11816,0.11816,0.11816,0.263,0.11816,0.11816,0.8496,0.11816,0.11816,0.3135,0.1438,0.11816,0.11816,0.11816,0.11816,0.11816,0.11816,0.10974,0.11816,0.11816,0.2712,0.11816,0.11816,0.11816,0.11816,0.11816,0.11816,0.1062,0.101,0.0931,0.11816,0.11816,0.11816,0.11816,0.11816,0.11816,0.11816,0.11816,0.11816,0.11816,0.11816,0.11816,0.11816,0.11816,0.11816,0.11816,0.1888,0.11816,0.11816,0.11816,0.11816,0.11816,0.11816,0.2705,0.11816,0.11816,0.11816,0.11816,0.11816,0.11816,0.1107,0.61,0.4302,0.08966,0.11816,0.6616,0.11816,0.11816,0.11816,0.11816,0.11816,0.11816,0.11816,0.11816,0.11816,0.757,0.11816,0.11816,0.11816,0.09814,0.11816,0.11816,0.11816,0.11816,0.11816,0.5625,0.11816,0.11816,0.11816,0.11816,0.11816,0.1031,0.11816,0.11816,0.11816,0.11255,0.1996,0.11816,0.11816,0.1004,0.11816,0.11816,0.11816,0.11816,0.11816,0.11816,0.1116,0.11816,0.11816,0.11816,0.11816,0.11816,0.11426,0.09814,0.11816,0.11816,0.98,0.10876,0.11816,0.449,0.11816,0.11816,0.11816,0.11816,0.11816,0.28,0.11816,0.105,0.08044,0.11816,0.11816,0.1556,0.379,0.663,0.11816,0.11816,0.0889,0.11816,0.11816,0.11816,0.11816,2.027,0.1103,0.11816,0.11816,0.11816,0.1141,0.5273,0.3013,0.11816,0.11816,0.11816,0.11816,0.11816,0.11816,0.11816,0.06683,0.11816,0.11816,0.11816,0.11816,0.11816,0.11816,0.1174,0.11816,0.1062,0.11816,0.11816,0.11816,0.11816,0.11816,0.1041,0.11816,0.11816,0.11816,0.11816,0.11816,0.8555,0.11816,0.11816,0.11816,0.09717,0.11816,0.11816,0.11816,0.11816,0.11816,0.11816,0.11816,0.11816,0.11816,0.11816,0.11816,0.11816,0.4043,0.11816,0.11816,0.11816,0.11816,0.11816,0.11816,0.11816,0.11816,0.11816,0.11816,0.11816,0.11816,0.08923,0.11816,0.11816,0.11816,0.11816,0.11816,0.11816,0.11816,0.11816,0.11816,0.11816,0.11816,0.11816,0.11816,0.11816,0.101,0.11816,0.1488,0.11816,0.11816,0.11816,0.11816,0.11816,0.11816,0.08997,0.11816,0.11816,0.07086,0.11816,1.071,0.4353,0.11816,0.11816,0.11816,0.11816,0.11816,0.11816,0.5376,0.11816,0.11816,0.11816,0.11816,0.1112,0.10925,1.491,0.11816,0.11816,0.11816,0.2133,0.2445,0.11816,0.11816,0.11816,0.11816,1.123,0.11816,0.11816,0.11816,0.10895,0.3037,0.11816,0.1694,0.11816,0.11816,0.2627,0.11816,0.11816,0.1278,0.11816,0.11816,0.11816,0.11816,0.11816,0.11816,0.11816,0.11816,0.1176,0.11816,0.11816,0.937,0.1467,0.11816,0.1152,0.11816,0.3547,0.11816,0.11816,0.11816,0.11816,0.11816,0.11816,0.11816,0.11816,0.11816,0.11816,0.11816,0.11816,0.1276,0.11816,0.0941,0.11816,0.2144,1.151,0.11816,0.0919,0.11816,0.11816,0.11816,0.11816,0.11816,0.11816,0.0929,1.729,0.11816,0.11816,0.11816,0.11816,0.11816,0.11816,0.11816,0.11816,0.113,0.11816,0.11816,0.11816,0.11816,0.58,0.11816,0.11816,0.11816,0.11816,0.0544,0.11816,0.11816,0.11816,0.11816,0.11816,0.11816,0.11816,0.2954,0.11816,0.11816,0.11816,0.11816,0.0579,0.11816,0.0694,0.11816,0.11816,0.11816,0.11816,0.11816,0.11816,0.11816,0.11816,0.11816,0.11816,0.2825,0.4453,0.11816,0.548,0.11816,0.1075,0.1164,0.2102,0.11816,0.108,0.11816,0.11816,0.11816,0.776,0.1091,0.11816,0.1019
11,0.11707,0.11707,0.648,0.11707,0.5376,1.1455,0.11707,0.11707,0.11707,0.11707,0.11707,0.11707,0.11707,0.11707,0.08966,0.11707,0.06335,0.8696,0.11707,0.11707,0.11707,0.11707,0.2915,0.07,0.11707,0.556,0.11707,0.446,0.2424,0.1287,0.1142,0.11707,0.11707,0.11707,0.11707,0.562,0.11707,0.11707,0.11707,0.11707,0.11707,0.11707,0.271,0.1698,0.11707,0.11707,0.10004,0.11707,0.11707,1.304,0.10284,0.11707,0.0943,0.1765,0.11707,0.761,0.1781,0.11707,0.56,0.11707,0.9194,0.11707,0.1094,0.1564,0.11707,0.11707,0.9854,0.11707,0.11707,0.11707,0.11707,0.11707,0.11707,0.11707,0.11707,0.8525,0.11707,0.539,0.11707,0.11707,0.11707,0.11707,0.11707,0.11707,0.2622,0.11707,0.11707,0.11707,0.11707,0.11707,0.11707,0.1076,0.6855,0.2389,0.11707,0.303,0.11707,0.1375,0.1082,0.342,0.11707,0.11707,0.2432,0.11707,0.11707,0.11707,0.1095,0.11707,0.1287,0.11707,0.11707,0.11707,0.1092,0.11707,0.11707,1.482,0.2483,0.11707,0.11707,0.11707,0.6714,0.11707,0.11707,0.11707,0.11707,0.11707,0.11707,0.11707,0.11707,0.11707,0.11707,0.1652,0.11707,0.08746,0.11707,0.11707,0.11707,0.11707,0.3604,0.11707,0.11707,0.11707,0.11707,0.34,0.11707,0.11707,0.11707,0.11707,0.11707,0.11707,0.11707,0.11707,0.11707,0.11707,0.11707,0.11707,0.11707,1.359,0.11707,0.09937,0.11707,0.4712,0.11707,0.1095,0.11707,0.11707,0.11707,0.1094,0.11707,0.1517,0.11707,0.11707,0.11707,0.11707,0.4602,0.11707,0.11707,0.804,0.0781,0.11707,0.11707,0.11707,0.11707,0.11707,0.11707,0.4722,0.11707,0.2183,0.11707,0.11707,0.11707,0.11707,0.11707,0.3904,0.0663,0.11707,0.11707,0.11707,1.705,0.11707,0.1906,0.09924,0.11707,1.888,0.11707,0.09924,0.11707,0.1157,0.11707,0.533,0.11707,0.0827,0.11707,0.11707,0.11707,0.2136,0.11707,0.11707,0.125,0.11707,0.11707,0.945,0.4463,0.11707,0.11707,0.11707,0.11707,0.11707,0.11707,0.3323,0.1438,0.1049,0.4304,0.11707,0.11707,0.11707,0.3032,0.11707,0.1084,0.11707,0.2007,0.1075,0.11707,0.11707,0.11707,0.11707,0.11707,0.11707,0.11707,0.1098,0.11707,0.11707,0.115,1.017,0.10895,0.552,0.11707,0.11707,0.11707,0.10986,0.11707,0.11707,0.11707,0.11707,0.11707,0.127,0.11707,0.356,0.5967,0.11487,0.11334,0.11707,0.11707,0.11707,0.11707,0.11707,0.11707,0.11707,0.11707,0.11707,0.11707,0.11707,0.11707,0.1097,0.11707,0.11707,0.11707,0.11707,0.11707,0.09955,0.11707,0.11707,0.11707,0.3027,0.11707,0.11707,0.11707,0.11707,0.11707,0.11707,0.11707,0.1975,0.2715,0.11707,0.11707,0.76,0.11707,0.11707,0.11707,0.11707,0.2002,0.11707,0.11707,0.1113,0.1703,0.1235,0.11707,0.11707,0.11707,1.076,0.11707,0.11707,0.3027,1.909,0.11707,0.11707,0.743,0.11707,0.11707,0.11707,0.11707,0.0855,0.11707,0.11707,0.11707,0.1942,0.1736,0.11707,0.11707,0.11707,0.11707,0.313,0.365,1.354,0.11707,0.174,0.132,0.11707,0.0804,0.11707,0.11707,0.11707,0.11707,0.1062,0.255,0.2043,0.1321,0.11707,0.11707,0.3652,1.257,0.1998,0.11707,0.0842,0.11707,0.11707,0.11707,0.6587,0.6724,0.08765,0.11707,0.11707,0.11707,0.11707,0.1935,0.0569,0.11707,0.11707,0.11707,0.9175,0.1094,0.11707,0.11707,1.056,0.11707,0.2006,0.1428,0.1343,0.11707,0.11707,0.11707,0.11707,0.11707,0.11707,0.11707,0.11707,0.5527,0.11707,0.1388,0.11707,1.086,0.11707,0.11707,0.11707,0.257,0.0936,0.11707,0.1819,0.11707,0.11707,0.0658,0.9297,0.11707,0.11707,0.11707,0.11707,0.2137,0.11707,0.11707,0.11707,0.11707,0.11707,0.08545,0.11707,0.11707,0.369,0.11707,0.11707,0.11707,0.11707,0.71,0.11707,0.11707,0.11707,0.06946,0.11707,0.11707,0.11707,0.6235,0.11707,0.11707,0.11707,0.11707,0.0811,0.1033,0.11707,0.4836,0.1065,0.11707,0.11707,0.11707,0.11707,0.1294,0.11707,0.11707,0.11707,0.11707,0.11707,0.2123,0.11707,0.11707,0.11707,0.11554,0.11707,0.11707,0.11707,0.11707,0.11707,0.1081,0.11707,0.11707,0.11707,0.3025,0.11707,0.11707,0.10443,0.1505,0.11707,0.0961,0.11707,0.11707,0.8906,0.1205,0.11707,0.11707,0.11707,0.11707,0.119,0.11707,0.11707,0.11707,0.4233,0.2192,0.11707,0.11707,0.11707,0.11707,0.11707,0.11707,0.11707,0.11707,0.11707,0.11707,0.10266,0.11707,0.11707,0.11707,0.11017,0.11707,0.11707,0.11707,0.11707,0.2913,0.1166,0.10004,0.11707,0.11707,0.11707,0.11707,0.11707,0.3267,0.11707,0.11707,0.4128,0.5757,0.11707,0.1103,0.11707,0.11707,0.11707,0.11707,0.11707,0.11707,0.11707,0.11707,0.11707,0.11707,0.11707,0.11237,0.11707,0.11707,0.11707,0.11707,0.11707,0.1163,0.4492,0.11707,0.11707,0.10626,0.3088,0.1081,0.11707,0.11707,0.799,0.11707,0.677,0.11707,0.11707,0.11707,0.11707,0.11707,0.11707,0.11707,0.11707,0.11707,0.1843,0.11707,0.1047,0.1681,0.11707,0.1072,0.11707,0.11707,0.3938,0.11707,0.11707,0.7573,0.11707,0.2324,0.11707,0.11707,0.11707,0.11707,0.11707,0.11707,0.11707,0.11707,0.11707,0.0952,0.11707,0.2764,0.11707,0.11707,0.11707,0.11707,0.11707,0.094,0.1135,0.11707,0.11707,0.11707,0.11707,0.11707,0.11707,0.11707,0.07654,0.10486,0.11707,0.1063,0.11707,0.9375,0.11707,0.11707,0.11707,0.10956,0.6987,0.11707,0.11707,0.2042,0.11707,0.11707,0.11707,0.8867,0.10724,0.06824,0.4377,0.11707,0.11707,0.11414,0.2156,0.1014,0.6626,0.2338,0.11707,0.11707,0.11707,0.4207,0.3833,0.107,0.11707,0.11707,0.11707,0.3333,0.11707,0.11707,0.11707,0.11707,0.11707,1.438,0.11707,0.11707,0.11707,0.11707,0.09924,0.11707,0.7476,0.11707,0.11707,0.11707,0.11707,0.11707,0.11707,0.396,0.11707,0.11707,0.11707,0.11707,0.1134,0.1058,0.3901,0.11707,0.11707,0.11707,0.11707,0.11707,0.11707,0.11707,0.11707,0.1709,0.11707,0.11035,0.11707,0.11707,0.11707,0.1992,0.11707,0.11707,0.2568,0.11707,0.11707,0.476,0.11707,0.1134,0.11707,0.11707,0.1075,0.11707,0.7285,0.3186,0.1155,0.11707,0.11707,0.11707,0.11707,0.11707,0.11707,0.368,0.1001,0.11707,0.278,0.11707,0.9624,0.11707,0.11707,0.11707,0.11707,0.11707,1.494,0.1066,0.11707,0.11707,0.11707,0.7295,0.11707,0.11707,0.11707,0.11707,0.12244,0.6826,0.11707,0.4993,0.1741,0.11707,0.11707,0.10425,0.11707,0.11707,0.1087,0.11707,0.11707,0.11707,0.11707,0.11707,0.11707,0.11707,0.11707,0.7856,0.11707,0.11707,0.11707,0.11707,0.11707,0.392,0.7217,0.11707,0.11707,0.11707,0.11523,0.11707,0.11707,0.11707,1.079,0.11707,0.11707,0.11707,0.11707,0.11707,0.1032,0.7715,0.11707,0.1493,0.11707,0.586,0.11707,0.08826,0.11707,0.1125,0.11707,0.11707,0.11707,0.11707,0.11707,0.11707,0.7534,0.11707,0.11707,0.4487,0.11707,0.0837,0.7583,0.11707,0.11707,0.11707,0.11707,0.7036,0.11707,0.11707,0.3943,0.11707,0.11707,0.11707,0.11707,1.273,0.11707,0.11707,0.11707,0.11707,0.11707,0.11707,0.11707,0.11707,0.11707,0.1859,0.11707,0.11707,0.11707,0.11707,0.11707,0.11707,1.199,0.11707,0.1254,0.1473,0.11707,1.463,0.645,0.10077,0.11707,0.11707,0.1857,0.11707,0.11707,0.11707,0.11707,0.983,0.1776,0.11707,0.11707,0.11707,0.09894,0.11707,0.11707,0.9497,0.11707,0.10626,0.11707,0.11707,0.1044,0.08765,0.11707,0.11707,0.11707,0.129,0.11707,0.11707,0.11707,0.115,0.11707,0.11707,0.11707,0.2676,0.11707,0.11707,0.11707,0.11707,0.227,0.11707,0.1182,0.11707,0.11707,0.11707,0.11707,0.11707,0.11707,0.11707,0.11707,0.11707,0.11707,0.11707,0.11707,0.11707,0.11707,0.11707,1.028,0.5327,0.3142,0.11707,0.2341,0.11707,0.11707,0.11707,0.11707,0.11707,0.7446,0.11707,0.11707,0.11707,0.1877,0.11707,0.11707,0.0809,0.11707,0.4053,0.11707,0.11707,0.11707,0.11707,0.11707,0.096,0.11707,0.11707,0.7705,0.2123,0.1996,0.11163,0.11707,0.11707,0.11707,0.11707,0.11707,0.11707,0.11707,0.11707,0.11707,0.2542,0.11707,0.11707,0.11707,0.11707,0.1678,0.11707,0.11707,0.11707,0.1093,0.11707,0.11707,0.2322,0.11707,0.0906,0.0824,0.11707,0.714,0.11707,0.1506,0.2197,0.1124,0.2423,0.182,0.11707,0.11707,0.11707,0.0869,0.11707,0.11707,0.11707,0.11707,0.11707,0.11707,0.11707,0.10065,0.112,0.09937,0.2842,0.11707,0.11707,1.0625,0.11707,0.1082,0.11707,0.11707,0.11707,0.11707,0.11707,0.11707,0.11707,0.11707,0.10205,0.11707,0.11707,0.11707,0.1173,0.11707,0.11707,0.11707,0.903,1.036,0.11707,0.2092,0.11707,0.11707,0.11707,0.2201,0.11707,0.11707,0.11707,0.11707,0.11707,0.11707,0.274,0.11707,0.11707,0.11707,0.11707,0.11707,0.1539,0.11707,0.11707,0.245,0.11707,0.11084,0.11707,0.11707,0.1279,0.11707,0.11707,0.11707,0.11707,0.11707,0.11707,0.11707,0.11707,0.706,0.11707,0.11707,0.10065,0.7974,0.1106,0.9146,0.11707,0.11707,0.11707,0.11707,1.182,0.11707,0.11707,1.019,0.11707,0.1927,0.11707,0.8413,0.9097,0.11707,0.11707,0.11707,0.11707,0.11707,0.11707,0.1555,0.11707,0.11707,0.11707,0.11707,0.11707,0.11707,0.1287,0.11707,0.4177,0.11707,0.42,0.11707,0.11707,0.10516,0.11707,0.11707,0.1068,0.11707,0.1875,0.11707,0.11707,0.1165,0.11707,0.11707,0.11707,0.11707,0.1698,0.11707,0.2998,0.1109,0.11707,0.11707,0.11707,0.11707,0.11707,0.232,0.28,0.11707,0.11707,0.11523,0.06354,0.11707,0.11707,0.11707,0.1067,0.11707,0.11707,0.11707,0.11707,0.11707,0.11707,0.11707,0.11707,0.11707,0.11707,0.8647,0.11707,0.11707,0.11707,0.11707,1.791,0.11707,0.11707,0.5933,0.11707,0.11707,0.2563,0.11707,0.11707,2.176,0.11707,0.11707,0.11707,0.11707,0.11707,0.11707,0.11707,0.11707,0.11707,0.11707,0.11707,0.1114,0.11707,0.11707,0.11707,0.11707,0.11707,0.11707,0.2435,0.11707,0.11707,0.2314,0.0842,0.11707,0.11707,0.0873,0.1066,0.11707,0.11707,0.11707,0.11707,0.11707,0.11707,0.11707,0.11707,0.11707,0.11707,0.11707,0.2612,0.11707,0.11707,0.11707,0.11707,0.0818,0.3389,0.1085,0.5273,0.11707,0.11707,0.11707,1.139,0.4128,0.11707,0.11707,0.34,0.11707,0.11707,0.10474,0.1757,0.11707,0.623,0.11707,0.0855,0.11456,0.11707,0.11707,0.11707,0.10913,0.0777,0.11707,0.11707,0.2908,0.11707,0.572,0.4492,0.2144,0.859,0.11707,0.11707,0.11707,0.11707,0.11707,0.1669,0.11707,0.11707,0.11707,0.11707,0.1093,0.11707,0.1228,0.11707,0.11554,0.11707,0.11707,0.11707,0.3555,0.11707,0.11707,0.11707,0.1169,0.11707,0.5195,0.6963,0.11707,0.11707,0.11707,0.543,0.1399,0.11707,0.11707,0.2244,0.1624,0.11707,0.11707,0.1179,0.09784,0.11707,0.11707,0.11707,0.11707,0.11707,0.11707,0.11707,0.11707,0.11707,0.11707,0.11707,0.11707,0.11707,0.11707,0.11707,0.11707,0.11707,0.11707,0.11707,0.283,0.11707,0.11707,0.11707,0.11707,0.1035,0.09326,0.11707,0.6465,0.0865,0.11707,0.11707,0.11707,0.11707,0.11707,0.11707,0.1009,0.11707,0.11707,0.11707,0.11707,0.08966,0.395,0.11383,0.11707,0.10004,0.11707,0.11707,0.11707,0.07996,0.11707,0.11707,0.11707,0.11707,0.11707,0.11707,0.1125,0.2395,0.4915,0.319,0.11707,0.11707,0.09717,0.11707,0.11707,0.11707,0.11707,0.11707,0.897,0.062,0.11707,0.1046,0.2632,0.11707,0.11707,0.11707,0.11707,0.11707,0.412,0.11707,0.11707,0.0979,0.11707,0.1116,0.09454,0.11707,0.1383,0.11707,0.11707,0.1066,0.11707,0.1565,0.11707,0.1104,0.11707,0.11707,0.241,0.11707,0.1121,0.639,0.11707,0.1115,0.11707,0.1259,0.11707,0.11707,0.11707,0.7485,0.11707,0.112,0.11707,0.11707,0.11707,0.7544,0.11707,0.11707,0.11707,0.11707,0.1758,0.317,0.11707,0.11707,0.11707,0.1164,0.11707,0.11707,0.11707,0.11707,0.11707,0.1404,0.1033,0.11707,0.2124,0.83,0.11707,0.3994,0.11707,0.11707,0.11707,0.10956,0.11707,0.11707,0.11707,0.11707,0.11707,0.11707,0.11707,0.1648,0.11707,0.11707,0.0902,0.11707,0.1425,0.1354,0.11707,0.11707,0.11707,0.11707,2.232,0.11707,0.11707,0.11707,0.09766,0.11707,0.11707,0.386,0.11707,0.11707,0.11707,0.11707,0.11707,0.11707,0.11707,0.11707,0.11707,0.11707,0.11707,0.11707,0.11456,0.11707,1.167,0.11707,0.11707,0.11707,0.11707,0.293,0.11707,0.0795,0.397,0.11707,1.212,0.11707,0.11707,0.11707,0.1084,0.2296,0.11707,0.11707,0.11707,0.4373,1.538,0.11707,0.11707,0.11115,0.11707,0.11707,0.11707,0.11707,0.11707,0.11707,0.11707,0.07544,0.11707,0.1129,0.11707,0.11707,0.11707,0.11707,0.11707,0.11707,0.329,0.11084,0.11707,0.11707,0.11707,0.11707,0.7812,0.08545,0.11707,0.11707,0.11707,0.1118,0.11707,0.11707,0.095,0.11707,0.3958,0.5933,0.11707,0.1335,0.11707,0.09644,0.11707,0.11707,0.11707,0.6606,0.11707,0.11707,0.11707,0.08386,0.11707,0.1744,0.11707,0.473,0.07214,0.11707,0.11707,0.5713,0.11707,0.11707,0.11707,0.6104,0.2338,0.11707,0.467,0.1661,0.11707,0.6426,0.11707,0.11707,0.11707,0.11707,0.11707,0.9927,0.07806,0.2593,0.11707,0.11707,0.11707,0.11707,0.1445,0.11707,0.08594,0.11707,0.1131,0.11707,0.11707,0.11707,0.307,0.11707,0.11707,1.8955,0.3364,0.11707,0.11707,0.524,0.11707,0.1368,0.11707,0.11707,0.11707,0.11707,1.009,0.11707,0.1107,0.2244,0.11707,0.11707,0.1606,0.11707,0.0909,0.9727,0.11707,0.4353,0.11707,0.11707,0.11707,0.11707,0.11707,0.11707,0.11707,0.11707,0.1128,0.11707,0.2705,0.11707,0.874,0.11707,0.11707,0.11707,0.11707,0.11707,0.179,0.11707,0.11707,0.11707,0.11707,0.11707,0.1211,0.07104,0.11707,0.11707,0.6465,0.11707,0.10626,0.11707,0.11707,0.11707,0.11707,0.11707,0.11707,0.11707,1.581,0.11707,0.11707,0.11707,0.1109,0.11707,0.11707,0.4158,0.11707,0.11707,0.11707,0.11707,0.11707,0.11707,0.1131,0.7607,0.11707,0.11707,0.11707,0.11707,0.11707,0.11707,0.11707,0.11707,0.1202,0.1805,0.11707,0.11707,1.406,0.11707,0.11707,0.11707,0.11707,0.11707,0.11707,0.11707,0.11707,0.11707,0.11707,0.11707,0.11707,0.11707,0.11707,2.309,0.4797,0.164,0.11707,0.11707,0.11707,0.11707,0.11707,0.11707,0.11707,1.097,0.2966,0.11707,0.11707,0.203,0.11707,0.11707,0.11707,0.11707,0.1838,0.11707,0.11707,0.2808,0.11707,0.11707,0.11707,0.1404,0.3723,0.11707,0.11707,0.1635,0.09076,0.11707,0.11707,0.1155,0.1113,0.5483,0.11707,0.512,0.2373,0.11707,0.11707,0.1339,0.11707,0.11707,0.11707,0.868,0.11707,0.11395,0.1561,0.11707,0.11707,0.998,0.11707,0.11707,0.11707,0.11707,0.11707,0.11707,0.11707,0.4758,0.11707,1.477,0.11707,0.11707,0.11707,0.191,0.11707,0.11053,0.11707,0.11707,0.11707,0.11707,0.202,0.2522,0.5293,0.11707,0.11707,0.2983,0.11707,0.11707,0.0977,0.11707,0.11707,0.11707,0.11707,0.11707,0.11707,0.1812,0.4006,0.11707,0.11707,0.11707,0.09894,0.11707,0.11707,0.11707,0.11707,0.11707,0.11707,0.11707,0.11707,0.11707,0.1991,0.11707,0.11707,0.11707,0.0988,0.11707,0.11707,0.11707,0.4097,0.4849,0.11707,0.11707,0.11066,0.11707,0.11707,0.1914,0.3052,1.058,0.11707,0.11707,0.11707,1.601,0.11707,0.11707,0.11707,0.11707,0.11707,0.11707,0.11707,0.11707,0.11383,0.11707,0.1149,0.11707,0.11707,0.11707,0.10693,0.11707,0.11707,0.11707,0.11707,0.11707,0.11707,0.11707,0.2341,0.1114,0.2021,0.11707,0.11707,0.0879,0.2878,0.11707,0.8984,0.11707,0.11707,0.6177,0.11707,0.3545,0.4282,0.11707,0.084,0.11707,0.11707,0.11707,0.11707,0.11707,0.09045,0.10364,0.11707,0.11707,0.11707,0.152,0.11707,0.11707,0.11707,0.11707,0.11707,0.11707,0.19,0.11707,0.11707,0.5835,0.11707,0.11707,0.24,0.11707,0.11707,0.0922,0.11707,0.11707,0.11707,0.3127,0.10016,0.11707,0.11707,0.11707,0.11707,0.11707,0.717,0.11707,0.11707,0.11707,0.1104,0.11707,0.11707,0.365,0.11707,0.1143,0.11707,0.3262,0.11707,0.1959,0.11707,0.11707,0.11707,0.11707,0.11707,0.11707,0.11707,0.11707,0.1068,0.11707,0.09015,0.12024,0.11707,0.11707,0.11707,0.11707,0.11707,0.1039,0.0674,0.11707,0.3342,0.2969,0.1018,0.11707,0.11707,0.11707,0.11707,0.384,0.11707,0.11707,0.11707,0.3647,0.11707,0.11707,0.1299,0.11707,0.11707,0.11707,0.11487,0.11707,0.11707,1.033,0.07166,1.266,0.11707,0.11707,0.11707,0.1107,0.11707,0.11707,0.0929,0.11426,0.11707,0.4517,0.4177,0.5254,0.11707,0.998,0.1605,0.11707,0.11707,0.09393,0.11707,0.2054,0.1453,0.11707,1.462,0.11707,0.11707,0.11707,0.11707,0.11707,0.11707,0.11005,0.11707,1.28,0.11707,0.2896,0.11707,0.3418,0.11707,0.11707,0.11707,0.11707,0.11707,0.11707,0.3428,0.11707,0.094,0.11707,0.1152,0.0876,0.11707,0.10876,1.035,0.224,0.2108,0.11707,0.10815,0.11707,0.11707,0.11707,0.1284,0.11707,0.11707,0.11707,0.11707,0.11707,0.11707,0.11707,0.0945,0.11707,0.3655,0.11707,0.11707,0.11707,0.11707,0.11707,0.2573,0.11707,0.11707,0.11707,0.11707,0.11707,0.11707,0.328,0.11694,0.6045,0.355,0.11707,0.11707,0.11707,0.114,0.8945,0.09827,0.392,0.11707,0.1659,0.11707,0.11707,0.11707,0.11707,0.11707,0.11707,0.11707,0.11707,0.11707,0.11707,0.11707,0.4585,0.11707,0.11707,0.11707,0.11707,0.11707,0.11707,0.11707,0.11707,0.11707,0.10333,0.145,0.11884,0.11707,0.4314,0.377,0.11707,0.11707,0.11707,0.11707,0.11707,0.1149,0.0845,0.11707,0.3008,0.11707,0.11707,0.11707,0.11707,0.10895,0.11707,0.1917,0.11707,0.11707,0.1318,0.11707,0.09296,0.09766,0.11707,0.11707,0.11707,0.11707,0.1,0.1097,0.1979,0.9053,0.3098,0.5947,0.11707,0.679,0.11707,0.11707,0.2467,0.11707,0.11707,0.4187,0.2494,0.11707,0.11383,0.11707,0.11707,0.11707,0.11707,0.11707,0.11707,0.11707,0.11707,0.11707,0.4321,0.2751,0.11707,0.11707,0.11707,0.08673,0.4514,0.11707,0.11487,0.11707,0.11707,0.11707,0.11707,0.11707,0.11707,0.11707,0.7915,0.11707,0.3845,0.11707,0.1868,0.11707,0.11707,0.11707,2.057,0.11707,0.09766,0.11707,1.347,0.99,0.11707,0.11707,0.6655,0.11707,0.11707,0.1149,0.09174,0.2625,0.3054,0.11707,0.11707,0.11707,0.11707,0.11707,0.11707,0.11707,0.082,0.11707,0.11707,0.11707,1.123,0.11707,0.11707,0.11707,1.282,0.11707,0.1526,0.1049,0.11707,0.11707,1.177,0.11707,0.11707,0.405,0.11707,0.106,0.11707,0.11707,0.0842,0.11707,0.11707,0.1738,0.2563,0.11707,0.11707,0.1111,0.11707,0.11707,0.11707,0.11707,0.11707,0.11707,0.11707,0.11707,0.0955,0.11707,0.1065,0.11707,0.11707,0.10925,0.11707,0.0982,0.1128,0.11707,0.0995,0.11707,0.11707,0.11707,0.11707,0.11707,0.7446,0.1204,0.11707,0.694,0.11707,0.11707,0.4868,0.11707,0.2698,0.1075,0.09357,0.11707,0.11707,0.3945,0.11707,0.11707,0.11707,0.11707,0.11707,0.2568,0.11707,0.2365,0.11707,0.11707,0.11707,0.11707,0.11707,0.11707,0.11707,0.45,0.249,0.11707,0.11707,0.11707,0.10504,0.11707,0.11707,0.11707,0.11707,0.12213,0.11707,0.11707,0.514,0.11707,0.11444,0.2332,0.11707,0.11707,0.11707,0.2568,0.11707,0.11707,0.11053,0.11707,0.11707,0.09644,0.11707,1.967,0.11707,0.11707,0.2512,0.11707,0.8203,0.1351,0.707,0.11707,0.11707,0.11707,0.11707,0.11926,0.11707,0.11707,0.11707,0.11707,0.1154,0.1008,0.11707,0.11707,0.11707,0.11707,0.621,1.631,0.11707,0.11707,0.11707,1.431,0.1153,0.398,0.1527,0.11707,0.11707,0.11707,0.11707,0.11707,0.505,0.151,0.11707,0.11707,0.707,0.11707,0.11707,0.11707,0.0962,0.11707,0.11707,0.11707,0.11707,0.11707,0.10364,0.11707,0.11707,0.5967,0.11707,0.11707,0.11707,0.11707,0.1011,0.11707,0.11707,0.11707,0.657,0.11707,0.11707,0.11707,0.11707,0.11127,0.11707,0.11707,0.10895,0.11707,0.11707,0.11707,0.11707,0.11707,0.11707,0.11707,0.566,1.165,0.11707,0.11707,0.11707,0.11707,0.928,1.855,0.11707,0.11707,0.11707,0.11707,0.11707,0.11707,0.11707,0.11707,0.11707,0.1122,0.11707,0.11707,0.3877,0.4014,0.11707,0.11707,0.11707,0.3772,0.10504,0.11707,0.9517,0.11707,0.11707,0.11707,0.11707,0.11707,0.11707,0.11707,0.11707,0.11707,0.11707,0.5312,0.092,0.11707,0.11707,0.11707,0.11707,0.11707,0.11707,0.11707,0.126,0.11707,0.11707,0.11707,0.11707,0.10236,0.11707,0.4744,0.11707,0.11707,0.11707,0.2473,0.3555,0.11707,0.11707,0.52,0.11707,0.11707,0.11707,0.11707,0.11707,0.11707,0.1122,0.2927,0.11707,0.2067,0.2722,0.576,0.0937,0.11707,0.11707,0.11707,0.11707,0.7275,0.1013,0.11707,0.10144,0.11707,0.11707,0.11707,0.11707,0.11707,0.7773,0.11707,0.387,0.11707,0.9946,0.11707,0.06204,0.11707,0.1744,0.11707,0.2622,0.3047,0.11707,0.1139,0.11707,0.5,0.11707,0.11707,0.106,0.11707,0.11707,0.11707,0.1323,0.11707,0.11707,0.11707,0.11584,0.939,0.11707,0.11707,0.11707,0.1197,0.11707,0.11707,0.11707,0.11707,0.10504,0.11707,0.11707,0.1287,0.11707,0.11707,0.11707,0.11707,0.11584,0.10596,0.1133,1.057,0.11707,0.11707,0.09686,0.11707,0.11707,0.11707,0.11707,0.11707,0.11707,0.5728,0.1009,0.11707,0.11707,0.11707,0.07605,0.11707,0.11707,0.11707,0.11707,0.11707,0.0948,0.6465,0.11707,0.0993,0.11707,0.1279,0.11707,0.11707,0.11707,0.11707,0.1558,0.11707,0.11707,0.11707,0.11707,0.11707,0.11707,0.11707,0.1978,0.11707,0.11707,0.11707,0.11707,0.11707,0.1079,0.5366,0.11707,0.11707,0.11707,0.12054,0.706,0.11707,0.149,0.11707,0.2632,0.11707,0.11707,0.5444,0.11707,0.11707,0.2496,0.11707,0.11707,0.11707,0.11707,0.11707,0.11707,0.11707,0.11707,0.11707,0.09155,0.1925,0.11707,0.11707,0.1002,0.11707,0.11707,0.11707,0.11707,0.11707,0.11707,0.11707,0.1978,0.11707,0.1687,0.156,0.11707,0.11707,0.11707,0.09973,0.566,0.11707,0.11707,0.0918,0.11707,0.11707,0.11707,0.095,0.11707,0.11707,0.11707,0.11707,0.1104,0.11707,0.11707,0.11707,0.1235,0.0661,0.6475,0.11707,0.11707,0.1892,0.11707,2.184,0.11707,0.1686,0.11707,0.2507,0.11707,0.11707,0.11707,0.11707,0.322,0.11707,0.375,0.11707,0.11707,0.1605,0.11707,0.11707,0.11707,0.11707,0.691,0.1094,0.1092,0.11707,0.11707,0.11707,0.11707,0.11707,1.494,0.11707,0.11707,0.11707,0.4978,0.1003,0.966,0.11707,0.11707,0.06836,0.11707,0.11707,0.0974,0.1116,0.1087,0.3438,0.07214,0.3564,0.11707,0.092,0.0917,0.11707,0.11707,0.11707,0.11707,0.532,0.11707,0.11707,0.11707,0.11707,0.11707,0.10394,0.09814,0.11707,0.11707,0.3806,0.11707,0.11707,0.11707,0.11707,0.1246,0.1077,0.1648,0.11707,0.11707,0.11707,0.11707,0.11707,0.11707,0.11707,0.7534,0.11707,0.11707,0.11707,0.1631,0.719,0.2402,0.11707,0.11707,0.297,0.11707,0.11707,2.28,0.11707,0.10345,0.11707,0.11707,0.11707,0.11707,0.11707,0.11066,0.11707,0.11707,0.11707,0.11707,0.11707,0.11707,0.11707,0.11707,0.11707,0.11707,0.5327,0.11707,0.3916,0.11707,0.11707,0.0906,0.11707,0.11707,0.11707,0.3423,0.11707,0.5654,0.1153,0.11707,0.172,0.10803,0.508,0.10333,0.11707,0.11707,0.11707,0.11707,0.1366,0.0949,0.11707,0.1406,0.11707,0.11707,0.3054,0.11707,0.11707,0.11707,0.11707,0.3333,0.11707,0.11707,0.11707,0.7207,0.631,0.11707,0.11707,0.11707,0.11707,0.11707,0.11707,1.203,0.3389,0.11707,0.11707,0.11707,0.11707,0.0481,0.11707,0.432,0.11707,0.11707,0.11707,0.11707,0.11707,0.11707,0.11707,0.1433,0.11707,0.10297,0.3223,0.11,0.11707,0.11707,0.11707,0.11707,0.11707,0.11694,0.11707,0.11707,0.11707,0.11707,0.2227,0.11707,0.11707,0.11194,0.0806,0.11707,0.11707,0.4287,0.2456,0.563,0.11707,0.1595,0.29,0.11707,0.11707,0.11707,0.819,0.11707,0.11707,0.11707,0.11707,0.11707,0.11707,0.11707,1.537,0.2393,0.11707,0.11707,0.11707,0.11707,0.11707,0.11707,0.1225,0.308,0.11707,0.11707,0.11707,0.11707,0.11707,0.11707,0.0881,0.1109,0.11707,0.874,0.11707,0.11707,0.7803,0.7056,0.11707,0.1097,0.11707,0.4294,0.11707,0.11707,0.11707,0.1123,0.398,0.932,0.11707,0.705,0.11707,0.1816,0.11707,0.11707,0.1798,0.11707,0.11707,0.11707,0.11707,0.11707,0.2507,0.11707,0.11707,0.361,0.11707,0.192,0.11707,0.11707,0.11707,0.11707,0.10864,0.11707,0.11707,0.11707,0.09875,0.11707,0.11707,0.11707,0.11707,0.11707,0.11707,0.11707,0.11707,0.11707,0.1477,0.11707,0.0854,0.787,0.11707,0.11707,0.128,0.11707,0.2551,0.11707,0.11707,0.10114,0.11707,0.11707,0.11707,0.3066,0.11707,0.11707,0.11707,0.11707,0.11707,0.11707,0.11707,0.11707,0.11707,0.11707,0.09564,0.104,0.6196,0.11707,0.11707,0.11707,0.3767,0.5933,0.11707,0.3242,0.2612,0.11707,0.11707,0.11707,0.11707,0.10443,0.11707,0.11707,0.11707,0.11707,0.11707,0.2834,0.11707,0.11707,0.07806,0.07434,0.11707,0.11707,0.11707,0.11707,0.10486,0.11566,0.11707,0.11707,0.11707,0.146,0.11707,0.11707,0.11707,0.11707,0.11707,0.11707,0.10504,0.11707,0.4656,0.0864,0.11707,0.11707,0.11707,0.11707,0.11707,0.11707,0.10394,0.11707,0.11707,0.11707,0.11707,0.11707,0.11707,0.374,0.11707,0.11707,0.11707,0.11707,0.11707,0.11707,0.11707,0.11707,0.0925,0.11707,0.11707,0.11707,0.11707,0.11707,0.11707,0.1098,0.11707,0.4255,0.11707,0.1046,0.11707,0.11707,0.367,0.11707,0.11707,0.11707,0.1158,0.11707,0.11707,0.11707,0.11707,0.11707,0.11707,0.1346,0.11707,0.11707,0.11707,1.447,0.08136,0.501,0.134,0.11707,0.07996,0.11707,0.11707,0.431,0.11707,0.11707,0.11707,0.11707,0.1079,0.11707,0.567,0.11707,0.10504,0.736,0.11523,0.11707,0.4165,0.11707,0.4348,0.11707,0.1046,0.11707,0.11707,0.10785,0.1648,0.5493,0.3264,0.11707,0.11707,0.1766,0.11707,0.11707,0.11707,0.11707,0.11707,0.11707,0.559,0.11707,0.11707,0.3323,0.1243,0.11707,0.11707,0.11707,0.11615,0.11707,0.11707,0.11707,0.3167,0.11707,0.2479,1.17,0.0913,0.11707,0.11707,0.11707,0.11707,0.536,0.11707,0.11707,0.11707,0.11707,0.11707,0.1021,0.11707,0.11707,0.11707,0.11707,0.11707,0.11707,0.11707,0.1021,0.11707,0.051,0.11707,0.11707,0.11707,0.11707,0.11707,0.1584,0.1409,0.11707,0.11707,0.11707,0.2476,0.11707,0.11707,0.0999,0.9272,0.11707,0.4712,0.1616,0.11707,0.11707,0.11707,0.11707,0.4568,0.11707,0.222,0.11707,0.11707,0.11707,0.11707,0.109,0.126,0.11707,0.11707,0.11707,0.11707,0.1224,0.1392,0.11707,0.11707,0.11707,0.11707,0.1073,0.10767,0.11707,0.11707,0.11707,0.84,0.11707,0.11707,0.11707,0.1758,0.11707,0.0828,1.189,0.11707,0.11707,0.11707,0.0933,0.11707,0.1117,0.2852,0.8755,0.11707,0.11707,0.2646,0.11707,0.11707,0.11707,0.2156,0.11707,0.11707,0.11707,0.11707,0.0982,0.0973,0.11707,0.1296,0.1151,0.11707,0.11707,0.11707,0.3306,0.11707,0.1543,0.11707,0.11707,0.11707,0.2622,0.2717,0.11707,0.11707,0.09326,0.11707,0.717,0.9585,0.11707,0.11707,0.11707,0.11707,0.11707,0.4514,0.11707,0.11707,0.11707,0.11707,0.1119,0.11707,0.11707,0.1294,0.1754,0.09155,1.055,1.25,0.11707,0.10754,0.09283,0.4802,0.11707,0.11707,0.11707,0.397,0.11707,0.1028,0.11707,0.3838,0.11707,0.11707,0.11707,0.11707,0.11707,0.284,0.11707,0.11707,0.5327,0.11707,0.11707,0.11707,0.11707,0.1128,0.11707,0.187,0.11707,0.11707,0.11707,0.11707,0.276,0.10815,0.11707,1.099,0.11707,0.3748,0.11536,0.11707,0.11707,0.11707,0.11707,0.1024,0.11707,0.11707,0.11707,0.4875,0.3315,0.11707,0.11707,0.5576,0.11707,0.11707,0.102,0.11707,0.11707,0.11707,0.6436,0.11707,0.7026,0.11707,0.11707,0.4583,0.7227,0.11707,0.1055,0.11707,0.11707,0.3801,0.2756,0.11707,0.11707,0.11707,0.11707,0.11707,0.11707,0.11707,0.11707,0.11707,0.11707,0.314,0.11707,0.11707,0.11707,0.11707,0.09784,0.1147,0.3425,0.11707,0.1147,0.054,0.11707,0.1833,0.11707,0.11707,0.725,0.11707,0.11707,0.11707,0.11707,0.8076,0.11707,0.11707,0.11707,0.11707,0.2578,0.1032,0.1149,0.11707,0.11707,0.11707,0.11707,0.1678,0.725,0.808,0.18,0.11707,0.11707,0.138,0.11707,1.353,0.11707,0.11707,0.3152,0.0706,0.2878,0.396,0.11707,0.2373,0.11707,0.11707,0.11707,0.11707,0.10583,0.11707,0.11707,0.11707,0.11707,0.1373,0.8457,0.11707,0.11707,0.1055,0.11707,1.176,0.11707,0.11707,0.11707,0.11707,0.0966,0.11707,1.11,0.11707,0.0714,0.11707,0.11707,0.11707,0.2045,0.11707,0.11707,0.11707,0.11707,0.11707,0.11707,0.11707,0.11707,0.11707,0.11707,0.11707,0.11707,0.11707,0.11707,0.11707,0.11707,0.11707,0.11707,0.11707,0.11707,0.11707,0.11707,0.11707,0.11707,0.11707,0.11707,0.3835,0.11707,0.1604,0.11707,0.11707,0.395,0.11194,0.11707,0.619,0.1631,0.11707,0.11707,0.11707,0.105,0.4978,0.11707,0.11707,0.656,0.1103,0.1059,1.076,0.11707,0.501,0.10895,0.11707,0.1064,0.11707,0.2349,0.11707,0.11707,0.11707,0.11707,0.11707,0.11707,0.11707,0.11707,0.11707,0.1107,0.11707,0.11707,0.11707,0.11707,0.11707,0.11707,0.11707,0.11707,0.11707,0.4111,0.11707,0.10065,0.2028,0.1913,0.11707,0.11707,0.11707,0.11707,0.11707,0.11707,0.11707,0.11707,0.11707,0.11707,0.11707,0.11707,0.11707,0.5527,0.11707,0.11707,0.08154,0.1131,0.4788,0.11707,0.11707,0.11707,0.11707,0.11707,0.11707,0.1165,0.11707,0.11707,0.11707,0.11707,0.11707,0.11707,0.4517,1.325,0.11707,0.11707,0.11707,0.1718,0.11707,0.11707,0.11707,0.11707,0.11707,0.11707,0.11707,0.11707,0.11707,0.11707,0.11707,0.11707,0.11707,0.11707,0.10767,0.11707,0.11707,0.4072,0.11707,0.7173,0.11707,0.1162,0.1033,0.11707,0.3274,0.11707,0.11707,0.0931,0.11707,0.11707,0.11707,0.11707,0.11707,0.11707,0.11707,0.1387,0.11707,0.254,0.11707,0.2664,0.11707,0.11707,0.11707,0.11707,0.0914,0.11707,0.11707,0.094,0.11707,0.11707,0.2175,0.0911,0.11707,0.11707,0.11554,0.6377,0.11017,0.2864,0.11707,0.11707,0.11707,0.11707,0.11707,0.0953,0.11707,0.11707,0.11707,0.1487,0.11707,0.11707,0.11707,0.11707,0.11707,0.11707,0.11707,0.11707,0.102,1.49,0.11707,0.11707,0.11707,0.11707,0.11707,0.1108,0.1122,0.10657,0.11707,0.11707,0.09503,0.1032,0.11707,0.11707,0.11707,0.11707,0.11707,0.11707,0.11237,0.11554,0.3062,0.10516,0.0812,0.11707,0.11707,0.11707,0.11707,0.11707,0.2583,0.11707,0.3286,0.11707,0.11707,0.0864,0.11707,0.11707,1.122,0.11707,0.4885,0.11707,0.11707,0.11707,0.11707,0.1757,0.11707,0.11707,0.11707,0.07904,0.11707,0.11707,0.11707,0.11707,0.11707,0.11707,0.1072,0.3057,0.11707,0.11707,0.1061,1.2295,0.2002,0.11707,0.11707,0.11707,0.0815,0.11707,0.1043,0.11707,0.5537,0.11707,0.1051,0.493,0.11707,0.2078,0.0972,0.1364,0.11707,0.11707,0.11707,0.11707,0.11707,0.11707,0.11707,0.11707,0.08136,0.11707,0.2169,0.4104,0.11707,0.0934,0.11707,0.1167,0.11707,0.2296,0.11707,0.11707,0.11707,0.09393,0.11707,0.11707,0.11707,0.11707,0.11707,0.11707,0.11707,0.11707,0.11707,0.11707,0.11707,0.11707,0.11707,0.11707,0.11707,0.11707,0.11707,0.11707,0.11707,0.3784,0.11707,0.1533,0.11707,0.421,0.11707,0.11707,0.11707,0.11707,0.11707,0.11707,0.11707,0.11707,0.11707,0.11707,0.11707,0.402,0.11707,0.1114,0.352,0.11707,0.11707,0.11707,0.1189,0.11707,0.06104,0.11707,0.11707,0.1177,0.11707,0.11707,0.11707,0.1853,0.2524,0.11707,0.11707,0.11707,0.11707,0.11707,0.11707,0.5884,0.1004,0.11707,0.3062,0.1028,0.0869,0.11707,0.2817,0.1087,0.6284,0.1935,0.11707,0.366,0.1472,0.11707,0.11707,0.11707,0.11707,0.2395,0.11707,0.11707,0.11707,0.0978,0.11707,0.11707,0.11707,0.11707,0.11707,0.11707,0.11707,0.11707,0.11707,0.881,0.11707,0.11707,0.11707,0.11707,0.11615,0.11707,0.11707,0.11707,0.11707,0.409,0.11707,0.11707,0.11707,0.11707,0.11707,0.11707,0.11707,0.1841,0.11707,0.1342,0.11707,0.2029,0.11707,0.11707,0.11707,0.11707,0.09357,0.11707,0.11707,0.1117,0.11707,0.11707,0.11707,0.11707,0.11707,0.1082,0.11707,0.11707,0.7656,0.11707,0.11707,0.1985,0.0916,0.11707,0.11707,0.11707,0.106,0.11707,0.11707,0.11273,0.11707,0.11707,0.2291,0.11707,0.11707,0.11707,0.11707,0.11707,0.11707,0.11707,0.424,0.09186,0.11707,0.11707,0.11707,0.11707,0.11707,0.11707,0.11707,0.11707,0.11707,0.11707,0.11707,0.11707,0.11707,0.11707,0.11707,0.11707,0.2311,0.11707,0.11707,0.11707,0.11707,0.11707,0.11707,0.1016,0.11707,0.11707,0.1148,0.11707,0.11707,0.11707,0.11707,0.706,0.2263,0.12054,0.11707,0.4324,0.11707,0.11707,0.11707,0.11707,0.11707,0.11707,0.11707,0.11707,0.11707,0.808,0.11707,0.11707,0.11707,0.09125,0.11707,0.11707,0.11707,0.11707,0.11707,0.5405,0.11707,0.11707,0.11707,0.11707,0.11707,0.0961,0.11707,0.11707,0.11707,0.1094,0.12146,0.11707,0.11707,0.1814,0.11707,0.11707,0.11707,0.11707,0.11707,0.11707,0.11707,0.11707,0.11707,0.11707,0.11707,0.11707,0.1104,0.1177,0.11707,0.11707,1.051,0.2917,0.11707,0.535,0.11707,0.11707,0.11707,0.11707,0.11707,0.544,0.11707,0.10986,0.2102,0.11707,0.11707,0.2705,0.5,0.5874,0.11707,0.11707,0.2178,0.11707,0.11707,0.11707,0.11707,1.94,0.11475,0.11707,0.11707,0.11707,0.1085,0.559,0.445,0.11707,0.11707,0.11707,0.11707,0.11707,0.11707,0.11334,0.1033,0.11707,0.11707,0.11707,0.11707,0.11707,0.11707,0.1116,0.11707,0.0451,0.11707,0.11707,0.11707,0.11707,0.11707,0.10767,0.11707,0.11707,0.1077,0.11707,0.11707,0.909,0.11707,0.11707,0.11707,0.1598,0.1167,0.10034,0.11707,0.11707,0.11707,0.11707,0.11707,0.11707,0.11707,0.11707,0.11707,0.11707,0.3308,0.11707,0.11707,0.11707,0.11707,0.11707,0.11707,0.11707,0.11707,0.11707,0.11707,0.11707,0.11707,0.1766,0.11707,0.11707,0.11707,0.11707,0.11707,0.11707,0.11707,0.11707,0.11707,0.11707,0.11707,0.11707,0.11707,0.11707,0.2144,0.11707,0.11707,0.11707,0.11707,0.0958,0.11707,0.11707,0.11707,0.11444,0.11707,0.11707,0.1788,0.11707,1.144,0.6333,0.11707,0.11707,0.11707,0.11707,0.11707,0.11707,0.4744,0.11707,0.11707,0.11707,0.11707,0.1194,0.224,1.553,0.11707,0.11707,0.11707,0.3386,0.2008,0.11707,0.11707,0.11707,0.0939,1.262,0.11707,0.1098,0.11707,0.11707,0.1564,0.11707,0.1065,0.11707,0.11304,0.2502,0.11707,0.11707,0.2095,0.11707,0.11707,0.1108,0.1267,0.10126,0.11707,0.11707,0.11707,0.11707,0.11707,0.11707,0.826,0.13,0.11707,0.08264,0.11707,0.2742,0.11707,0.11707,0.11707,0.11707,0.11707,0.11707,0.1261,0.111,0.11707,0.11707,0.11707,0.088,0.1126,0.11707,0.1855,0.11707,0.2654,1.194,0.11707,0.1012,0.11707,0.11707,0.11707,0.11707,0.11707,0.09564,0.1833,1.375,0.11707,0.11707,0.11707,0.11707,0.11707,0.11707,0.1753,0.11707,0.11707,0.11707,0.11707,0.11707,0.11707,0.5366,0.11707,0.11707,0.11707,0.11707,0.1178,0.11707,0.11707,0.11707,0.11707,0.11707,0.11707,0.11707,0.1731,0.11707,0.11707,0.096,0.11707,0.09235,0.11707,0.08826,0.11707,0.11707,0.11707,0.11707,0.11707,0.11707,0.11707,0.11707,0.11707,0.11707,0.11273,0.6235,0.11707,0.54,0.11707,0.1687,0.11707,0.09125,0.11707,0.2783,0.11707,0.11707,0.11707,0.6255,0.11707,0.11707,0.2308
12,0.1088,0.1088,0.3616,0.1088,0.6025,0.9634,0.1088,0.1088,0.1088,0.1088,0.1088,0.1088,0.1088,0.1088,0.1036,0.1088,0.1133,0.8335,0.116,0.1088,0.1088,0.1088,0.4993,0.1088,0.1088,0.37,0.1088,0.212,0.3137,0.0589,0.10175,0.1088,0.1088,0.1088,0.1088,0.1687,0.1088,0.1088,0.1088,0.1088,0.1088,0.1088,0.3025,0.09204,0.1088,0.1088,0.1423,0.1088,0.1088,1.637,0.1088,0.1088,0.09283,0.1229,0.1088,0.4377,0.266,0.1088,0.689,0.1088,0.924,0.1088,0.1088,0.4568,0.1088,0.1088,0.7437,0.1088,0.1088,0.1088,0.1088,0.1088,0.1088,0.1088,0.1088,1.019,0.1088,0.3518,0.1088,0.1088,0.1088,0.1088,0.1088,0.1088,0.212,0.1088,0.1088,0.1088,0.1088,0.1088,0.1088,0.1088,0.688,0.1965,0.1088,0.2502,0.1088,0.08936,0.0972,0.356,0.1088,0.1088,0.106,0.1088,0.1088,0.1088,0.1088,0.1088,0.1934,0.1088,0.1088,0.1088,0.1088,0.1088,0.1088,1.626,0.1416,0.1088,0.1088,0.1088,0.4434,0.1088,0.1088,0.1088,0.1088,0.1088,0.1088,0.1088,0.1088,0.1022,0.1088,0.1023,0.1088,0.10114,0.1088,0.1088,0.1088,0.1088,0.0945,0.1088,0.1088,0.1088,0.1088,0.11273,0.1088,0.1088,0.1088,0.1088,0.1088,0.1088,0.1088,0.1088,0.1088,0.1088,0.1088,0.1088,0.1088,1.121,0.1088,0.1195,0.1088,0.3708,0.1088,0.10114,0.1088,0.0929,0.1088,0.1088,0.1088,0.12415,0.1088,0.1088,0.1088,0.1088,0.398,0.1088,0.1088,0.8804,0.06836,0.1088,0.1088,0.1088,0.1088,0.1088,0.1088,0.641,0.1088,0.1636,0.1088,0.1088,0.1088,0.1088,0.1088,0.5684,0.05878,0.1088,0.1088,0.1088,1.603,0.1088,0.09955,0.1088,0.1088,1.855,0.1256,0.09106,0.1088,0.1088,0.1088,0.796,0.1088,0.1088,0.1088,0.1088,0.1088,0.2314,0.1088,0.1088,0.1088,0.1088,0.1088,0.8276,0.435,0.1088,0.1088,0.0655,0.1088,0.1088,0.1088,0.3596,0.2546,0.0928,0.3652,0.1088,0.1088,0.1088,0.3828,0.1088,0.1088,0.1088,0.2651,0.1088,0.1088,0.1088,0.1088,0.1088,0.10925,0.1088,0.1088,0.1023,0.1088,0.1088,0.0803,1.147,0.1027,0.12146,0.1088,0.1088,0.1088,0.1024,0.1088,0.1088,0.1088,0.1015,0.1088,0.1085,0.1088,0.2935,0.5376,0.0899,0.09247,0.1088,0.1088,0.1088,0.1088,0.1088,0.1088,0.1088,0.1088,0.1088,0.1088,0.1088,0.1088,0.10266,0.1088,0.1088,0.1088,0.1088,0.1088,0.1088,0.1088,0.1088,0.1088,0.2605,0.1088,0.1088,0.1088,0.1088,0.1088,0.1088,0.1088,0.3127,0.4956,0.1088,0.1572,0.4033,0.1088,0.1088,0.1088,0.1088,0.2223,0.1088,0.1088,0.1088,0.1266,0.10065,0.1088,0.1088,0.1088,1.447,0.1088,0.1088,0.3865,1.872,0.1088,0.1088,0.8228,0.1088,0.1088,0.1088,0.1088,0.1057,0.1088,0.1088,0.1088,0.1587,0.1724,0.1088,0.1088,0.1088,0.1088,0.1587,0.2817,1.299,0.1088,0.1276,0.1088,0.1088,0.1044,0.1088,0.1088,0.1088,0.1088,0.0907,0.11426,0.10657,0.05997,0.1088,0.1088,0.0995,0.988,0.0909,0.1088,0.1023,0.1088,0.1088,0.1088,0.615,0.731,0.10767,0.1088,0.10516,0.11255,0.1088,0.132,0.183,0.1088,0.1088,0.1088,1.001,0.1088,0.1088,0.1088,1.288,0.1088,0.1477,0.1088,0.1445,0.10486,0.1088,0.1088,0.1088,0.1088,0.1088,0.1088,0.1088,0.593,0.1088,0.1726,0.1088,1.054,0.1088,0.1088,0.1088,0.3015,0.1087,0.1088,0.1088,0.1088,0.1088,0.3008,0.9062,0.1088,0.1088,0.1088,0.1088,0.3752,0.1088,0.1088,0.1088,0.1088,0.1088,0.0882,0.1088,0.1088,0.09186,0.1088,0.1088,0.1088,0.1088,0.5903,0.1088,0.1088,0.1088,0.10004,0.1088,0.1088,0.1088,0.647,0.1088,0.1016,0.1088,0.0868,0.104,0.1088,0.1088,0.1407,0.09143,0.1088,0.1088,0.1088,0.1088,0.1267,0.1088,0.1088,0.1088,0.1088,0.1088,0.1252,0.1088,0.1088,0.1088,0.1088,0.1088,0.1088,0.1088,0.1088,0.1088,0.0926,0.1088,0.1088,0.1088,0.1235,0.1088,0.1088,0.1088,0.1804,0.1088,0.1055,0.1088,0.1088,0.811,0.09875,0.1088,0.1088,0.1088,0.1088,0.1597,0.09045,0.1088,0.1088,0.3057,0.1783,0.1088,0.1088,0.1088,0.1088,0.1088,0.1088,0.1088,0.1088,0.1088,0.1088,0.1088,0.1088,0.1088,0.1088,0.0987,0.1088,0.09827,0.1088,0.1088,0.1625,0.10834,0.2983,0.1088,0.1088,0.1088,0.1088,0.1088,0.1971,0.1088,0.1088,0.7344,0.3442,0.1088,0.1088,0.1088,0.1088,0.1088,0.1088,0.1088,0.1088,0.1088,0.1088,0.1088,0.1088,0.1088,0.0922,0.1088,0.1088,0.1088,0.1088,0.11523,0.1088,0.2245,0.1088,0.1088,0.2356,0.2014,0.1088,0.1088,0.1088,0.679,0.1088,0.356,0.1088,0.1088,0.1088,0.1088,0.1088,0.1088,0.1088,0.1088,0.1088,0.33,0.1088,0.1088,0.1277,0.1088,0.0995,0.1088,0.1088,0.4224,0.1088,0.1088,0.742,0.1088,0.09906,0.1088,0.1088,0.10754,0.1024,0.1088,0.1088,0.1088,0.1088,0.1088,0.1056,0.1088,0.2698,0.0969,0.1088,0.1088,0.11115,0.1088,0.1088,0.0997,0.1088,0.1088,0.1088,0.1088,0.1088,0.1088,0.1088,0.1088,0.1088,0.1088,0.295,0.1088,0.909,0.1088,0.1088,0.1088,0.3452,0.775,0.1088,0.1088,0.543,0.1023,0.1088,0.1088,0.775,0.0763,0.1036,0.4272,0.1088,0.1088,0.1323,0.332,0.1088,0.5513,0.1064,0.1088,0.1088,0.1088,0.3489,0.1844,0.1088,0.1088,0.1088,0.1088,0.6367,0.1088,0.1088,0.1088,0.1088,0.1088,1.24,0.1088,0.1088,0.1088,0.1088,0.0906,0.1088,0.616,0.1088,0.1088,0.1088,0.1088,0.1088,0.1088,0.1373,0.1088,0.1088,0.1088,0.1088,0.1462,0.10126,0.658,0.1088,0.1088,0.1088,0.1088,0.1088,0.1088,0.1088,0.1088,0.2922,0.1088,0.0989,0.1088,0.1088,0.1088,0.3164,0.0905,0.1088,0.604,0.1088,0.1088,0.4722,0.1088,0.1088,0.1088,0.1088,0.1088,0.1088,0.3225,0.3506,0.10156,0.1088,0.1088,0.1088,0.1088,0.1088,0.1088,0.1852,0.0885,0.1088,0.4192,0.1088,0.5615,0.1088,0.1088,0.1087,0.1271,0.1088,1.385,0.1726,0.1088,0.1088,0.1088,0.6133,0.1088,0.1088,0.1088,0.1088,0.1088,0.576,0.1088,0.5786,0.11676,0.1088,0.1057,0.1088,0.1088,0.1088,0.262,0.1088,0.1088,0.1088,0.1088,0.1088,0.1088,0.1088,0.1088,0.726,0.1088,0.1088,0.1088,0.1088,0.1088,0.5723,0.652,0.1088,0.1088,0.1088,0.1088,0.1088,0.1088,0.1088,1.221,0.1088,0.1088,0.1088,0.1088,0.1088,0.1088,1.11,0.1088,0.08887,0.1088,0.8447,0.1088,0.0982,0.1088,0.1088,0.1088,0.1088,0.1088,0.1088,0.1088,0.1088,0.7744,0.1088,0.1088,0.4033,0.1088,0.1088,0.72,0.1088,0.1088,0.10333,0.1088,0.6196,0.1088,0.1088,0.281,0.1088,0.1088,0.1088,0.1088,0.9297,0.1088,0.1088,0.1088,0.1088,0.1088,0.1088,0.1088,0.1088,0.1088,0.2296,0.1088,0.1088,0.1088,0.1088,0.1088,0.1088,1.17,0.1088,0.1011,0.1088,0.1088,1.244,0.774,0.1088,0.0871,0.1088,0.1843,0.1088,0.1088,0.1088,0.1088,0.7695,0.0696,0.1088,0.1088,0.10846,0.0945,0.1088,0.1088,0.8027,0.1088,0.1359,0.1088,0.1088,0.1088,0.1166,0.1088,0.1088,0.1088,0.1088,0.1088,0.1088,0.1088,0.08026,0.1088,0.1088,0.1088,0.23,0.1088,0.1088,0.1088,0.1088,0.2908,0.1088,0.1088,0.1088,0.1088,0.1088,0.1088,0.1088,0.1088,0.1088,0.1088,0.1088,0.1088,0.1088,0.1035,0.1088,0.1088,0.1088,0.8335,0.2201,0.5273,0.1088,0.266,0.1088,0.1088,0.1088,0.1088,0.1088,0.8438,0.1088,0.1088,0.1088,0.2935,0.1088,0.1088,0.09753,0.1088,0.4683,0.1088,0.1088,0.1088,0.1088,0.1088,0.09784,0.1088,0.1088,0.405,0.3752,0.1191,0.08185,0.1088,0.1088,0.1088,0.1088,0.1088,0.1088,0.1088,0.1088,0.1088,0.547,0.1088,0.1088,0.1088,0.1088,0.2439,0.1088,0.1088,0.09076,0.095,0.1088,0.1088,0.3794,0.1088,0.09906,0.1049,0.1088,0.6797,0.1088,0.10657,0.504,0.1088,0.1447,0.2468,0.1088,0.1088,0.1088,0.274,0.1088,0.1088,0.1088,0.1088,0.1088,0.10046,0.1088,0.236,0.1088,0.1886,0.1696,0.1088,0.1088,0.7104,0.1088,0.1711,0.1088,0.1088,0.1088,0.1088,0.1088,0.1088,0.1088,0.1088,0.1023,0.1088,0.1088,0.1088,0.1088,0.1088,0.1088,0.0984,0.578,0.7534,0.1088,0.0796,0.1088,0.1088,0.1088,0.1289,0.1088,0.1088,0.1088,0.1088,0.1088,0.1088,0.326,0.1088,0.1088,0.1088,0.1088,0.1088,0.1028,0.1088,0.1088,0.3062,0.1088,0.1088,0.1088,0.1088,0.1088,0.1088,0.1088,0.1088,0.1088,0.1088,0.1088,0.1088,0.1088,1.074,0.1088,0.10693,0.1088,0.912,0.1088,0.5254,0.1088,0.0984,0.1088,0.1088,0.7344,0.1088,0.1088,0.7017,0.1088,0.06244,0.1088,0.874,1.079,0.1088,0.1088,0.1088,0.1088,0.1088,0.1088,0.1976,0.09973,0.1088,0.1088,0.1088,0.1088,0.10547,0.2544,0.1088,0.462,0.1088,0.3315,0.1088,0.1088,0.1088,0.1088,0.1088,0.0962,0.1088,0.4592,0.1088,0.1088,0.1088,0.1088,0.1088,0.1088,0.1088,0.1246,0.1088,0.1558,0.1088,0.1088,0.1088,0.1088,0.1088,0.1088,0.4397,0.1036,0.1088,0.1088,0.1088,0.0701,0.1088,0.1088,0.1088,0.1088,0.1004,0.1088,0.1088,0.1088,0.1087,0.1088,0.1088,0.1088,0.1088,0.1088,0.803,0.1074,0.1088,0.1088,0.1088,1.816,0.1088,0.1088,0.599,0.1088,0.1088,0.2314,0.1088,0.1088,2.076,0.1088,0.1088,0.1088,0.1088,0.1088,0.1088,0.1088,0.1088,0.1088,0.1088,0.1088,0.10345,0.1088,0.1088,0.1088,0.1088,0.1088,0.1088,0.12256,0.1088,0.1088,0.4583,0.1088,0.1088,0.1088,0.1088,0.10693,0.1088,0.1088,0.1088,0.1088,0.1088,0.1088,0.1088,0.1088,0.1088,0.1088,0.1088,0.1981,0.1088,0.1088,0.1088,0.1088,0.1088,0.2325,0.0824,0.474,0.1088,0.1088,0.1088,0.9897,0.1166,0.1088,0.1088,0.748,0.1088,0.1088,0.149,0.1613,0.1088,0.658,0.1088,0.1214,0.1088,0.1088,0.1088,0.1088,0.1088,0.1581,0.1088,0.1088,0.2822,0.1088,0.604,0.2167,0.2242,0.9756,0.1088,0.1088,0.1088,0.1088,0.1088,0.1088,0.1088,0.1088,0.1088,0.1088,0.1088,0.1088,0.0822,0.1088,0.0812,0.1088,0.1088,0.1088,0.1815,0.1088,0.1088,0.1088,0.0879,0.1088,0.7583,0.3657,0.1088,0.1088,0.1088,0.823,0.1122,0.1088,0.1088,0.1995,0.2118,0.1088,0.1088,0.4294,0.1088,0.1088,0.1088,0.1088,0.1088,0.1088,0.1088,0.1088,0.1088,0.1073,0.09625,0.0992,0.1088,0.09576,0.1088,0.1088,0.1088,0.1088,0.1088,0.1088,0.1243,0.1088,0.1088,0.1088,0.1088,0.1039,0.1848,0.1088,0.7974,0.08203,0.1088,0.1088,0.1088,0.1088,0.1088,0.1088,0.0922,0.1088,0.1088,0.1088,0.1088,0.1088,0.179,0.1088,0.1088,0.1231,0.1088,0.1088,0.11426,0.1088,0.1088,0.1088,0.1088,0.1088,0.1088,0.1088,0.1088,0.2605,0.5083,0.1927,0.1088,0.1088,0.1088,0.1088,0.1088,0.1088,0.1088,0.1088,0.8906,0.0905,0.1088,0.1088,0.3035,0.1088,0.1088,0.1088,0.1088,0.1088,0.2327,0.1088,0.1088,0.1215,0.1088,0.0895,0.0764,0.1088,0.10297,0.1088,0.1088,0.1174,0.0978,0.1049,0.1088,0.1077,0.1088,0.1088,0.3545,0.1088,0.1088,0.5854,0.1088,0.1088,0.1088,0.1681,0.1088,0.1088,0.1088,0.5034,0.1088,0.1957,0.1088,0.1088,0.1088,1.031,0.1088,0.1088,0.1088,0.1088,0.2075,0.115,0.1088,0.1088,0.1088,0.1088,0.1088,0.1088,0.1088,0.1088,0.1088,0.0881,0.10706,0.1088,0.0931,0.62,0.1088,0.3982,0.1088,0.1088,0.1088,0.1088,0.1088,0.1088,0.1088,0.1088,0.1088,0.1088,0.1088,0.09875,0.1088,0.1088,0.1157,0.1088,0.10144,0.10406,0.1088,0.1088,0.1088,0.139,2.154,0.1088,0.1088,0.1088,0.2854,0.1088,0.1088,0.393,0.1088,0.1088,0.1088,0.1088,0.1088,0.1088,0.1088,0.1088,0.1088,0.1088,0.139,0.1088,0.2137,0.1088,1.286,0.1088,0.1088,0.1088,0.1088,0.1088,0.0984,0.171,0.3528,0.1088,1.353,0.1088,0.1088,0.0984,0.0619,0.4834,0.1088,0.1088,0.1088,0.1865,1.538,0.1368,0.1088,0.1088,0.1088,0.1088,0.1088,0.1088,0.1088,0.1088,0.1088,0.1042,0.0951,0.089,0.1088,0.1088,0.1088,0.1088,0.1088,0.1088,0.528,0.1088,0.1088,0.0888,0.1088,0.1088,0.701,0.0688,0.1088,0.1088,0.1088,0.1464,0.1088,0.1088,0.10565,0.1088,0.5415,0.7744,0.1088,0.0982,0.1088,0.12305,0.1088,0.1088,0.1088,1.073,0.1088,0.1088,0.1088,0.1101,0.1088,0.2396,0.1088,0.4463,0.1001,0.1088,0.1088,0.5435,0.1088,0.1088,0.1088,0.666,0.0953,0.1088,0.662,0.10565,0.1088,0.3882,0.1088,0.1088,0.1088,0.1088,0.1088,1.073,0.10455,0.2153,0.1088,0.1088,0.1088,0.1088,0.09247,0.1088,0.2043,0.1088,0.1088,0.1088,0.1088,0.1088,0.2382,0.1088,0.1088,1.924,0.10767,0.1088,0.1088,0.5415,0.1088,0.2256,0.1088,0.1088,0.0913,0.1088,1.009,0.1088,0.11145,0.0893,0.1088,0.1088,0.0874,0.1088,0.1088,0.794,0.1088,0.5444,0.1088,0.1088,0.1088,0.1088,0.1088,0.1088,0.1088,0.1088,0.303,0.1088,0.224,0.1088,0.9707,0.1088,0.1088,0.1088,0.1088,0.1088,0.12476,0.1088,0.1088,0.1088,0.1088,0.1088,0.1088,0.10864,0.1088,0.1088,0.648,0.1088,0.1081,0.1088,0.1088,0.1088,0.1088,0.1088,0.1088,0.1088,1.37,0.1088,0.1088,0.1088,0.0876,0.1088,0.1088,0.7437,0.1088,0.1088,0.1088,0.1088,0.1088,0.1088,0.10034,0.6655,0.1088,0.1088,0.1088,0.1088,0.1088,0.1088,0.1088,0.1088,0.1189,0.1487,0.1088,0.1088,1.43,0.1088,0.1088,0.1088,0.1088,0.1088,0.1088,0.1088,0.1088,0.1088,0.1088,0.1088,0.1088,0.1088,0.1088,2.305,0.0982,0.1088,0.1088,0.1088,0.1088,0.1088,0.1088,0.0991,0.1088,1.229,0.4895,0.1088,0.1088,0.5503,0.1088,0.1088,0.1088,0.1088,0.0734,0.1088,0.1088,0.094,0.1088,0.1088,0.1088,0.08954,0.1946,0.1088,0.1088,0.2217,0.1302,0.1088,0.1088,0.1555,0.1088,0.249,0.1088,0.3738,0.3398,0.10254,0.1088,0.1088,0.1088,0.1088,0.1088,0.844,0.1088,0.107,0.1333,0.1088,0.1088,1.212,0.1088,0.1059,0.10175,0.1088,0.1088,0.1088,0.1088,0.3567,0.1088,1.624,0.1088,0.1088,0.1088,0.485,0.1088,0.1088,0.1088,0.1088,0.1088,0.1088,0.2756,0.192,0.2496,0.1088,0.1088,0.578,0.1075,0.1088,0.1897,0.1088,0.1088,0.1088,0.1088,0.1088,0.1088,0.2133,0.3325,0.1088,0.1088,0.1088,0.0845,0.1088,0.1088,0.1088,0.1088,0.1088,0.1088,0.1088,0.1088,0.1088,0.1702,0.1088,0.099,0.1088,0.1088,0.1088,0.1088,0.1088,0.1366,0.25,0.1088,0.1088,0.1119,0.1088,0.1088,0.53,0.1761,1.088,0.1088,0.1088,0.11554,1.849,0.1088,0.1088,0.1088,0.1088,0.1088,0.1088,0.1088,0.1088,0.1049,0.1088,0.1088,0.1088,0.1088,0.1088,0.1088,0.1088,0.1088,0.1088,0.1088,0.1088,0.1088,0.1088,0.2666,0.1,0.2883,0.1088,0.1181,0.097,0.3503,0.1088,1.235,0.1088,0.1088,0.492,0.1088,0.3909,0.744,0.1088,0.251,0.1088,0.1088,0.1088,0.1088,0.1088,0.1088,0.1088,0.1088,0.1088,0.1088,0.1261,0.1088,0.1088,0.1088,0.1088,0.1088,0.1088,0.1816,0.0774,0.1088,0.691,0.1088,0.1088,0.2272,0.1088,0.1088,0.0958,0.1088,0.1088,0.1088,0.31,0.1088,0.1088,0.1088,0.1088,0.1088,0.1088,0.4614,0.1088,0.1088,0.10614,0.1088,0.1088,0.1088,0.3762,0.1088,0.1508,0.1088,0.2773,0.1088,0.10126,0.1088,0.1088,0.1088,0.1088,0.1088,0.1088,0.1088,0.1088,0.1044,0.1088,0.1088,0.1248,0.1088,0.1088,0.1088,0.1033,0.1088,0.1088,0.0964,0.1088,0.3496,0.404,0.1088,0.1088,0.1088,0.1088,0.1088,0.1226,0.1088,0.1088,0.1088,0.0736,0.1088,0.1088,0.1825,0.1088,0.1088,0.1088,0.09906,0.1088,0.1088,1.015,0.2231,1.033,0.1088,0.1088,0.1088,0.1088,0.1088,0.1088,0.10126,0.0951,0.1088,0.311,0.4656,0.807,0.1088,0.6665,0.09503,0.1088,0.1088,0.10394,0.1088,0.3088,0.086,0.1088,1.196,0.1088,0.1088,0.1088,0.1088,0.1088,0.1026,0.1088,0.1088,1.042,0.1088,0.4958,0.1088,0.335,0.1088,0.1088,0.1088,0.1088,0.1088,0.1088,0.4573,0.1088,0.1263,0.1088,0.147,0.1088,0.1088,0.1075,0.9756,0.193,0.075,0.1088,0.1425,0.1088,0.1088,0.1088,0.2244,0.1088,0.1088,0.1088,0.1088,0.1088,0.1088,0.1088,0.1088,0.1088,0.363,0.1088,0.1088,0.1088,0.1088,0.1069,0.3389,0.1088,0.1088,0.1088,0.1088,0.1088,0.1088,0.2091,0.07947,0.578,0.204,0.0988,0.1088,0.1088,0.1029,0.9653,0.1008,0.3188,0.1088,0.2246,0.1088,0.1088,0.1088,0.1088,0.1088,0.1088,0.1088,0.1088,0.1088,0.1409,0.1088,0.1422,0.1088,0.1088,0.1088,0.1088,0.1088,0.1088,0.1088,0.1088,0.1088,0.1088,0.1241,0.06573,0.1088,0.8794,0.4158,0.1214,0.1088,0.1088,0.1088,0.1088,0.1088,0.1144,0.1088,0.0795,0.1088,0.1088,0.1088,0.09216,0.06836,0.1088,0.1708,0.1088,0.1088,0.0785,0.1088,0.0992,0.1088,0.1088,0.1088,0.1088,0.1088,0.1394,0.1088,0.2751,0.8496,0.0873,0.3723,0.1088,0.4849,0.1088,0.1088,0.2534,0.1088,0.1088,0.3774,0.3723,0.1088,0.0984,0.1088,0.1088,0.1088,0.1088,0.1088,0.1088,0.09875,0.1088,0.1088,0.2266,0.2413,0.1088,0.1088,0.1088,0.1162,0.318,0.1088,0.1088,0.1088,0.1088,0.1025,0.1088,0.1088,0.1088,0.1088,1.144,0.1088,0.394,0.0818,0.3186,0.1088,0.1088,0.1088,2.33,0.1088,0.0857,0.1088,1.152,1.079,0.1088,0.1088,0.3765,0.1088,0.1088,0.1088,0.1054,0.3184,0.3408,0.1088,0.1088,0.1088,0.1088,0.1088,0.1088,0.1088,0.2566,0.1088,0.1088,0.1088,0.851,0.1088,0.1088,0.1088,1.161,0.1088,0.2578,0.1088,0.1088,0.1088,0.8667,0.1088,0.1088,0.392,0.1088,0.10254,0.1088,0.1088,0.1182,0.1088,0.1088,0.1318,0.099,0.1088,0.1088,0.1088,0.1088,0.1088,0.1005,0.1088,0.1088,0.10046,0.1088,0.1088,0.10565,0.1088,0.1088,0.1088,0.1088,0.1088,0.1088,0.0933,0.1088,0.08704,0.1088,0.1088,0.1088,0.1088,0.1088,0.1088,0.602,0.09515,0.1088,0.7075,0.1088,0.1088,0.753,0.1088,0.4504,0.1288,0.1088,0.1088,0.1088,0.07983,0.1088,0.1088,0.1088,0.1088,0.1088,0.1918,0.1088,0.2113,0.1088,0.1088,0.1088,0.1088,0.1088,0.1088,0.1088,0.2864,0.3606,0.1088,0.1088,0.1088,0.10626,0.1088,0.1088,0.10846,0.1088,0.10004,0.1088,0.1088,0.1338,0.1088,0.0978,0.167,0.1088,0.1088,0.1088,0.214,0.1088,0.1088,0.10846,0.1088,0.10333,0.0977,0.1088,2.17,0.1088,0.1088,0.6147,0.1088,0.707,0.2323,0.6475,0.1088,0.1088,0.1088,0.1088,0.1088,0.1088,0.1088,0.1088,0.1088,0.1088,0.1165,0.1088,0.1088,0.1088,0.1088,0.4592,1.865,0.1088,0.1088,0.1088,1.408,0.0771,0.2988,0.1438,0.1088,0.1088,0.1088,0.1088,0.1088,0.7314,0.101,0.1088,0.1088,0.3015,0.1088,0.1088,0.1088,0.1104,0.1088,0.1088,0.1088,0.1088,0.1088,0.1088,0.1088,0.1088,0.2834,0.1088,0.1088,0.1088,0.1088,0.1088,0.1088,0.1088,0.1088,0.955,0.1088,0.1088,0.1088,0.1088,0.2715,0.1088,0.1088,0.1088,0.1088,0.1088,0.1088,0.1088,0.1088,0.1088,0.1088,0.2651,1.239,0.1088,0.0935,0.1088,0.1088,0.9297,1.974,0.1088,0.1088,0.1088,0.1088,0.0901,0.1088,0.1088,0.1088,0.1088,0.1088,0.1088,0.1088,0.524,0.327,0.1088,0.1088,0.1088,0.2433,0.1088,0.1088,0.8003,0.1088,0.0935,0.1088,0.1088,0.1088,0.1088,0.1088,0.1088,0.1088,0.1088,0.3167,0.0943,0.1088,0.1088,0.1088,0.1088,0.1088,0.1088,0.1088,0.356,0.1088,0.1088,0.1088,0.1088,0.08765,0.1088,0.2646,0.1088,0.1088,0.1088,0.2146,0.1483,0.1088,0.1033,0.318,0.1088,0.1088,0.1088,0.1088,0.1088,0.1088,0.1088,0.7266,0.1088,0.1567,0.265,0.343,0.09644,0.1088,0.1088,0.1088,0.1088,0.6714,0.1088,0.2197,0.1088,0.1088,0.1088,0.1088,0.1088,0.1088,0.4404,0.1088,0.523,0.10016,1.049,0.1088,0.1354,0.1088,0.09204,0.1088,0.257,0.327,0.1088,0.1088,0.1088,0.449,0.1088,0.1088,0.09204,0.1088,0.1088,0.1088,0.1088,0.1088,0.1088,0.1088,0.10486,1.15,0.1088,0.1,0.1088,0.1088,0.1088,0.1088,0.1088,0.1088,0.0727,0.1088,0.1088,0.1725,0.1088,0.1088,0.1088,0.1088,0.1088,0.1055,0.1021,0.8,0.1088,0.1088,0.1021,0.1088,0.1088,0.1088,0.0981,0.1088,0.10205,0.458,0.1088,0.1058,0.1088,0.1088,0.1008,0.1088,0.1088,0.1088,0.1088,0.1088,0.1003,0.597,0.1088,0.10016,0.1088,0.1088,0.1088,0.1088,0.1088,0.1088,0.3542,0.1088,0.1088,0.1088,0.1088,0.1088,0.1088,0.1088,0.09375,0.1088,0.1088,0.1088,0.1088,0.1088,0.1088,0.542,0.1088,0.1088,0.1088,0.1067,0.569,0.1088,0.10345,0.1088,0.3792,0.1088,0.1088,0.726,0.1088,0.1088,0.1272,0.1088,0.09814,0.1088,0.1088,0.1088,0.1088,0.1088,0.1088,0.1088,0.1088,0.1214,0.1088,0.1088,0.1242,0.1088,0.1088,0.1088,0.1088,0.1088,0.1088,0.1088,0.2118,0.1088,0.3354,0.2952,0.1088,0.10443,0.1088,0.1088,0.5015,0.1088,0.1088,0.0805,0.1088,0.1088,0.1088,0.08673,0.1088,0.1088,0.1088,0.1088,0.1088,0.1088,0.1088,0.1088,0.09924,0.11975,0.59,0.1088,0.1088,0.217,0.1088,1.777,0.1088,0.1311,0.1088,0.3384,0.1088,0.1088,0.1088,0.1088,0.3816,0.1088,0.2766,0.1088,0.1088,0.2764,0.10474,0.1088,0.1088,0.1088,0.54,0.0774,0.10864,0.1088,0.1088,0.1088,0.1088,0.1088,1.609,0.1088,0.1088,0.1088,0.3708,0.1016,1.091,0.1088,0.1088,0.1044,0.1088,0.1088,0.09546,0.1088,0.1344,0.2151,0.11487,0.1677,0.1088,0.1088,0.1088,0.1088,0.1088,0.1088,0.1088,0.3245,0.1088,0.1088,0.1088,0.1088,0.1088,0.09796,0.0805,0.1088,0.108,0.3328,0.1088,0.1088,0.1088,0.1088,0.1288,0.10254,0.1981,0.1088,0.1088,0.1088,0.10394,0.1088,0.1088,0.1088,0.5703,0.1088,0.1088,0.1088,0.10077,0.677,0.1738,0.1088,0.1088,0.45,0.1088,0.1088,2.32,0.1088,0.1088,0.1088,0.1088,0.1088,0.1088,0.1088,0.0982,0.1088,0.07806,0.1088,0.1088,0.1088,0.1088,0.1088,0.1088,0.1088,0.1008,0.2654,0.1088,0.376,0.1088,0.1088,0.11346,0.1088,0.1088,0.1088,0.3093,0.1088,0.356,0.10394,0.1088,0.0912,0.0661,0.5522,0.0933,0.1088,0.1088,0.1088,0.1088,0.09247,0.1088,0.1088,0.1617,0.1088,0.1088,0.33,0.1088,0.1088,0.1088,0.1088,0.2832,0.1088,0.1088,0.1088,0.732,0.762,0.0986,0.1088,0.1088,0.1088,0.1088,0.1088,0.956,0.06915,0.1088,0.1088,0.1088,0.1088,0.11884,0.1088,0.3643,0.1088,0.1088,0.1088,0.1088,0.1088,0.1088,0.1088,0.2913,0.1088,0.1088,0.2467,0.1088,0.1088,0.1088,0.1088,0.1088,0.1088,0.1088,0.1088,0.1088,0.1088,0.1088,0.1538,0.1001,0.1088,0.1873,0.0907,0.1088,0.1088,0.1173,0.3794,0.5547,0.1088,0.131,0.3318,0.1088,0.1088,0.0997,0.6016,0.1088,0.1088,0.1088,0.1088,0.1088,0.1088,0.1088,1.54,0.342,0.1088,0.1088,0.1088,0.1088,0.1088,0.1088,0.3975,0.2622,0.1088,0.1088,0.1088,0.1088,0.1088,0.1088,0.08875,0.0872,0.1088,0.7144,0.1088,0.1088,0.8315,0.6006,0.1088,0.0913,0.1088,0.4333,0.1088,0.08453,0.1088,0.0903,0.522,1.019,0.10535,0.8296,0.1088,0.2876,0.1088,0.1088,0.1543,0.1088,0.1088,0.1088,0.1088,0.1088,0.1033,0.1088,0.1088,0.4756,0.1088,0.2651,0.1088,0.1088,0.1088,0.1088,0.1052,0.1088,0.1088,0.1088,0.1088,0.1088,0.1088,0.1088,0.1088,0.1088,0.1088,0.1088,0.1088,0.1088,0.25,0.1088,0.2333,1.028,0.1088,0.1088,0.2517,0.1088,0.2593,0.1088,0.1088,0.1088,0.1088,0.1088,0.1088,0.1443,0.1088,0.1012,0.1088,0.1088,0.1088,0.1088,0.1088,0.1088,0.1088,0.1088,0.1396,0.0902,0.6787,0.1088,0.1088,0.1016,0.2448,0.5615,0.1088,0.1919,0.176,0.1088,0.1088,0.1088,0.1088,0.1088,0.1088,0.1088,0.1088,0.1088,0.1088,0.3545,0.1088,0.1088,0.1819,0.1564,0.1088,0.1088,0.1088,0.1088,0.10425,0.09863,0.1088,0.1088,0.1088,0.09705,0.1088,0.1088,0.1088,0.1088,0.1088,0.1088,0.1175,0.1088,0.1687,0.0837,0.1088,0.1088,0.1088,0.1088,0.1088,0.1088,0.0995,0.1088,0.1088,0.1088,0.1088,0.1088,0.1088,0.6035,0.1088,0.1088,0.1088,0.1088,0.1572,0.1088,0.1088,0.1088,0.1088,0.1085,0.1088,0.1088,0.1088,0.1088,0.1088,0.1034,0.1088,0.3452,0.1088,0.101,0.1088,0.1088,0.2024,0.1088,0.1088,0.0965,0.10376,0.1088,0.1088,0.1064,0.1088,0.1088,0.1088,0.1643,0.1088,0.1088,0.1088,1.305,0.1081,0.739,0.0662,0.1088,0.1086,0.1088,0.1088,0.519,0.1088,0.1088,0.1088,0.1088,0.1058,0.1088,0.4514,0.1088,0.1071,0.6255,0.168,0.1088,0.2483,0.1088,0.642,0.1088,0.1004,0.1088,0.1029,0.1088,0.1685,0.512,0.4124,0.1088,0.1088,0.10785,0.1088,0.0988,0.1088,0.1088,0.1088,0.1088,0.574,0.1088,0.1088,0.5806,0.0904,0.1088,0.1088,0.1088,0.1088,0.1088,0.1088,0.1088,0.2957,0.1088,0.1088,1.389,0.1265,0.1088,0.1088,0.1088,0.1088,0.578,0.1088,0.1088,0.0815,0.1088,0.1088,0.1337,0.1088,0.1088,0.1088,0.1088,0.1088,0.1088,0.1088,0.119,0.1088,0.1074,0.1088,0.1088,0.1088,0.1088,0.1088,0.2366,0.09625,0.1088,0.1088,0.1088,0.1334,0.1088,0.1088,0.1088,1.005,0.1088,0.3367,0.1349,0.1088,0.1088,0.1088,0.1088,0.3596,0.1088,0.1631,0.1088,0.1088,0.1088,0.1088,0.1626,0.1088,0.1034,0.1088,0.1088,0.1088,0.2285,0.1088,0.1088,0.1022,0.08765,0.1088,0.10803,0.146,0.1088,0.1088,0.1088,0.797,0.1088,0.1088,0.1088,0.1965,0.1088,0.0903,0.7603,0.1088,0.1088,0.1088,0.1813,0.1088,0.1088,0.465,1.252,0.1088,0.08496,0.2578,0.1088,0.1088,0.1088,0.1405,0.1088,0.1088,0.1088,0.1088,0.1088,0.1088,0.1088,0.1427,0.169,0.1088,0.1088,0.1088,0.2935,0.1088,0.1071,0.1088,0.1088,0.1088,0.4731,0.3096,0.1088,0.1088,0.0975,0.1088,0.744,1.086,0.1088,0.1088,0.1088,0.1088,0.1088,0.4434,0.0946,0.0943,0.104,0.1088,0.0886,0.1088,0.1088,0.0907,0.3066,0.10767,0.811,1.138,0.1088,0.09784,0.1093,0.5337,0.1088,0.1088,0.1088,0.4626,0.1088,0.1088,0.1088,0.4458,0.1088,0.1088,0.1088,0.1088,0.1088,0.1318,0.1088,0.1088,0.601,0.1088,0.1088,0.1279,0.1088,0.1088,0.1088,0.092,0.1088,0.1088,0.1088,0.1006,0.2893,0.1088,0.1088,0.9565,0.1088,0.623,0.1366,0.1088,0.1088,0.1088,0.1088,0.08527,0.1088,0.1088,0.1088,0.4258,0.1088,0.1088,0.1088,0.745,0.1088,0.1088,0.0802,0.1088,0.1088,0.1088,0.5283,0.1088,0.2517,0.1088,0.1088,0.778,0.5225,0.1088,0.1088,0.1088,0.1088,0.3203,0.532,0.0952,0.1088,0.1088,0.1088,0.1088,0.1088,0.1088,0.0893,0.1088,0.1088,0.53,0.1088,0.1088,0.1088,0.1088,0.1088,0.1088,0.2488,0.1088,0.1088,0.0918,0.1088,0.1693,0.1088,0.1088,0.7686,0.1088,0.1088,0.1088,0.1088,0.913,0.1088,0.0854,0.1017,0.1088,0.0824,0.1088,0.1101,0.1088,0.1088,0.1088,0.1088,0.1621,0.7236,0.8535,0.1023,0.1088,0.1088,0.10443,0.1088,1.5205,0.1088,0.1088,0.0992,0.1307,0.4893,0.5156,0.1088,0.0942,0.1088,0.1088,0.1088,0.1088,0.09845,0.1088,0.1088,0.1088,0.1088,0.1088,0.821,0.1088,0.1088,0.1088,0.1088,0.8247,0.1088,0.1088,0.1088,0.1088,0.08105,0.1088,1.173,0.1088,0.1088,0.1088,0.1088,0.1088,0.1084,0.1088,0.1088,0.1088,0.1088,0.1088,0.1088,0.1088,0.09875,0.1088,0.1088,0.1088,0.1088,0.1088,0.1088,0.1088,0.1088,0.1088,0.1088,0.1088,0.1088,0.10565,0.1088,0.1088,0.1088,0.1088,0.1088,0.568,0.1088,0.0929,0.1088,0.1088,0.4592,0.1088,0.1088,0.687,0.089,0.1088,0.1088,0.1088,0.0982,0.4927,0.1088,0.1088,0.509,0.0992,0.1088,1.199,0.1088,0.7295,0.1088,0.1088,0.1088,0.1088,0.133,0.1088,0.1088,0.1088,0.1088,0.1088,0.1088,0.1088,0.1088,0.1088,0.1187,0.1088,0.1088,0.1088,0.1088,0.1088,0.1088,0.1088,0.1088,0.1088,0.2676,0.1088,0.1088,0.1647,0.0894,0.1088,0.1088,0.1088,0.1088,0.1082,0.1088,0.1088,0.1088,0.1088,0.1088,0.1088,0.1088,0.1088,0.66,0.1088,0.1088,0.1555,0.1058,0.3313,0.1088,0.1088,0.1088,0.1088,0.1088,0.1088,0.1088,0.10657,0.1088,0.1088,0.1088,0.1088,0.1088,0.2583,1.131,0.1088,0.1088,0.1088,0.1996,0.1088,0.1088,0.1088,0.1088,0.1088,0.1088,0.0987,0.1088,0.1088,0.1088,0.1088,0.1088,0.1088,0.1088,0.1061,0.1088,0.1088,0.4678,0.1088,0.3918,0.1088,0.1088,0.1088,0.1088,0.4512,0.1088,0.1088,0.1088,0.1088,0.1088,0.0993,0.1088,0.1088,0.1088,0.1088,0.1032,0.1088,0.1127,0.1088,0.1088,0.1088,0.1088,0.1088,0.1088,0.10126,0.1088,0.1088,0.133,0.1088,0.1088,0.2107,0.0871,0.1088,0.1088,0.1088,0.681,0.1043,0.2328,0.1088,0.1088,0.1088,0.1088,0.1088,0.3027,0.1088,0.1088,0.1088,0.2456,0.1088,0.1088,0.1088,0.1088,0.1088,0.0951,0.1088,0.1088,0.1381,1.466,0.1088,0.1088,0.1088,0.1088,0.1088,0.1088,0.1088,0.1088,0.1088,0.1088,0.08154,0.1088,0.1088,0.1088,0.1088,0.1088,0.1088,0.1088,0.11005,0.10675,0.11304,0.1088,0.0668,0.1088,0.1088,0.1088,0.1088,0.1088,0.1348,0.1088,0.3508,0.1088,0.1088,0.10077,0.1088,0.1088,0.769,0.1088,0.502,0.1088,0.1088,0.1088,0.1088,0.4543,0.1088,0.1088,0.1088,0.1111,0.1074,0.1088,0.1023,0.1088,0.1088,0.1088,0.1714,0.3518,0.1088,0.1088,0.0953,1.325,0.08606,0.1088,0.1088,0.1088,0.0848,0.1088,0.1088,0.09924,0.695,0.1088,0.11646,0.2122,0.1088,0.276,0.0992,0.2612,0.1088,0.1088,0.1088,0.1088,0.1088,0.1088,0.1088,0.1088,0.09235,0.1088,0.527,0.3816,0.1088,0.1018,0.1088,0.09064,0.1088,0.07855,0.1088,0.1088,0.1088,0.1125,0.1088,0.1088,0.1088,0.1088,0.1088,0.1088,0.1088,0.1088,0.1088,0.1088,0.1088,0.1088,0.1088,0.1088,0.1088,0.1088,0.1088,0.1088,0.1088,0.2896,0.1088,0.1656,0.1088,0.1505,0.1088,0.1088,0.1088,0.1088,0.1088,0.08856,0.1088,0.1088,0.1034,0.1088,0.1088,0.5293,0.1088,0.1088,0.278,0.1088,0.1088,0.1088,0.1677,0.1088,0.1971,0.1088,0.1088,0.1088,0.1088,0.1088,0.1088,0.07935,0.396,0.0913,0.1088,0.1088,0.1088,0.1088,0.1088,0.5493,0.09534,0.1088,0.1462,0.1088,0.1088,0.1088,0.3533,0.1088,0.777,0.339,0.1088,0.3108,0.1495,0.1088,0.10345,0.1088,0.09973,0.2266,0.1088,0.1088,0.1088,0.09674,0.1088,0.1088,0.1088,0.1088,0.1088,0.1088,0.1088,0.1088,0.1088,0.8887,0.1088,0.1088,0.1088,0.1088,0.1088,0.1088,0.1088,0.1088,0.1088,0.263,0.1088,0.1088,0.1088,0.1088,0.1088,0.1088,0.1088,0.1572,0.1088,0.1531,0.1088,0.2712,0.1088,0.1088,0.1088,0.1088,0.0752,0.1088,0.1088,0.12366,0.1088,0.1088,0.1088,0.1088,0.1088,0.06494,0.1088,0.1088,0.4563,0.1088,0.1088,0.10205,0.1073,0.1088,0.1088,0.1088,0.0945,0.1267,0.1088,0.11127,0.1088,0.1088,0.06903,0.1088,0.1088,0.1088,0.1088,0.1088,0.1088,0.1088,0.3118,0.1022,0.1088,0.1088,0.1088,0.1088,0.1088,0.10614,0.1088,0.1088,0.1088,0.1088,0.1088,0.1088,0.1088,0.1088,0.1088,0.1088,0.0953,0.1088,0.1088,0.1088,0.1088,0.1088,0.1088,0.0984,0.1088,0.1088,0.1088,0.1088,0.1088,0.1088,0.1088,0.888,0.3113,0.2054,0.1088,0.523,0.1088,0.1088,0.1088,0.1088,0.1088,0.1088,0.1088,0.1088,0.1088,0.8105,0.1088,0.1088,0.1088,0.1051,0.1088,0.1088,0.1088,0.1088,0.1088,0.746,0.1088,0.1088,0.1088,0.1088,0.1088,0.10266,0.1088,0.1088,0.1088,0.1458,0.1342,0.1088,0.1088,0.1316,0.1088,0.1088,0.1088,0.1088,0.1088,0.1088,0.09985,0.1088,0.1088,0.1088,0.1088,0.1088,0.1088,0.11127,0.1088,0.1088,1.119,0.2452,0.1088,0.557,0.1088,0.1088,0.1088,0.1088,0.1088,0.487,0.1088,0.1088,0.3083,0.1088,0.1088,0.1107,0.2913,0.4185,0.1088,0.1088,0.3765,0.1088,0.1088,0.1088,0.1088,1.907,0.1088,0.1088,0.1088,0.1088,0.1088,0.4666,0.416,0.1088,0.1088,0.1088,0.1088,0.1088,0.1088,0.1088,0.1088,0.1088,0.1088,0.1088,0.1088,0.1088,0.108,0.1088,0.1088,0.2327,0.1088,0.1088,0.1088,0.1088,0.1088,0.1088,0.1088,0.1088,0.103,0.1088,0.1088,0.779,0.1088,0.1088,0.1088,0.2354,0.0953,0.1711,0.1088,0.1088,0.1088,0.1088,0.1088,0.1088,0.1088,0.1088,0.081,0.1088,0.6084,0.1088,0.1088,0.1088,0.1088,0.1088,0.1088,0.1088,0.1088,0.1088,0.1088,0.1088,0.1088,0.1088,0.1088,0.1088,0.1088,0.1088,0.1088,0.1088,0.1088,0.1088,0.1088,0.1088,0.1088,0.1088,0.1088,0.1088,0.0898,0.1088,0.1088,0.1088,0.1088,0.1088,0.1088,0.1088,0.10767,0.0954,0.1088,0.1088,0.13,0.1088,0.87,0.5386,0.1088,0.1088,0.1088,0.1088,0.1088,0.1088,0.3333,0.1088,0.1088,0.1088,0.1088,0.10785,0.1764,1.487,0.1088,0.1088,0.1088,0.1846,0.1088,0.1088,0.1088,0.1088,0.1597,1.214,0.1088,0.1051,0.1088,0.1088,0.1266,0.1088,0.1088,0.1088,0.0968,0.1774,0.1088,0.1088,0.105,0.1088,0.1088,0.1088,0.1786,0.1088,0.1088,0.1088,0.1088,0.1056,0.1088,0.1088,0.841,0.08307,0.1088,0.1943,0.1088,0.625,0.1088,0.1088,0.1088,0.1088,0.1088,0.1036,0.1088,0.1088,0.1088,0.1088,0.1088,0.09906,0.1088,0.1088,0.2076,0.1088,0.2954,0.994,0.1088,0.09094,0.1088,0.1088,0.1088,0.1088,0.1088,0.1034,0.1603,1.14,0.1088,0.1088,0.1088,0.1088,0.1088,0.1088,0.1266,0.1088,0.1088,0.1088,0.1088,0.1088,0.1088,0.4963,0.1088,0.1088,0.1088,0.1088,0.0969,0.1088,0.1088,0.1088,0.1088,0.1088,0.1088,0.1088,0.1664,0.1088,0.1088,0.1088,0.1088,0.09827,0.1088,0.1304,0.1088,0.1088,0.1088,0.1088,0.1068,0.1088,0.1088,0.1088,0.1088,0.1088,0.0747,0.05884,0.1088,0.4775,0.1088,0.1088,0.1088,0.1714,0.1088,0.407,0.1088,0.1088,0.1088,0.4368,0.1088,0.1088,0.2659
13,0.11096,0.11096,0.3186,0.11096,0.634,0.8535,0.11096,0.11096,0.11096,0.11096,0.11096,0.11096,0.11096,0.11096,0.10046,0.11096,0.1772,0.807,0.11096,0.11096,0.11096,0.11096,0.1755,0.1268,0.11096,0.2355,0.11096,0.2228,0.182,0.2144,0.0678,0.11096,0.11096,0.11096,0.11096,0.2805,0.11096,0.11096,0.11096,0.11096,0.11096,0.11096,0.2096,0.153,0.11096,0.11096,0.10944,0.11096,0.11096,1.569,0.11096,0.11096,0.0927,0.10645,0.11096,0.4192,0.1683,0.11096,0.796,0.11096,0.598,0.11096,0.1126,0.3271,0.11096,0.11096,0.7114,0.11096,0.11096,0.11096,0.11096,0.11096,0.11096,0.1096,0.11096,1.0625,0.11096,0.714,0.11096,0.11096,0.11096,0.11096,0.11096,0.11096,0.10425,0.11096,0.11096,0.11096,0.11096,0.11096,0.11096,0.111,0.549,0.4126,0.11096,0.0804,0.11096,0.0885,0.10455,0.1532,0.11096,0.11096,0.12244,0.11096,0.11096,0.11096,0.11096,0.11096,0.2297,0.11096,0.11096,0.11096,0.1028,0.11096,0.11096,1.336,0.1417,0.11096,0.11096,0.11096,0.4387,0.11096,0.11096,0.11096,0.11096,0.11096,0.1019,0.11096,0.11096,0.09686,0.11096,0.11096,0.11096,0.09326,0.11096,0.11096,0.11096,0.11096,0.3855,0.11096,0.11096,0.11096,0.11096,0.263,0.11096,0.11096,0.11096,0.11096,0.11096,0.11096,0.10535,0.11096,0.11096,0.11096,0.11096,0.11096,0.196,1.155,0.11096,0.1206,0.11096,0.625,0.11096,0.10284,0.11096,0.0849,0.11096,0.1077,0.1009,0.1675,0.11096,0.11096,0.11096,0.11096,0.3,0.11096,0.11096,0.832,0.07526,0.1047,0.11096,0.11096,0.11096,0.11096,0.11096,0.4287,0.11096,0.4546,0.11096,0.11096,0.11096,0.11096,0.11096,0.651,0.10187,0.11096,0.11096,0.11096,1.484,0.11096,0.10297,0.1501,0.11096,1.698,0.09973,0.1625,0.11096,0.11096,0.11096,0.6,0.09326,0.09845,0.11096,0.11096,0.11096,0.094,0.11096,0.11096,0.0984,0.11096,0.11096,0.661,0.4485,0.11096,0.11096,0.10266,0.11096,0.11096,0.10187,0.2292,0.2979,0.099,0.2341,0.11096,0.11096,0.11096,0.2495,0.11096,0.11096,0.11096,0.2095,0.11096,0.0996,0.11096,0.11096,0.11096,0.1616,0.11096,0.11096,0.11176,0.11096,0.0969,0.10223,1.047,0.1095,0.2487,0.11096,0.11096,0.11096,0.0869,0.11096,0.11096,0.11096,0.1091,0.10895,0.135,0.11096,0.291,0.5815,0.09283,0.1377,0.11096,0.11096,0.11096,0.11096,0.11096,0.11096,0.11096,0.11096,0.11,0.11096,0.11096,0.0942,0.11096,0.11096,0.11096,0.11096,0.11096,0.11096,0.11096,0.11096,0.11096,0.11096,0.402,0.11096,0.11096,0.11096,0.11096,0.11096,0.11096,0.11096,0.1703,0.5034,0.11096,0.187,0.2988,0.11096,0.11096,0.11096,0.11096,0.1526,0.11096,0.11096,0.11096,0.0803,0.4092,0.11096,0.11096,0.11096,1.3125,0.10767,0.11096,0.1986,1.762,0.11096,0.11096,0.807,0.11096,0.11096,0.11096,0.11096,0.10455,0.11096,0.11096,0.11096,0.1268,0.3137,0.11096,0.11096,0.11096,0.11096,0.149,0.4155,1.245,0.11096,0.1028,0.11096,0.11096,0.1399,0.11096,0.11096,0.11096,0.11096,0.09265,0.1065,0.10535,0.0955,0.11096,0.11096,0.10803,1.135,0.10315,0.11096,0.10297,0.10187,0.11096,0.11096,0.9062,0.7114,0.08563,0.11096,0.09406,0.1016,0.11096,0.0886,0.1768,0.11096,0.11096,0.11096,0.914,0.11096,0.11096,0.11096,1.277,0.11096,0.197,0.11096,0.0859,0.11096,0.11096,0.11096,0.11096,0.11096,0.11096,0.0862,0.11096,0.5503,0.11096,0.416,0.11096,0.952,0.11096,0.11096,0.11096,0.272,0.11096,0.09314,0.11096,0.11096,0.11096,0.1993,0.9575,0.11096,0.11096,0.11096,0.11096,0.2686,0.11096,0.11096,0.11096,0.11096,0.11096,0.0882,0.11096,0.11096,0.10516,0.11176,0.11096,0.11096,0.11096,0.682,0.11096,0.11096,0.11096,0.09143,0.11096,0.11096,0.11096,0.578,0.11096,0.11096,0.11096,0.10443,0.0904,0.11096,0.11096,0.1534,0.102,0.11096,0.11096,0.11096,0.11096,0.1228,0.11096,0.11096,0.11096,0.11096,0.11096,0.1422,0.11096,0.11096,0.11096,0.2866,0.11096,0.11096,0.11096,0.11096,0.11096,0.2135,0.11096,0.11096,0.11096,0.10876,0.11096,0.11096,0.0911,0.1337,0.11096,0.1271,0.11096,0.11096,0.866,0.1451,0.11096,0.11096,0.11096,0.11096,0.1113,0.10156,0.11096,0.11096,0.1498,0.1105,0.11096,0.11096,0.11096,0.11096,0.11096,0.11096,0.11096,0.11096,0.11096,0.11096,0.10126,0.11096,0.11096,0.11096,0.1595,0.11096,0.11096,0.11096,0.11096,0.22,0.1092,0.1194,0.11096,0.11096,0.11096,0.11096,0.11096,0.4375,0.11096,0.0914,0.3901,0.5767,0.11096,0.08057,0.11096,0.11096,0.11096,0.11096,0.11096,0.11096,0.11096,0.11096,0.11096,0.11096,0.11096,0.1,0.11096,0.11096,0.11096,0.11096,0.1506,0.1017,0.2264,0.11096,0.11096,0.10846,0.4402,0.11096,0.11096,0.1036,0.4944,0.11096,0.396,0.11096,0.1062,0.11096,0.0957,0.11096,0.11096,0.11096,0.11096,0.11096,0.5713,0.11096,0.10236,0.27,0.11096,0.10254,0.11096,0.11096,0.3608,0.11096,0.11096,0.699,0.11096,0.0804,0.11096,0.11096,0.11096,0.09436,0.11096,0.11096,0.11096,0.11096,0.11096,0.10364,0.11096,0.2285,0.08856,0.11096,0.11096,0.1101,0.11096,0.10364,0.11096,0.11096,0.11096,0.11096,0.11096,0.11096,0.11096,0.11096,0.154,0.11096,0.11096,0.351,0.11096,0.9014,0.11096,0.11096,0.09863,0.286,0.817,0.11096,0.11096,0.544,0.11096,0.1045,0.11096,0.732,0.11725,0.2175,0.404,0.11096,0.11096,0.1027,0.1148,0.11096,0.4739,0.1267,0.11096,0.11096,0.11096,0.5527,0.1115,0.11096,0.10095,0.11096,0.11096,0.5723,0.11096,0.11096,0.11096,0.11096,0.11096,1.156,0.11096,0.11096,0.11096,0.11096,0.1494,0.11096,0.662,0.11096,0.11096,0.11096,0.11096,0.0786,0.11096,0.3838,0.11096,0.11096,0.11096,0.11096,0.337,0.11096,0.7,0.11096,0.11096,0.11096,0.11096,0.11096,0.11096,0.11096,0.11096,0.2634,0.11096,0.11096,0.1019,0.11096,0.11096,0.5073,0.1028,0.11096,0.3225,0.11096,0.11096,0.5103,0.0971,0.1019,0.11096,0.11096,0.11096,0.11096,0.3462,0.3374,0.11096,0.11096,0.11096,0.11096,0.11096,0.11096,0.11096,0.1562,0.10144,0.11096,0.3755,0.11096,0.668,0.11096,0.11096,0.11096,0.1009,0.11096,1.452,0.11053,0.11096,0.11096,0.11096,0.8564,0.11096,0.11096,0.11096,0.11096,0.11096,0.445,0.11096,0.2544,0.0835,0.11096,0.1018,0.11096,0.11096,0.11096,0.2827,0.11096,0.11096,0.11096,0.11096,0.11096,0.11096,0.11096,0.11096,0.8604,0.11096,0.11096,0.11096,0.11096,0.11096,0.83,0.4622,0.11096,0.11096,0.11096,0.11096,0.11096,0.11096,0.11096,1.206,0.0984,0.11096,0.11096,0.11096,0.11096,0.11096,1.061,0.11096,0.1584,0.11096,1.272,0.11096,0.1206,0.11096,0.2426,0.11096,0.11096,0.11096,0.11096,0.11096,0.11096,0.7383,0.11096,0.11096,0.537,0.11096,0.09906,0.4158,0.11096,0.11096,0.11096,0.11096,0.3418,0.11096,0.11096,0.2913,0.11096,0.11096,0.11096,0.11096,0.9546,0.11096,0.11096,0.11096,0.11096,0.11096,0.11096,0.11096,0.11096,0.11096,0.4187,0.11096,0.11096,0.11096,0.0991,0.11096,0.11096,1.394,0.11096,0.10284,0.101,0.11096,1.433,0.649,0.11096,0.0779,0.11096,0.4226,0.11096,0.11096,0.1033,0.11096,0.718,0.134,0.11096,0.11096,0.11096,0.10126,0.11096,0.11096,0.677,0.11096,0.1051,0.11096,0.11096,0.10913,0.157,0.11096,0.11096,0.11096,0.11096,0.11096,0.11096,0.11096,0.1089,0.11096,0.11096,0.11096,0.3635,0.11096,0.11096,0.11096,0.11096,0.1763,0.11096,0.11096,0.11096,0.11096,0.11096,0.11096,0.11096,0.11096,0.11096,0.11096,0.11096,0.11096,0.11096,0.11096,0.11096,0.11096,0.11096,0.672,0.1611,0.4595,0.11096,0.1078,0.11096,0.11096,0.1023,0.11096,0.11096,0.515,0.11096,0.11096,0.11096,0.588,0.11096,0.11096,0.11096,0.11096,0.345,0.11096,0.11096,0.11096,0.11096,0.11096,0.11096,0.11096,0.11096,0.4268,0.2498,0.0721,0.1104,0.11096,0.11096,0.11096,0.11096,0.11096,0.11096,0.11096,0.11096,0.11096,0.437,0.11096,0.11096,0.11096,0.11096,0.7036,0.11096,0.11096,0.11096,0.1382,0.11096,0.11096,0.1454,0.11096,0.11707,0.1458,0.11096,0.9287,0.11096,0.2952,0.539,0.09174,0.1,0.2303,0.11096,0.11096,0.11096,0.0963,0.11096,0.11096,0.11096,0.11096,0.11096,0.1002,0.11096,0.0787,0.11096,0.11914,0.2437,0.0981,0.11096,0.63,0.11096,0.0854,0.11096,0.11096,0.11096,0.11096,0.11096,0.11096,0.11096,0.11096,0.10986,0.11096,0.11096,0.11096,0.1041,0.11096,0.11096,0.11096,0.5786,0.6226,0.11096,0.1292,0.11096,0.11096,0.11096,0.2072,0.11096,0.11096,0.11096,0.11096,0.11096,0.11096,0.4639,0.11096,0.11096,0.11096,0.11096,0.11096,0.0877,0.11096,0.11096,0.429,0.11096,0.1301,0.11096,0.11096,0.11096,0.11096,0.11096,0.11096,0.11096,0.11096,0.11096,0.11096,0.11096,0.7207,0.11096,0.07556,0.10315,1.1875,0.11096,0.3884,0.11096,0.2888,0.11096,0.11096,0.7915,0.11096,0.11096,0.4963,0.11096,0.1317,0.11664,0.7773,0.91,0.11096,0.11096,0.11096,0.11096,0.11096,0.11096,0.131,0.11096,0.11096,0.11096,0.11096,0.11096,0.1564,0.1228,0.11096,0.4663,0.11096,0.5093,0.11096,0.11096,0.11096,0.11096,0.11096,0.11096,0.11096,0.4739,0.11096,0.11096,0.10785,0.11096,0.11096,0.11096,0.11096,0.2311,0.11096,0.1864,0.103,0.09406,0.11096,0.11096,0.11096,0.11096,0.548,0.1072,0.11096,0.11096,0.1098,0.1895,0.11096,0.11096,0.11096,0.0958,0.10565,0.11096,0.11096,0.11096,0.11096,0.11096,0.11096,0.11096,0.11096,0.11096,0.631,0.11096,0.11096,0.11084,0.11096,1.621,0.11096,0.11096,0.3665,0.11096,0.11096,0.2747,0.11096,0.11096,2.273,0.11096,0.11096,0.11096,0.10815,0.11096,0.11096,0.11096,0.11096,0.11096,0.11096,0.11096,0.11346,0.11096,0.11096,0.11096,0.11096,0.11096,0.11096,0.1147,0.11096,0.11096,0.416,0.11096,0.11096,0.11096,0.10156,0.10486,0.11096,0.11096,0.11096,0.11096,0.11096,0.11096,0.11096,0.11096,0.11096,0.11096,0.11096,0.323,0.11096,0.11096,0.11096,0.11096,0.0936,0.2039,0.0964,0.1995,0.11096,0.11096,0.11096,0.738,0.1525,0.11096,0.11096,0.871,0.11096,0.11096,0.1012,0.281,0.11096,0.99,0.11096,0.107,0.1615,0.11096,0.11096,0.11096,0.11096,0.0861,0.10254,0.11096,0.1967,0.11096,0.454,0.2974,0.1101,0.673,0.11096,0.11096,0.11096,0.11096,0.11096,0.09064,0.11096,0.11096,0.11096,0.11096,0.11096,0.1081,0.1041,0.11096,0.0856,0.11096,0.11096,0.2231,0.05658,0.11096,0.11096,0.11096,0.09424,0.11096,0.611,0.7036,0.11096,0.11096,0.1061,0.569,0.0972,0.11096,0.11096,0.292,0.0928,0.11096,0.11096,0.1848,0.103,0.1019,0.11096,0.11096,0.11096,0.11096,0.11096,0.11096,0.11096,0.11096,0.10406,0.102,0.11096,0.1139,0.11096,0.11096,0.11096,0.11096,0.11096,0.11096,0.0802,0.11096,0.11096,0.11096,0.11096,0.11096,0.09454,0.11096,0.5977,0.1026,0.11096,0.11096,0.11096,0.11096,0.11096,0.11096,0.3613,0.11096,0.11096,0.11096,0.11096,0.11096,0.3853,0.11096,0.11096,0.4,0.11096,0.11096,0.0956,0.1002,0.11096,0.11096,0.11096,0.11096,0.11096,0.11096,0.11096,0.4172,0.5474,0.0889,0.1101,0.11096,0.11096,0.11096,0.11096,0.11096,0.11096,0.11096,0.6934,0.0931,0.11096,0.11096,0.2039,0.11096,0.11096,0.11096,0.11096,0.11096,0.1205,0.11096,0.11096,0.09735,0.11096,0.0941,0.0872,0.11096,0.11096,0.11096,0.11096,0.12225,0.165,0.08813,0.11096,0.2072,0.11096,0.11096,0.2188,0.11096,0.11096,0.4065,0.11096,0.1067,0.11096,0.08997,0.11096,0.11096,0.11096,0.5713,0.11096,0.10345,0.11096,0.11096,0.11096,0.857,0.11096,0.11096,0.11096,0.11096,0.3137,0.1,0.11096,0.11096,0.11096,0.11096,0.11096,0.11096,0.11096,0.11096,0.11096,0.11096,0.1064,0.11096,0.11096,0.601,0.11096,0.2817,0.11096,0.11096,0.11096,0.11096,0.11096,0.11096,0.11096,0.11096,0.11096,0.11096,0.11096,0.1417,0.11096,0.11096,0.1096,0.11096,0.10254,0.10394,0.11096,0.11096,0.11096,0.11316,1.897,0.11096,0.11096,0.11096,0.248,0.11096,0.11096,0.1326,0.11096,0.11096,0.11096,0.11096,0.11096,0.11096,0.11096,0.11096,0.11096,0.11096,0.0992,0.11096,0.2976,0.0932,1.728,0.11096,0.11096,0.11096,0.11096,0.10156,0.09155,0.069,0.3193,0.11096,1.063,0.11096,0.11096,0.11096,0.169,0.2935,0.11096,0.11096,0.11096,0.2573,1.288,0.10803,0.11096,0.1033,0.11096,0.11096,0.11096,0.11096,0.11096,0.11096,0.11096,0.2206,0.156,0.10425,0.11096,0.11096,0.11096,0.11096,0.11096,0.11096,0.6074,0.11096,0.11096,0.11096,0.11096,0.11096,0.66,0.11096,0.11096,0.11096,0.11096,0.552,0.11096,0.11096,0.11096,0.11096,0.6934,0.557,0.11096,0.2283,0.1109,0.0533,0.11096,0.11096,0.11096,1.057,0.11096,0.11096,0.11096,0.1102,0.11096,0.1263,0.11096,0.632,0.08746,0.11096,0.11096,0.6304,0.11096,0.11096,0.1087,0.5884,0.1595,0.11096,0.6514,0.11096,0.11096,0.31,0.11096,0.11096,0.11096,0.11096,0.11096,0.881,0.2223,0.5576,0.11096,0.11096,0.11096,0.11096,0.11096,0.11096,0.1753,0.11096,0.11096,0.11096,0.11096,0.11096,0.1257,0.11096,0.11096,1.779,0.305,0.11096,0.11096,0.6553,0.11096,0.3699,0.11096,0.11096,0.2903,0.11096,1.056,0.11096,0.0915,0.10565,0.11096,0.11096,0.0682,0.10236,0.11096,0.6826,0.11096,0.3943,0.11096,0.11096,0.11096,0.11096,0.11096,0.11096,0.11096,0.11096,0.1848,0.11096,0.1996,0.11096,0.8037,0.11096,0.11096,0.11096,0.11096,0.11096,0.1677,0.11096,0.11096,0.11096,0.11096,0.11096,0.11096,0.2389,0.11096,0.11096,0.81,0.11096,0.1042,0.11096,0.11096,0.11096,0.11096,0.11096,0.11096,0.11096,1.495,0.11096,0.11096,0.11096,0.1067,0.11096,0.11096,0.73,0.11096,0.11096,0.11096,0.11096,0.11096,0.11096,0.1068,0.4302,0.11096,0.11096,0.136,0.11096,0.11096,0.11096,0.11096,0.11096,0.1405,0.423,0.11096,0.11096,1.215,0.11096,0.11096,0.11096,0.11096,0.11096,0.11096,0.11096,0.11096,0.11096,0.11096,0.11096,0.11096,0.11096,0.106,2.17,0.0782,0.11096,0.11096,0.11096,0.2421,0.10504,0.11096,0.1014,0.11096,1.083,0.515,0.11096,0.11096,0.418,0.10706,0.0973,0.11096,0.11096,0.0916,0.0932,0.11096,0.0743,0.11096,0.138,0.11096,0.2007,0.102,0.11096,0.1102,0.2473,0.0954,0.11096,0.11096,0.1831,0.0928,0.294,0.11096,0.574,0.393,0.1476,0.11096,0.1077,0.11096,0.11096,0.11096,0.9272,0.1014,0.179,0.384,0.11096,0.11096,0.8047,0.0999,0.11096,0.11096,0.11096,0.11096,0.11096,0.10535,0.1991,0.11096,1.827,0.11096,0.11096,0.11096,0.4673,0.11096,0.11096,0.11096,0.11096,0.11096,0.11096,0.18,0.1722,0.273,0.1145,0.11096,0.3003,0.11096,0.11096,0.4333,0.11096,0.11096,0.11096,0.11096,0.11096,0.11096,0.0746,0.5137,0.11096,0.11096,0.11096,0.1065,0.11096,0.11096,0.11096,0.11096,0.11096,0.11096,0.11096,0.11096,0.11096,0.1002,0.11096,0.1194,0.11096,0.11096,0.11096,0.11096,0.06854,0.1613,0.3125,0.11096,0.11096,0.11096,0.11096,0.11096,0.432,0.2278,1.157,0.11096,0.11096,0.09503,2.152,0.11096,0.11096,0.11096,0.1066,0.11096,0.11096,0.11096,0.11096,0.0623,0.11096,0.0988,0.11096,0.11096,0.11096,0.0909,0.11096,0.11096,0.11096,0.11096,0.11096,0.11096,0.11096,0.1592,0.106,0.1765,0.11096,0.11096,0.11,0.232,0.11096,1.156,0.11096,0.11096,0.4104,0.1049,0.3394,0.77,0.11096,0.1992,0.11096,0.11096,0.11096,0.11096,0.11096,0.11096,0.11096,0.11096,0.11096,0.11096,0.0975,0.11096,0.11096,0.11096,0.11096,0.11096,0.1035,0.1037,0.09906,0.11096,0.8633,0.11096,0.11096,0.3865,0.11096,0.11096,0.2085,0.11096,0.11096,0.11096,0.155,0.1043,0.11096,0.11096,0.11096,0.11096,0.11096,0.2424,0.11096,0.11096,0.0872,0.10846,0.11096,0.10266,0.4587,0.11096,0.1738,0.11096,0.6704,0.11096,0.09375,0.11096,0.11096,0.11096,0.11096,0.11096,0.11096,0.11096,0.11096,0.1984,0.11096,0.10144,0.2456,0.11096,0.11096,0.11096,0.09576,0.11096,0.11096,0.2484,0.11096,0.649,0.418,0.11096,0.11096,0.11096,0.11096,0.11096,0.1266,0.11096,0.11096,0.11096,0.09375,0.11096,0.11096,0.1421,0.11096,0.11096,0.11096,0.1189,0.11096,0.11096,1.3955,0.83,1.048,0.11096,0.11096,0.11096,0.1011,0.11096,0.11096,0.2117,0.11096,0.11096,0.51,0.385,0.7134,0.11096,0.872,0.2025,0.11096,0.10547,0.10394,0.11096,0.7188,0.10956,0.11096,1.2,0.11096,0.11096,0.11096,0.11096,0.11096,0.10175,0.11096,0.11096,1.388,0.11096,0.366,0.204,0.3745,0.11096,0.11096,0.11096,0.11096,0.11096,0.11096,0.754,0.11096,0.1257,0.11096,0.098,0.10504,0.11096,0.11096,1.128,0.1598,0.1907,0.11096,0.10596,0.11096,0.11096,0.11096,0.2876,0.11096,0.11096,0.11096,0.11096,0.11096,0.11096,0.11096,0.2233,0.11096,0.2825,0.11096,0.11096,0.11096,0.11096,0.11096,0.589,0.11096,0.11096,0.11096,0.11096,0.11096,0.11096,0.3943,0.1089,0.6294,0.3657,0.10986,0.11096,0.11096,0.313,1.024,0.11096,0.574,0.11096,0.1727,0.11096,0.11096,0.11096,0.11096,0.11096,0.11096,0.11096,0.11096,0.11096,0.1248,0.11096,0.502,0.11096,0.11096,0.11096,0.11096,0.11096,0.11096,0.11096,0.11096,0.11096,0.11096,0.7036,0.147,0.11096,0.9277,0.313,0.11096,0.11096,0.11096,0.11096,0.11096,0.11096,0.1857,0.11096,0.1057,0.11096,0.11096,0.11096,0.1505,0.1153,0.11096,0.269,0.11096,0.11096,0.1648,0.11096,0.1375,0.11096,0.11096,0.11096,0.11096,0.11096,0.08374,0.11096,0.1293,0.709,0.09686,0.6714,0.11096,0.656,0.11096,0.11096,0.2079,0.11096,0.11096,0.572,0.3684,0.11096,0.11096,0.11096,0.11096,0.11096,0.11096,0.11096,0.11096,0.1083,0.11096,0.11096,0.3784,0.3123,0.11096,0.11096,0.11096,0.2827,0.77,0.11096,0.11096,0.11096,0.11096,0.0846,0.11096,0.11096,0.11096,0.11096,0.643,0.11096,0.4011,0.11096,0.5063,0.11096,0.11096,0.11096,2.182,0.11096,0.1378,0.11096,0.928,1.004,0.11096,0.11096,0.2512,0.11096,0.11096,0.11096,0.2013,0.11615,0.5986,0.11096,0.11096,0.11096,0.11096,0.11096,0.11096,0.11096,0.3418,0.11096,0.11096,0.11096,0.849,0.11096,0.11096,0.11096,1.144,0.11096,0.2141,0.205,0.11096,0.11096,0.9277,0.11096,0.11096,0.6353,0.11096,0.1073,0.11096,0.11096,0.1738,0.11096,0.11096,0.142,0.2289,0.11096,0.11096,0.11096,0.11096,0.11096,0.11096,0.11096,0.11096,0.1017,0.11096,0.11096,0.1299,0.11096,0.11096,0.11096,0.11096,0.11096,0.11096,0.1009,0.09894,0.0949,0.11096,0.11096,0.11096,0.11096,0.11096,0.11096,0.638,0.1472,0.11096,0.5957,0.11096,0.11096,0.817,0.11096,0.4866,0.09045,0.10126,0.11096,0.11096,0.2222,0.11096,0.11096,0.11096,0.11096,0.11096,0.3508,0.11096,0.1908,0.11096,0.11096,0.11096,0.11096,0.11096,0.11096,0.11096,0.3154,0.627,0.11096,0.11096,0.11096,0.1344,0.11096,0.11096,0.11096,0.11096,0.11096,0.11096,0.11096,0.5796,0.11096,0.09644,0.1625,0.11096,0.11096,0.11096,0.2808,0.11096,0.11096,0.1048,0.11096,0.0988,0.1486,0.11096,2.033,0.11096,0.11096,0.4395,0.11096,0.8296,0.3076,0.6255,0.11096,0.11096,0.11096,0.11096,0.0923,0.1021,0.11096,0.11096,0.11096,0.1101,0.1009,0.11096,0.11096,0.11096,0.11096,0.3655,1.797,0.11096,0.11096,0.11096,1.123,0.07117,0.4216,0.1432,0.11096,0.11096,0.11096,0.11096,0.11096,0.9414,0.1392,0.11096,0.11096,0.3618,0.1996,0.10126,0.11096,0.0986,0.11096,0.11096,0.1395,0.11096,0.11096,0.11096,0.11096,0.11096,0.3196,0.11096,0.11096,0.11096,0.11096,0.10986,0.11096,0.11096,0.1109,0.9204,0.11096,0.11096,0.11096,0.11096,0.3481,0.11096,0.11096,0.10095,0.11096,0.11096,0.11096,0.11096,0.11096,0.11096,0.11096,0.4148,1.398,0.11096,0.10614,0.11096,0.2036,0.8174,1.869,0.11096,0.11096,0.11096,0.0864,0.1014,0.11096,0.11096,0.11096,0.11096,0.1021,0.11096,0.11096,0.4368,0.2883,0.11096,0.11096,0.11096,0.1498,0.11096,0.11096,0.8823,0.11096,0.10425,0.11096,0.11096,0.11096,0.11096,0.11096,0.11096,0.11096,0.11096,0.3254,0.1146,0.11096,0.11096,0.11096,0.11096,0.11096,0.11096,0.11096,0.1802,0.11096,0.11096,0.11096,0.11096,0.1013,0.11096,0.0914,0.11096,0.11096,0.11096,0.2502,0.12494,0.11096,0.1098,0.09454,0.11096,0.09106,0.11096,0.11096,0.11096,0.10077,0.1027,0.5073,0.11096,0.5137,0.3347,0.1555,0.11096,0.11096,0.11096,0.11096,0.11096,1.022,0.11096,0.2444,0.11096,0.11096,0.11096,0.11096,0.11084,0.11096,0.573,0.11096,0.3706,0.11096,0.976,0.11096,0.305,0.11096,0.12103,0.11096,0.2532,0.3333,0.11096,0.1028,0.11096,0.3738,0.11096,0.11096,0.0989,0.11096,0.11096,0.11096,0.159,0.11096,0.11096,0.11096,0.108,1.029,0.11096,0.11096,0.11096,0.0915,0.10156,0.11096,0.11096,0.11096,0.3777,0.11096,0.11096,0.5796,0.11096,0.11096,0.11096,0.118,0.11096,0.1189,0.11096,0.6436,0.11096,0.11096,0.11096,0.11096,0.11096,0.11096,0.1047,0.11096,0.1078,0.497,0.11096,0.11096,0.11096,0.11096,0.11096,0.1334,0.11096,0.11096,0.11096,0.11096,0.11096,0.63,0.11096,0.165,0.11096,0.1247,0.11096,0.11096,0.11096,0.11096,0.4246,0.11096,0.11096,0.11096,0.11096,0.11096,0.09094,0.11096,0.11096,0.11096,0.11096,0.11096,0.11096,0.11096,0.10364,0.445,0.11096,0.11096,0.11096,0.1032,0.6255,0.11096,0.08636,0.1147,0.2385,0.11096,0.11096,0.8477,0.11096,0.11096,0.1017,0.11096,0.1003,0.11096,0.11096,0.11096,0.11096,0.11096,0.1007,0.11096,0.10223,0.1266,0.11096,0.11096,0.11096,0.11096,0.11096,0.11096,0.11096,0.11096,0.11096,0.11096,0.159,0.11096,0.1935,0.305,0.11096,0.11096,0.11096,0.11096,0.5728,0.11096,0.2605,0.1339,0.11096,0.11096,0.11096,0.11096,0.11096,0.11096,0.11096,0.11096,0.11096,0.11096,0.11096,0.11096,0.2883,0.2148,0.795,0.11096,0.11096,0.2087,0.11096,1.827,0.11096,0.0824,0.11096,0.2128,0.11096,0.11096,0.11096,0.0737,0.7656,0.11096,0.308,0.11096,0.11096,0.0977,0.289,0.11096,0.11096,0.11096,0.494,0.0797,0.1165,0.11096,0.11096,0.11096,0.11096,0.11096,1.291,0.11096,0.11096,0.11096,0.506,0.0949,1.058,0.11096,0.11096,0.306,0.11096,0.11096,0.09045,0.11096,0.2983,0.1787,0.1827,0.1027,0.11096,0.122,0.11096,0.11096,0.11096,0.11096,0.11096,0.2179,0.11096,0.11096,0.11096,0.11096,0.11096,0.1158,0.097,0.11096,0.11096,0.2666,0.11096,0.11096,0.11096,0.11096,0.2466,0.308,0.5005,0.11096,0.11096,0.11096,0.1087,0.11096,0.11096,0.11096,0.4744,0.11096,0.11096,0.11096,0.1016,0.695,0.4702,0.11096,0.11096,0.2408,0.11096,0.11096,2.334,0.11096,0.11096,0.11096,0.11096,0.11096,0.11096,0.11096,0.1012,0.11096,0.10333,0.11096,0.11096,0.11096,0.11096,0.11096,0.11096,0.11096,0.1058,0.3682,0.11096,0.7393,0.11096,0.11096,0.09106,0.11096,0.11096,0.11096,0.476,0.1067,0.4097,0.11096,0.11096,0.1295,0.3186,0.4634,0.11096,0.11096,0.11096,0.11096,0.11096,0.506,0.2979,0.11096,0.2115,0.11096,0.11096,0.2446,0.11096,0.11096,0.11096,0.11096,0.4463,0.11096,0.11096,0.11096,0.6006,0.55,0.11096,0.11096,0.2021,0.11096,0.11096,0.11096,0.7046,0.2822,0.11096,0.11096,0.11096,0.11096,0.4343,0.11096,0.5864,0.11096,0.11096,0.11096,0.11096,0.11096,0.10956,0.11096,0.2075,0.11096,0.1696,0.2893,0.097,0.1417,0.11096,0.11096,0.11096,0.11096,0.11096,0.11096,0.11096,0.11096,0.11096,0.1301,0.1028,0.11096,0.3557,0.1249,0.11096,0.11096,0.1709,0.278,0.389,0.10205,0.2869,0.3318,0.11096,0.11096,0.1067,0.652,0.11096,0.11096,0.11096,0.11096,0.11096,0.11096,0.11096,1.537,0.259,0.11096,0.11096,0.11096,0.11096,0.11096,0.11096,0.1875,0.2201,0.11096,0.11096,0.11096,0.11096,0.11096,0.11096,0.1062,0.1022,0.11096,0.502,0.11096,0.11096,0.7397,0.4473,0.11096,0.1521,0.11096,0.2289,0.11096,0.11096,0.11096,0.1724,0.4902,0.9653,0.11096,0.6816,0.11096,0.2369,0.11096,0.11096,0.2264,0.11096,0.1322,0.11096,0.11096,0.11096,0.0961,0.11096,0.11096,0.3481,0.11096,0.1106,0.11096,0.11096,0.11096,0.11096,0.3066,0.11096,0.11096,0.11096,0.11096,0.11096,0.11096,0.11096,0.11096,0.11096,0.11096,0.11096,0.11096,0.11096,0.32,0.11096,0.2058,0.9307,0.0982,0.11096,0.39,0.11096,0.10004,0.11096,0.1028,0.10095,0.11096,0.11096,0.11096,0.251,0.11096,0.1152,0.11096,0.11096,0.11096,0.11096,0.11096,0.11096,0.11096,0.11096,0.09503,0.11096,0.641,0.11096,0.11096,0.11096,0.3904,0.9097,0.11096,0.0808,0.193,0.11096,0.11096,0.11096,0.11096,0.09326,0.0925,0.11096,0.11096,0.11096,0.11096,0.4753,0.11096,0.11096,0.1534,0.1292,0.11096,0.11096,0.11096,0.11096,0.10315,0.2374,0.11096,0.11096,0.11096,0.4656,0.11096,0.11096,0.11096,0.11096,0.11096,0.11096,0.11945,0.11096,0.1274,0.459,0.11096,0.11096,0.11096,0.11096,0.11096,0.11096,0.1278,0.11096,0.11096,0.1033,0.11096,0.11096,0.11096,0.4375,0.11096,0.11096,0.11096,0.11096,0.1029,0.11096,0.11096,0.11096,0.1028,0.1353,0.11096,0.11096,0.11096,0.11096,0.11096,0.10223,0.11096,0.471,0.11096,0.0939,0.11096,0.11096,0.3445,0.11096,0.101,0.1019,0.10614,0.11096,0.11096,0.11096,0.11096,0.11096,0.11096,0.1011,0.11096,0.11096,0.11096,1.503,0.2186,0.8354,0.099,0.11096,0.303,0.11096,0.11096,0.4297,0.11096,0.11096,0.11096,0.11096,0.1321,0.11096,0.3765,0.11096,0.11096,0.7485,0.4949,0.11096,0.281,0.11096,0.482,0.11096,0.11096,0.11096,0.10706,0.11096,0.2103,0.4233,0.314,0.11096,0.11096,0.10394,0.11096,0.2107,0.11096,0.11096,0.11096,0.11096,0.6353,0.11096,0.11096,0.2898,0.09375,0.11096,0.11096,0.11096,0.11096,0.11096,0.11096,0.11096,0.223,0.11096,0.1177,1.152,0.2174,0.11096,0.11096,0.11096,0.11096,0.6255,0.11096,0.11096,0.1053,0.11096,0.11096,0.2688,0.11096,0.11096,0.11096,0.11096,0.11096,0.11096,0.11096,0.2122,0.11096,0.0917,0.11096,0.0987,0.11096,0.11096,0.11096,0.1741,0.1587,0.11096,0.11096,0.11096,0.0909,0.11096,0.1067,0.10223,0.78,0.11096,0.523,0.2039,0.11096,0.11096,0.11096,0.11096,0.802,0.11096,0.24,0.11096,0.11096,0.11096,0.1201,0.1642,0.10156,0.1017,0.11096,0.11096,0.11096,0.326,0.10657,0.11096,0.11096,0.11096,0.11096,0.1029,0.1056,0.11017,0.11096,0.11096,0.649,0.11096,0.11096,0.11096,0.2335,0.11096,0.0674,0.823,0.11096,0.11096,0.11096,0.065,0.11096,0.11096,0.5586,0.9404,0.11096,0.1016,0.4458,0.1451,0.11096,0.11096,0.2793,0.11096,0.11096,0.11096,0.11096,0.10345,0.11096,0.10156,0.1384,0.2118,0.11096,0.11096,0.11096,0.179,0.11096,0.1699,0.11096,0.11096,0.11096,0.4016,0.1831,0.11096,0.11096,0.10254,0.11096,0.7607,1.245,0.11096,0.1068,0.11096,0.11096,0.11096,0.355,0.162,0.11096,0.11096,0.11096,0.11096,0.11096,0.11096,0.11096,0.1428,0.11096,0.821,1.238,0.11096,0.1749,0.2028,0.4932,0.11096,0.11096,0.11096,0.546,0.11096,0.11096,0.11096,0.1056,0.11096,0.11096,0.11096,0.11096,0.11096,0.2047,0.11096,0.11096,0.546,0.11096,0.11096,0.1033,0.11096,0.11096,0.11096,0.10126,0.11096,0.11096,0.11096,0.10223,0.185,0.11096,0.11096,1.472,0.11096,0.649,0.0906,0.11096,0.1054,0.11096,0.11096,0.0846,0.11096,0.11096,0.11096,0.7197,0.11743,0.11096,0.11096,0.34,0.1078,0.11096,0.1511,0.11096,0.11096,0.11096,0.785,0.11096,0.4414,0.11096,0.11096,0.515,0.632,0.11096,0.0803,0.11096,0.11096,0.3455,0.515,0.11096,0.11096,0.11096,0.11096,0.11096,0.11096,0.11096,0.11096,0.11096,0.11096,0.6553,0.11096,0.11096,0.11096,0.11096,0.1317,0.1063,0.2017,0.11096,0.09186,0.11096,0.11096,0.2788,0.11096,0.11096,0.5684,0.11096,0.11096,0.11096,0.11096,1.201,0.11096,0.1046,0.1041,0.11096,0.2069,0.0867,0.09674,0.11096,0.11096,0.11096,0.10956,0.104,0.91,0.7173,0.0826,0.11096,0.11096,0.2195,0.11096,1.315,0.11096,0.11096,0.1919,0.1481,0.335,0.2795,0.11096,0.2142,0.11096,0.11096,0.11096,0.11096,0.2028,0.11096,0.11096,0.11096,0.11096,0.1023,0.6953,0.11096,0.11096,0.101,0.11096,0.782,0.11096,0.11096,0.11096,0.11096,0.1011,0.11096,1.286,0.11096,0.11096,0.11096,0.11096,0.11096,0.1476,0.11096,0.11096,0.11096,0.11096,0.11096,0.11096,0.11096,0.0919,0.11096,0.11096,0.11096,0.11096,0.11096,0.11096,0.11096,0.11096,0.11096,0.09656,0.11096,0.11096,0.11096,0.11096,0.11096,0.11096,0.11096,0.11096,0.7876,0.11096,0.11096,0.11096,0.11096,0.4575,0.0954,0.11096,0.5547,0.09607,0.1069,0.11096,0.11096,0.0945,0.3167,0.11096,0.10315,0.634,0.0932,0.11096,1.255,0.11096,0.946,0.1236,0.11096,0.11096,0.11096,0.11884,0.08356,0.11096,0.11096,0.11096,0.11096,0.11096,0.11096,0.11096,0.11096,0.2493,0.11096,0.11096,0.11096,0.11096,0.11096,0.11096,0.11096,0.1073,0.11096,0.2478,0.11096,0.11096,0.4175,0.1482,0.11096,0.10736,0.11096,0.11096,0.11096,0.11096,0.11096,0.11096,0.11096,0.11096,0.11096,0.11096,0.11096,0.4966,0.10156,0.11096,0.1076,0.10114,0.2396,0.11096,0.11096,0.11096,0.11096,0.11096,0.11096,0.10297,0.11096,0.11096,0.11096,0.11096,0.11096,0.11096,0.1398,1.227,0.11096,0.11096,0.11096,0.11096,0.11096,0.11096,0.11096,0.11096,0.1077,0.11096,0.0901,0.11096,0.101,0.11096,0.11096,0.11096,0.11096,0.11096,0.093,0.11096,0.11096,0.2069,0.11096,0.5513,0.11096,0.11096,0.11096,0.11096,0.4163,0.11096,0.11096,0.10974,0.11096,0.11096,0.11096,0.11096,0.11096,0.11096,0.11096,0.1396,0.11096,0.11096,0.11096,0.11096,0.11096,0.10394,0.11096,0.11096,0.1037,0.11096,0.11096,0.1109,0.11096,0.11096,0.0883,0.10187,0.11096,0.11096,0.1076,0.667,0.11096,0.09143,0.11096,0.11096,0.11096,0.11096,0.11096,0.0902,0.11096,0.11096,0.11096,0.1802,0.11096,0.11096,0.11096,0.11096,0.11096,0.07935,0.11096,0.11096,0.1133,1.5625,0.11096,0.11096,0.11096,0.11096,0.10846,0.1058,0.11096,0.1064,0.11096,0.11096,0.1565,0.11096,0.11096,0.11096,0.11096,0.11096,0.11096,0.11096,0.08777,0.0929,0.07947,0.10315,0.1788,0.11096,0.11096,0.11096,0.11096,0.11096,0.09,0.11096,0.2695,0.11096,0.11096,0.11096,0.11096,0.11096,0.9165,0.11096,0.373,0.11096,0.11096,0.11096,0.11096,0.4805,0.11096,0.11096,0.11096,0.0778,0.11096,0.11096,0.10876,0.11096,0.11096,0.11096,0.1053,0.1844,0.11096,0.11096,0.08954,1.163,0.1023,0.11096,0.11096,0.09564,0.10486,0.11096,0.2988,0.11096,0.5166,0.11096,0.1118,0.0797,0.11096,0.3123,0.11096,0.1475,0.11096,0.11096,0.11096,0.11096,0.11096,0.1049,0.11096,0.11096,0.11096,0.11096,0.1827,0.5303,0.11096,0.11096,0.11096,0.11096,0.11096,0.10156,0.11096,0.11096,0.1631,0.103,0.11096,0.11096,0.11096,0.11096,0.11096,0.10815,0.11096,0.11096,0.11096,0.11096,0.11096,0.11096,0.11096,0.11096,0.11096,0.11096,0.11096,0.11096,0.11096,0.459,0.11096,0.2366,0.11096,0.1489,0.11096,0.11096,0.11096,0.11096,0.11096,0.2732,0.11096,0.11096,0.11096,0.10077,0.11096,0.5645,0.11096,0.11096,0.2285,0.11096,0.11096,0.11096,0.322,0.11096,0.11096,0.11096,0.11096,0.1295,0.11096,0.10864,0.11096,0.1674,0.4114,0.11096,0.11096,0.11096,0.11096,0.11096,0.11096,0.378,0.0719,0.11096,0.2888,0.11096,0.11096,0.11096,0.1768,0.10114,0.782,0.09485,0.11096,0.149,0.0848,0.11096,0.11096,0.11096,0.11096,0.3647,0.11096,0.11096,0.11096,0.11096,0.11096,0.11096,0.11096,0.11096,0.11096,0.11096,0.11096,0.11096,0.11096,0.8984,0.11096,0.11096,0.11096,0.11096,0.11096,0.11096,0.11096,0.11096,0.1095,0.1438,0.11096,0.153,0.11096,0.11096,0.11096,0.1139,0.11096,0.161,0.11096,0.11096,0.1237,0.07495,0.11096,0.11096,0.11096,0.11096,0.0953,0.11096,0.11096,0.1168,0.11096,0.11096,0.11096,0.11096,0.11096,0.1046,0.11096,0.11096,0.513,0.11096,0.11096,0.1931,0.1002,0.11096,0.11096,0.11096,0.10986,0.0972,0.11096,0.1354,0.11096,0.11096,0.1461,0.11096,0.12427,0.11096,0.11096,0.10236,0.11096,0.11096,0.0827,0.11096,0.11096,0.11096,0.11096,0.11096,0.11096,0.1357,0.11096,0.11096,0.11096,0.11096,0.0908,0.11096,0.11096,0.11096,0.11096,0.11096,0.1125,0.11096,0.11096,0.11096,0.11096,0.11096,0.11096,0.1002,0.11096,0.11096,0.11096,0.11096,0.11096,0.11096,0.11096,0.8604,0.3127,0.1416,0.11096,0.3928,0.11096,0.11096,0.11096,0.11096,0.11096,0.11096,0.11096,0.11096,0.11096,0.7197,0.11096,0.11096,0.11096,0.11096,0.11096,0.11096,0.11096,0.11096,0.11096,0.5967,0.11096,0.11096,0.11096,0.11096,0.11096,0.11096,0.11096,0.11096,0.11096,0.1403,0.1345,0.11096,0.11096,0.0974,0.11096,0.11096,0.11096,0.11096,0.11096,0.11096,0.11096,0.11096,0.11096,0.11096,0.11096,0.11096,0.11096,0.11096,0.11096,0.11096,1.342,0.334,0.11096,0.507,0.11096,0.11096,0.11096,0.11096,0.11096,0.5454,0.1295,0.11096,0.2018,0.11096,0.11096,0.1094,0.168,0.526,0.11096,0.11096,0.11237,0.11096,0.11096,0.11096,0.11096,2.098,0.11084,0.11096,0.11096,0.11096,0.11096,0.3582,0.2861,0.11096,0.0997,0.11096,0.11096,0.11096,0.11096,0.11096,0.11096,0.11096,0.11096,0.11096,0.11096,0.11096,0.11096,0.11096,0.11096,0.1653,0.11096,0.11096,0.11096,0.11096,0.11096,0.09155,0.11096,0.11096,0.1085,0.11096,0.11096,0.596,0.11096,0.11096,0.11096,0.2329,0.1228,0.126,0.11096,0.11096,0.1912,0.11096,0.11096,0.11096,0.11096,0.11096,0.0865,0.11096,0.2452,0.11096,0.11096,0.11096,0.11096,0.11096,0.11096,0.1128,0.11096,0.11096,0.11096,0.11096,0.11096,0.11096,0.11096,0.11096,0.11096,0.11096,0.11096,0.11096,0.11395,0.11096,0.11096,0.11096,0.11096,0.11096,0.11096,0.11096,0.10345,0.11096,0.11096,0.1103,0.11096,0.11096,0.11096,0.11096,0.1827,0.0894,0.11096,0.11096,0.1371,0.11096,0.9263,0.2712,0.11096,0.11096,0.11096,0.11096,0.11096,0.11096,0.564,0.11096,0.11096,0.08923,0.11096,0.11096,0.11096,1.401,0.11096,0.11096,0.11096,0.37,0.11096,0.11096,0.11096,0.1401,0.1514,1.266,0.11096,0.11096,0.11096,0.11096,0.1409,0.11096,0.08856,0.11096,0.1047,0.2673,0.11096,0.11096,0.1279,0.11096,0.11096,0.11096,0.10785,0.11096,0.11096,0.11096,0.11096,0.11554,0.11096,0.11096,0.8213,0.2727,0.11096,0.1067,0.11096,0.4346,0.11096,0.11096,0.11096,0.11096,0.11096,0.11096,0.1499,0.1152,0.11096,0.11096,0.11096,0.1309,0.11096,0.11096,0.6304,0.11096,0.3557,0.716,0.11096,0.2151,0.11096,0.11096,0.11096,0.11096,0.11096,0.10425,0.1222,1.306,0.11096,0.11096,0.11096,0.11096,0.2001,0.11096,0.1963,0.11096,0.1024,0.11096,0.1107,0.11096,0.11096,0.4224,0.11096,0.11096,0.11096,0.11096,0.101,0.11096,0.11096,0.11096,0.11096,0.11096,0.11096,0.11096,0.3564,0.11096,0.11096,0.0877,0.11096,0.103,0.11096,0.1295,0.11096,0.11096,0.11096,0.11096,0.0915,0.11096,0.11096,0.11096,0.11096,0.11096,0.19,0.5996,0.11096,0.2937,0.11096,0.2461,0.10095,0.1194,0.11096,0.3362,0.11096,0.11096,0.11096,0.3875,0.1049,0.11096,0.1444
14,0.10974,0.10974,0.4978,0.10974,0.5054,0.944,0.10974,0.10974,0.10974,0.10974,0.10974,0.10974,0.10974,0.10974,0.10974,0.10974,0.3877,0.581,0.10974,0.10974,0.10974,0.10974,0.2634,0.1199,0.10974,0.287,0.10974,0.2075,0.2595,0.0855,0.06976,0.10974,0.10974,0.10974,0.10974,0.474,0.10974,0.10974,0.10974,0.10974,0.10974,0.10974,0.2952,0.245,0.10974,0.10974,0.0874,0.10974,0.10974,2.031,0.10974,0.10974,0.09705,0.0834,0.10974,0.7046,0.09985,0.10974,0.6597,0.10974,0.743,0.10974,0.10974,0.1409,0.10974,0.10974,0.6978,0.10974,0.10974,0.10974,0.10974,0.10974,0.10974,0.10974,0.10974,0.676,0.10974,0.4075,0.10974,0.10974,0.10974,0.10974,0.10974,0.10974,0.2698,0.10974,0.10974,0.10974,0.10974,0.10974,0.10974,0.10974,0.527,0.2454,0.10974,0.08875,0.10974,0.1259,0.1871,0.1576,0.10974,0.10974,0.10974,0.10974,0.10974,0.10974,0.10974,0.10974,0.3164,0.10974,0.10974,0.10974,0.10156,0.10974,0.10974,1.349,0.1423,0.0994,0.10974,0.10974,0.3652,0.10974,0.10974,0.10974,0.10974,0.10974,0.10974,0.10974,0.10974,0.10974,0.10974,0.10974,0.10974,0.10974,0.10974,0.10974,0.10974,0.10974,0.08545,0.10974,0.10974,0.10974,0.10974,0.1632,0.10974,0.10974,0.10974,0.10974,0.10974,0.10974,0.0968,0.10974,0.10974,0.10974,0.10974,0.10974,0.10803,0.836,0.1088,0.1355,0.10974,0.4595,0.10974,0.1671,0.10974,0.10974,0.10974,0.10974,0.10974,0.1486,0.10974,0.10974,0.10974,0.10974,0.3757,0.10974,0.10974,0.669,0.1346,0.10974,0.10974,0.10974,0.10974,0.10974,0.10974,0.3928,0.10974,0.4702,0.10974,0.10974,0.10974,0.10974,0.10974,0.402,0.0806,0.10974,0.10974,0.10974,1.352,0.10974,0.1366,0.10974,0.10974,1.76,0.09045,0.1597,0.1042,0.10974,0.10974,0.4172,0.10974,0.0938,0.10974,0.10974,0.10974,0.1896,0.10974,0.10974,0.10974,0.10974,0.10974,0.87,0.63,0.10974,0.10974,0.10974,0.10974,0.10974,0.103,0.2239,0.1196,0.1042,0.2333,0.10974,0.10974,0.10974,0.356,0.10974,0.1004,0.10974,0.306,0.105,0.09265,0.10974,0.10974,0.10974,0.10016,0.10974,0.10974,0.0808,0.10974,0.1119,0.1032,0.8765,0.1816,0.4128,0.10974,0.10974,0.10974,0.1009,0.10974,0.10974,0.10974,0.10974,0.10974,0.1749,0.10974,0.3855,0.79,0.10974,0.07983,0.10974,0.10974,0.10974,0.10974,0.10974,0.10974,0.10974,0.10974,0.10144,0.10974,0.10974,0.10974,0.10974,0.10974,0.10974,0.10974,0.10974,0.10974,0.0961,0.10974,0.10974,0.10974,0.454,0.10974,0.10974,0.10974,0.10974,0.10974,0.10974,0.10974,0.2372,0.5054,0.10974,0.1043,0.585,0.10974,0.10974,0.10974,0.10974,0.1261,0.10974,0.10974,0.10974,0.1131,0.1298,0.10974,0.10974,0.10974,1.221,0.10974,0.10974,0.197,1.72,0.10974,0.10974,0.509,0.10974,0.10974,0.10974,0.10974,0.1045,0.10974,0.10974,0.10974,0.1421,0.3313,0.10974,0.10974,0.10974,0.10974,0.2659,0.3005,1.31,0.10974,0.10974,0.10767,0.10974,0.1042,0.10974,0.10974,0.10974,0.10974,0.102,0.08563,0.1067,0.1786,0.10974,0.10974,0.10974,1.194,0.1776,0.10974,0.1603,0.10974,0.10974,0.10974,0.7354,0.613,0.2333,0.10974,0.0984,0.10974,0.10974,0.1018,0.1448,0.10974,0.10974,0.10974,0.936,0.10974,0.10974,0.10974,1.141,0.10974,0.5913,0.10974,0.0999,0.10974,0.10974,0.10974,0.10974,0.10974,0.10974,0.114,0.10974,0.3884,0.10974,0.1824,0.10974,0.881,0.10974,0.10974,0.10974,0.1368,0.08484,0.1009,0.10974,0.10974,0.10974,0.0961,1.07,0.10974,0.10974,0.10974,0.10974,0.2239,0.10974,0.10974,0.10974,0.10974,0.10974,0.0924,0.10974,0.10974,0.08746,0.10974,0.10974,0.10974,0.10974,0.5596,0.10974,0.10974,0.10974,0.08453,0.10974,0.10974,0.10974,0.8677,0.10974,0.10974,0.10974,0.08093,0.10974,0.10974,0.10474,0.0976,0.10974,0.10974,0.10974,0.10974,0.10974,0.0956,0.10974,0.10974,0.10974,0.10974,0.10974,0.2239,0.10974,0.10974,0.10974,0.2913,0.10974,0.10974,0.10974,0.10974,0.10974,0.11334,0.10974,0.10974,0.10974,0.1726,0.10974,0.10974,0.10974,0.10974,0.10974,0.10547,0.10974,0.10974,0.6245,0.4238,0.10974,0.10974,0.10974,0.10974,0.082,0.10974,0.10974,0.10974,0.235,0.0912,0.10974,0.10974,0.10974,0.1061,0.10974,0.10376,0.10974,0.10974,0.10974,0.10974,0.10864,0.10974,0.10974,0.10974,0.2307,0.10974,0.10974,0.10974,0.10974,0.2057,0.0909,0.05698,0.10974,0.10974,0.10974,0.10974,0.10974,0.1832,0.10974,0.1093,0.4072,0.6997,0.10974,0.10974,0.10974,0.10974,0.10974,0.10974,0.10974,0.10974,0.10974,0.10974,0.10974,0.10974,0.10974,0.0429,0.10974,0.10974,0.10974,0.10974,0.1278,0.10974,0.364,0.10974,0.10974,0.0952,0.5493,0.10974,0.10974,0.10974,0.734,0.10974,0.648,0.10974,0.10974,0.10974,0.10974,0.10974,0.10974,0.10974,0.10974,0.10974,0.3623,0.10974,0.0895,0.0846,0.10974,0.10974,0.10974,0.10974,0.1719,0.10974,0.10974,0.805,0.10974,0.2542,0.10974,0.10974,0.10974,0.10974,0.10974,0.10974,0.10974,0.10974,0.10974,0.10974,0.10974,0.636,0.0657,0.10974,0.10974,0.10974,0.10974,0.10077,0.10974,0.10974,0.10974,0.10974,0.10974,0.10974,0.10974,0.10974,0.1758,0.10974,0.10974,0.1118,0.10974,0.898,0.10974,0.10974,0.1185,0.1447,0.545,0.10974,0.10974,0.579,0.10974,0.10974,0.10974,0.485,0.1742,0.14,0.3447,0.10974,0.10974,0.092,0.2827,0.10974,0.4204,0.11676,0.10974,0.10974,0.10974,0.4937,0.361,0.10974,0.10974,0.10974,0.10974,0.624,0.10974,0.10974,0.10974,0.10974,0.10974,1.202,0.10974,0.10974,0.10974,0.10974,0.2128,0.10974,0.55,0.10974,0.10974,0.10974,0.10974,0.1097,0.10974,0.31,0.10974,0.10974,0.10974,0.10974,0.05713,0.10974,0.648,0.10974,0.10974,0.10974,0.10974,0.10974,0.10974,0.10974,0.10974,0.4314,0.10974,0.10974,0.10974,0.10974,0.10974,0.3428,0.10974,0.10974,0.319,0.10974,0.10974,0.8057,0.09357,0.10974,0.10974,0.10974,0.10974,0.10974,0.5493,0.2522,0.095,0.10974,0.10974,0.10974,0.10974,0.10974,0.10974,0.1875,0.0995,0.1068,0.4734,0.10974,0.8784,0.10974,0.10974,0.10974,0.10974,0.10974,1.722,0.1615,0.10974,0.10974,0.10974,0.841,0.10974,0.10974,0.10974,0.10974,0.10974,0.746,0.10974,0.2942,0.12427,0.10974,0.10974,0.09796,0.10974,0.10974,0.2622,0.10974,0.10974,0.10974,0.10974,0.10974,0.10974,0.10974,0.10974,0.441,0.10974,0.10974,0.10974,0.10974,0.10974,0.665,0.659,0.10974,0.10974,0.10974,0.10974,0.10974,0.10974,0.10974,0.9624,0.10974,0.10974,0.10974,0.10974,0.10974,0.10974,0.7197,0.10974,0.1008,0.10974,0.8896,0.10974,0.1533,0.10974,0.1365,0.10974,0.10974,0.10974,0.10974,0.10974,0.10974,1.009,0.10974,0.10974,0.4382,0.10974,0.10974,0.4778,0.10974,0.10974,0.10974,0.10974,0.531,0.10974,0.10974,0.106,0.10974,0.10974,0.10974,0.10974,0.8813,0.10974,0.10974,0.10974,0.10974,0.10974,0.10974,0.10974,0.10974,0.10974,0.2966,0.10974,0.10974,0.1073,0.10974,0.10974,0.10974,1.479,0.10974,0.1085,0.0995,0.10974,1.1875,0.8027,0.10974,0.1246,0.10974,0.184,0.10974,0.10974,0.10974,0.10974,0.713,0.0793,0.10974,0.10974,0.09937,0.10254,0.10974,0.10974,0.671,0.10974,0.10974,0.10974,0.1036,0.10974,0.10974,0.10974,0.10974,0.10974,0.10187,0.10974,0.10974,0.10974,0.10974,0.10974,0.10974,0.10974,0.3022,0.10974,0.10974,0.10974,0.10974,0.2727,0.10974,0.0907,0.10974,0.10974,0.10974,0.10974,0.10974,0.10974,0.10974,0.10974,0.10974,0.10974,0.10974,0.10974,0.10974,0.10974,0.10974,0.7144,0.1486,0.3528,0.10974,0.10974,0.10974,0.10974,0.10223,0.10974,0.10974,0.6943,0.10974,0.10974,0.10974,0.337,0.10974,0.10974,0.09674,0.10974,0.46,0.10974,0.10376,0.10974,0.10974,0.10974,0.10016,0.10974,0.10974,0.3325,0.3896,0.0715,0.10974,0.10974,0.10974,0.10974,0.10974,0.10974,0.10974,0.10974,0.10974,0.10974,0.3982,0.10974,0.10974,0.10974,0.10974,0.3708,0.10974,0.10974,0.10974,0.10785,0.10974,0.10974,0.096,0.10974,0.161,0.0981,0.10974,0.9497,0.10974,0.107,0.4668,0.09485,0.0835,0.2406,0.10974,0.10974,0.10974,0.10614,0.10974,0.10974,0.10974,0.10974,0.10974,0.09314,0.10974,0.12335,0.10974,0.1062,0.1655,0.10974,0.10974,0.767,0.10974,0.1008,0.10974,0.10974,0.10974,0.10974,0.10974,0.10974,0.10974,0.10974,0.05692,0.10974,0.10974,0.10974,0.10974,0.10974,0.10974,0.10974,0.682,0.6304,0.10974,0.346,0.10974,0.10974,0.10974,0.0917,0.10974,0.10974,0.10974,0.10974,0.10974,0.10974,0.2126,0.10297,0.1059,0.10974,0.10504,0.10974,0.1858,0.10974,0.10974,0.3362,0.10974,0.07806,0.10974,0.10974,0.10974,0.10974,0.10974,0.10974,0.10974,0.10974,0.10974,0.10974,0.10974,0.6943,0.10974,0.0917,0.10974,0.7275,0.10974,0.827,0.10974,0.10974,0.10974,0.10974,0.787,0.10974,0.10974,0.5566,0.10974,0.095,0.10974,0.8735,0.4285,0.10974,0.10974,0.10974,0.10974,0.10974,0.10974,0.2551,0.10974,0.10974,0.10974,0.10974,0.10974,0.10974,0.0944,0.10974,0.6494,0.10974,0.3552,0.10974,0.10974,0.10974,0.10974,0.10974,0.10974,0.10974,0.3115,0.10974,0.10974,0.0969,0.10974,0.10974,0.10974,0.10974,0.08514,0.10974,0.4312,0.10974,0.10974,0.10974,0.10974,0.10974,0.10974,0.438,0.10974,0.10974,0.10974,0.10535,0.1054,0.10974,0.10974,0.10974,0.10974,0.10974,0.10974,0.10974,0.10364,0.10974,0.10974,0.10974,0.10974,0.10974,0.10974,0.3127,0.10974,0.10974,0.10974,0.10974,1.866,0.10974,0.10974,0.4387,0.10974,0.10974,0.3096,0.10974,0.10974,2.22,0.10974,0.10974,0.10974,0.104,0.10974,0.10974,0.10974,0.10974,0.10974,0.10974,0.10974,0.11365,0.10974,0.10974,0.10974,0.10974,0.10974,0.10974,0.07434,0.10974,0.10974,0.301,0.0932,0.10974,0.10974,0.10974,0.10974,0.10974,0.10974,0.10974,0.10974,0.10974,0.10974,0.10974,0.10974,0.10974,0.10974,0.10974,0.11865,0.10974,0.10974,0.10974,0.10974,0.10974,0.3003,0.09924,0.251,0.10974,0.10974,0.10974,1.048,0.104,0.10974,0.10974,0.4622,0.10974,0.10974,0.1051,0.1388,0.10974,0.532,0.10974,0.1028,0.2218,0.10974,0.10974,0.10974,0.10974,0.226,0.10974,0.10974,0.4329,0.10974,0.746,0.2333,0.10974,0.7173,0.10974,0.10974,0.10974,0.10974,0.10974,0.10974,0.10974,0.10974,0.10974,0.10974,0.10565,0.10974,0.0903,0.10974,0.0904,0.10974,0.10974,0.11816,0.1129,0.10974,0.10974,0.10974,0.0626,0.10974,0.516,0.5664,0.10974,0.10974,0.10974,0.8027,0.1034,0.10974,0.10974,0.1334,0.0974,0.10974,0.10974,0.2053,0.0834,0.10516,0.10974,0.10974,0.10974,0.10974,0.10974,0.10974,0.10974,0.10974,0.0806,0.10974,0.10974,0.10583,0.10974,0.10974,0.10974,0.10974,0.10974,0.10974,0.1655,0.10974,0.10974,0.10974,0.10974,0.10974,0.10974,0.10974,0.7446,0.10974,0.10974,0.10974,0.10974,0.10974,0.10974,0.10974,0.05,0.10974,0.10974,0.10974,0.10974,0.10974,0.1322,0.10974,0.10974,0.3342,0.10974,0.10974,0.09314,0.10974,0.10974,0.10974,0.10974,0.10095,0.10974,0.10974,0.10974,0.15,0.4893,0.09326,0.10974,0.10974,0.10974,0.10974,0.10974,0.10974,0.10974,0.10974,0.821,0.1042,0.10974,0.1063,0.2712,0.10974,0.10974,0.10974,0.10974,0.10974,0.11365,0.10974,0.10974,0.09863,0.10974,0.1033,0.1328,0.10974,0.10974,0.10974,0.10974,0.1032,0.10974,0.1098,0.10974,0.10187,0.10974,0.10974,0.09546,0.10974,0.10974,0.4624,0.10974,0.1011,0.10974,0.1985,0.10974,0.10974,0.10974,0.3599,0.10974,0.1266,0.10974,0.10974,0.10974,0.7,0.10974,0.10974,0.10974,0.10974,0.1106,0.09436,0.10974,0.10974,0.10974,0.10974,0.10974,0.10974,0.10974,0.10974,0.10974,0.0996,0.1768,0.10974,0.1095,0.882,0.10974,0.636,0.10974,0.10974,0.10974,0.10974,0.10974,0.10974,0.10974,0.10974,0.10974,0.10974,0.10974,0.10974,0.10974,0.10974,0.1458,0.10974,0.1087,0.10974,0.10974,0.10974,0.10974,0.10974,1.952,0.10974,0.10974,0.10974,0.10974,0.10974,0.10974,0.2378,0.10974,0.10974,0.10974,0.10974,0.10974,0.10974,0.10974,0.10974,0.10974,0.10974,0.1048,0.10974,0.2654,0.10974,1.68,0.10974,0.10974,0.10974,0.10974,0.0875,0.0951,0.1383,0.6167,0.10974,1.059,0.10974,0.10974,0.07983,0.0917,0.2457,0.10974,0.10974,0.10974,0.1515,1.436,0.10974,0.10974,0.0991,0.10974,0.10974,0.10974,0.10974,0.10974,0.10974,0.0945,0.3044,0.10974,0.10974,0.10974,0.10974,0.10974,0.10974,0.10974,0.10974,0.5044,0.10974,0.10974,0.10974,0.10974,0.10974,0.657,0.0757,0.10974,0.10974,0.10974,0.10077,0.10974,0.10974,0.0985,0.10974,0.2708,0.6436,0.10974,0.0885,0.10974,0.2612,0.10974,0.10974,0.10974,0.509,0.10974,0.10974,0.10974,0.1768,0.10974,0.12366,0.10974,0.507,0.1449,0.10974,0.10974,0.7456,0.10974,0.10974,0.10974,0.5947,0.3882,0.10974,0.34,0.1016,0.10974,0.4277,0.10974,0.10974,0.10974,0.10974,0.10974,1.037,0.0564,0.5103,0.10974,0.10974,0.10974,0.10974,0.09827,0.10974,0.0697,0.10974,0.10974,0.10974,0.10974,0.10974,0.217,0.10974,0.10974,1.7295,0.197,0.10974,0.10974,0.4695,0.10974,0.1537,0.10974,0.10974,0.0961,0.10974,0.694,0.10974,0.1759,0.1758,0.10974,0.10974,0.0725,0.1026,0.10974,0.9404,0.10974,0.205,0.10974,0.10974,0.10974,0.10974,0.10974,0.10974,0.10974,0.10974,0.3508,0.10974,0.1167,0.10974,1.041,0.10974,0.10974,0.10974,0.10974,0.10974,0.3235,0.10974,0.10345,0.10974,0.10974,0.10974,0.10974,0.188,0.10333,0.10974,0.938,0.10974,0.09576,0.10974,0.10974,0.10974,0.10974,0.10974,0.10974,0.10974,1.6045,0.10974,0.10974,0.10974,0.10693,0.10974,0.10974,0.3965,0.10974,0.10974,0.10974,0.10974,0.10974,0.10974,0.1066,0.4385,0.10974,0.10974,0.1063,0.10974,0.10974,0.10974,0.10974,0.10974,0.095,0.3562,0.10974,0.10974,1.282,0.10974,0.10974,0.10974,0.10974,0.10974,0.10974,0.10974,0.10974,0.10974,0.10974,0.10974,0.10974,0.10974,0.10974,2.277,0.1137,0.097,0.10974,0.10974,0.1442,0.10974,0.10974,0.1037,0.10974,1.249,0.3018,0.10974,0.10974,0.1522,0.07434,0.10974,0.10974,0.10974,0.1169,0.10657,0.10974,0.06573,0.10974,0.10974,0.10974,0.07355,0.235,0.10974,0.1021,0.1903,0.11005,0.10974,0.10974,0.2284,0.1085,0.4243,0.10974,0.4282,0.3364,0.09155,0.10974,0.0911,0.10974,0.10974,0.10974,1.074,0.1052,0.10254,0.2001,0.10974,0.10974,1.004,0.10974,0.10974,0.10974,0.10974,0.10974,0.10974,0.1053,0.328,0.10974,1.612,0.10974,0.10974,0.10974,0.2468,0.10974,0.10974,0.10974,0.10974,0.10974,0.10974,0.3418,0.1292,0.448,0.1073,0.10974,0.1831,0.10974,0.10974,0.1797,0.10974,0.10974,0.10724,0.10974,0.10974,0.10974,0.09314,0.5396,0.10974,0.10974,0.10974,0.1255,0.10974,0.10974,0.10974,0.10974,0.10974,0.10974,0.10974,0.10974,0.10974,0.0821,0.10974,0.09985,0.10974,0.10974,0.10974,0.10974,0.10974,0.0831,0.603,0.10974,0.10974,0.09845,0.10974,0.10974,0.2137,0.2494,1.282,0.10974,0.10974,0.1377,2.2,0.10974,0.10974,0.10974,0.10736,0.10974,0.10974,0.10974,0.10974,0.0936,0.10974,0.0829,0.10974,0.10974,0.10974,0.1014,0.10974,0.10974,0.10974,0.10974,0.10974,0.10974,0.10974,0.2788,0.0992,0.1315,0.10974,0.10974,0.0972,0.1362,0.10974,0.958,0.10974,0.10974,0.2842,0.10974,0.2094,0.8145,0.10974,0.252,0.10974,0.10974,0.10974,0.10974,0.10974,0.10974,0.10974,0.10974,0.10974,0.10974,0.12396,0.10974,0.10974,0.10974,0.10974,0.10974,0.1084,0.07336,0.11566,0.10974,0.4263,0.1151,0.10974,0.3335,0.10974,0.10974,0.111,0.10974,0.10974,0.10974,0.2515,0.10095,0.10974,0.10974,0.10974,0.10974,0.10974,0.2834,0.10974,0.10974,0.10974,0.07855,0.10974,0.10974,0.1688,0.10974,0.10974,0.10974,0.4087,0.10974,0.08813,0.10974,0.10974,0.10974,0.10974,0.10974,0.10974,0.10974,0.10974,0.1041,0.10974,0.1434,0.072,0.10974,0.10974,0.10974,0.10974,0.10974,0.10974,0.0968,0.10974,0.3542,0.0767,0.10974,0.10974,0.10974,0.10974,0.10974,0.2411,0.10974,0.10974,0.10974,0.10974,0.10974,0.10974,0.0832,0.10974,0.10974,0.10974,0.10114,0.10974,0.10974,1.16,0.3547,1.124,0.10974,0.10974,0.10974,0.10974,0.10974,0.10974,0.1667,0.0974,0.10974,0.673,0.2435,0.563,0.10974,0.9067,0.09656,0.10974,0.1,0.1014,0.10974,0.6875,0.0966,0.10974,1.069,0.10974,0.10974,0.10974,0.10974,0.10974,0.10974,0.07684,0.10974,1.428,0.10974,0.6177,0.1026,0.10974,0.10974,0.10974,0.10974,0.10974,0.10974,0.10974,0.4377,0.10974,0.09924,0.10974,0.1389,0.10974,0.10974,0.10974,0.9893,0.2673,0.284,0.10974,0.259,0.10974,0.10974,0.10974,0.2534,0.10974,0.10974,0.10974,0.10974,0.10974,0.10974,0.10974,0.09656,0.10974,0.154,0.10974,0.10974,0.10974,0.10974,0.10834,0.488,0.10974,0.10974,0.10974,0.10974,0.10974,0.10974,0.4695,0.092,0.8525,0.384,0.10974,0.10974,0.10974,0.1747,0.8354,0.10974,0.07196,0.10974,0.0936,0.10974,0.10974,0.10974,0.10974,0.10974,0.10974,0.10974,0.10974,0.10974,0.11176,0.10974,0.4766,0.10974,0.10974,0.10974,0.10974,0.10974,0.10974,0.10974,0.10974,0.10974,0.10974,0.5405,0.3972,0.10974,0.5483,0.2437,0.10974,0.10974,0.10974,0.10974,0.10974,0.10974,0.0821,0.10974,0.0914,0.10974,0.10974,0.10974,0.0857,0.1001,0.10974,0.31,0.08466,0.10974,0.3892,0.10974,0.1871,0.10974,0.10974,0.10974,0.10974,0.10974,0.0995,0.10974,0.1192,0.5337,0.3325,0.7954,0.10974,0.7134,0.10974,0.10974,0.2421,0.10974,0.10974,0.476,0.1829,0.10974,0.1011,0.10974,0.10974,0.10974,0.10974,0.10974,0.10974,0.0985,0.10974,0.10974,0.1824,0.3582,0.10974,0.10974,0.10974,0.2135,0.7373,0.10974,0.10974,0.10974,0.10974,0.10974,0.10974,0.10974,0.10974,0.10974,0.5557,0.10974,0.329,0.10974,0.373,0.10974,0.10974,0.10974,2.027,0.10974,0.0959,0.10974,1.412,1.128,0.10974,0.10974,0.729,0.10974,0.10974,0.10974,0.084,0.08685,0.1211,0.10974,0.10974,0.10974,0.10974,0.10974,0.10974,0.10974,0.4976,0.10974,0.10974,0.10974,0.7476,0.10974,0.10974,0.10974,1.048,0.10974,0.0967,0.10974,0.10974,0.10974,1.037,0.1068,0.10974,0.3193,0.1058,0.10974,0.10974,0.10974,0.1019,0.10974,0.10974,0.1605,0.301,0.10974,0.10974,0.10974,0.10974,0.10974,0.09576,0.10974,0.10974,0.10974,0.10974,0.10974,0.1802,0.10974,0.10974,0.10974,0.10974,0.10974,0.10974,0.10974,0.1037,0.10974,0.10974,0.10974,0.10974,0.10974,0.10974,0.10974,0.755,0.1078,0.10974,0.863,0.10974,0.10974,0.5854,0.09985,0.366,0.08344,0.0686,0.10974,0.1018,0.4707,0.10974,0.10974,0.10974,0.10974,0.10974,0.1888,0.10974,0.10486,0.10974,0.10974,0.10974,0.10974,0.10974,0.10974,0.10974,0.10944,0.4321,0.10974,0.10974,0.10974,0.10974,0.10974,0.10974,0.10974,0.10974,0.09924,0.10974,0.10974,0.6265,0.10974,0.05933,0.2168,0.10974,0.10974,0.10974,0.3193,0.10974,0.10974,0.09546,0.10974,0.10974,0.08484,0.10974,2.139,0.10974,0.10974,0.672,0.10974,1.111,0.425,0.711,0.10974,0.10974,0.10974,0.10974,0.1086,0.08484,0.10974,0.1054,0.10974,0.10974,0.10974,0.10974,0.10974,0.10974,0.10974,0.6455,1.658,0.10974,0.10974,0.10974,1.023,0.10974,0.279,0.1564,0.10974,0.10974,0.10974,0.10974,0.10974,0.816,0.09674,0.10974,0.10974,0.5186,0.0879,0.10974,0.10974,0.1101,0.10974,0.10974,0.0984,0.10974,0.10974,0.10974,0.10974,0.10974,0.0807,0.10974,0.10974,0.10974,0.10974,0.10974,0.10974,0.10974,0.08954,0.5566,0.10974,0.10974,0.10974,0.10974,0.06854,0.10974,0.10974,0.10974,0.10974,0.10974,0.10974,0.10974,0.10974,0.10974,0.10974,0.364,1.462,0.10974,0.10974,0.10974,0.117,0.702,1.761,0.10974,0.10974,0.10974,0.10974,0.0924,0.10974,0.10974,0.10974,0.10974,0.10974,0.10974,0.10974,0.3928,0.3325,0.10974,0.10974,0.10974,0.1101,0.081,0.10974,1.129,0.10974,0.146,0.10974,0.10974,0.10974,0.10974,0.10974,0.10974,0.10974,0.10974,0.2566,0.1724,0.10974,0.10974,0.10974,0.10974,0.10974,0.10974,0.10974,0.1113,0.10974,0.10974,0.10974,0.10974,0.10974,0.10974,0.138,0.10974,0.10974,0.10974,0.437,0.09094,0.10974,0.10974,0.1699,0.10974,0.10974,0.10974,0.10974,0.10974,0.10974,0.10974,0.526,0.10974,0.5493,0.2234,0.08984,0.09735,0.10974,0.10974,0.10974,0.10974,0.4297,0.1007,0.1658,0.10974,0.10974,0.10974,0.10974,0.10974,0.10974,0.611,0.10974,0.4019,0.10974,1.073,0.10974,0.0926,0.10974,0.1542,0.10974,0.2622,0.4746,0.10974,0.10974,0.10974,0.4946,0.10974,0.10974,0.1588,0.10974,0.10974,0.10974,0.06433,0.10974,0.10974,0.10974,0.0931,0.651,0.10974,0.10974,0.10974,0.10974,0.1034,0.10974,0.10974,0.10974,0.2008,0.10974,0.10974,0.3625,0.10974,0.10974,0.10974,0.10974,0.10974,0.0887,0.10974,0.7397,0.10974,0.10974,0.0967,0.10974,0.10974,0.10974,0.08093,0.10974,0.0917,0.825,0.10974,0.10974,0.10974,0.10974,0.10974,0.10974,0.10974,0.10974,0.10974,0.10974,0.10974,0.7065,0.10974,0.1195,0.10974,0.10974,0.10974,0.10974,0.10974,0.10974,0.0968,0.10974,0.10974,0.10974,0.10974,0.10974,0.10974,0.10974,0.10974,0.10974,0.10974,0.10974,0.10974,0.10974,0.102,0.1846,0.10974,0.10974,0.10974,0.08154,0.582,0.10974,0.0787,0.0869,0.388,0.10974,0.10974,0.6157,0.10974,0.10974,0.1616,0.10974,0.10974,0.10974,0.10974,0.10974,0.10974,0.10974,0.10974,0.10974,0.1019,0.1089,0.10974,0.10974,0.1008,0.10974,0.10974,0.10974,0.10974,0.10974,0.10974,0.10974,0.126,0.10974,0.3386,0.1041,0.10974,0.10974,0.10974,0.10974,0.5513,0.10974,0.1367,0.1133,0.10974,0.10974,0.10974,0.1008,0.10974,0.10974,0.10974,0.10974,0.10974,0.10974,0.10974,0.10974,0.527,0.1393,0.7183,0.10974,0.10974,0.102,0.10974,2.162,0.10974,0.1453,0.10974,0.2698,0.10974,0.10974,0.10974,0.1078,0.6025,0.10974,0.1907,0.10974,0.1053,0.09607,0.10156,0.10974,0.10974,0.10974,0.538,0.08923,0.1027,0.10974,0.10974,0.10974,0.10974,0.10974,1.605,0.10974,0.10974,0.10974,0.585,0.09784,1.03,0.10974,0.10974,0.08307,0.10974,0.10974,0.10974,0.10974,0.2236,0.1438,0.1008,0.1127,0.10974,0.10974,0.10974,0.10974,0.10974,0.10974,0.10974,0.387,0.10974,0.10974,0.10974,0.10974,0.10974,0.11053,0.1108,0.10974,0.10974,0.3696,0.10974,0.10974,0.10974,0.10974,0.3035,0.1543,0.5454,0.10974,0.10974,0.10974,0.10974,0.10974,0.10974,0.10974,0.4846,0.10974,0.10974,0.10974,0.1017,0.6045,0.1975,0.10974,0.10974,0.4888,0.10974,0.10974,2.395,0.10974,0.10974,0.10974,0.10974,0.10974,0.10974,0.10974,0.09247,0.10974,0.0858,0.10974,0.10974,0.10974,0.10974,0.10974,0.10974,0.10974,0.10974,0.3853,0.10974,0.2705,0.10974,0.10974,0.09,0.10974,0.10974,0.10974,0.4116,0.10974,0.4956,0.10974,0.10974,0.1584,0.0953,0.5244,0.10974,0.10974,0.10974,0.10974,0.10974,0.1844,0.1638,0.10974,0.08386,0.10974,0.10974,0.4033,0.10974,0.10974,0.10974,0.10974,0.2472,0.10974,0.10974,0.10974,0.2416,0.4563,0.10974,0.10974,0.10974,0.10974,0.10974,0.10974,0.787,0.249,0.10974,0.109,0.10974,0.10974,0.1676,0.10974,0.2233,0.10974,0.10974,0.10974,0.10974,0.10974,0.1074,0.10974,0.323,0.10974,0.1115,0.2422,0.03928,0.0877,0.10974,0.10974,0.10974,0.10974,0.10974,0.10974,0.10974,0.10974,0.10974,0.105,0.09467,0.10974,0.4438,0.0884,0.10974,0.10974,0.5854,0.1514,0.3904,0.10974,0.2686,0.311,0.10974,0.10974,0.1034,0.7495,0.10974,0.1036,0.10974,0.10974,0.10974,0.10974,0.10974,1.075,0.174,0.10974,0.10974,0.10974,0.10974,0.10974,0.10974,0.1641,0.1554,0.10974,0.10974,0.10974,0.10974,0.10974,0.10974,0.0986,0.10004,0.10974,0.57,0.10974,0.10974,0.9355,0.4858,0.10974,0.0908,0.10974,0.5093,0.10974,0.10974,0.10974,0.10974,0.578,0.761,0.10974,0.5146,0.1115,0.4094,0.10974,0.10974,0.3145,0.10974,0.10974,0.10974,0.10974,0.10974,0.11206,0.10974,0.10974,0.541,0.10974,0.281,0.10974,0.10974,0.10974,0.10974,0.1032,0.10974,0.10974,0.10974,0.1008,0.10974,0.10974,0.10974,0.10974,0.10974,0.10974,0.10974,0.10974,0.10974,0.2908,0.10974,0.1978,0.867,0.10974,0.10974,0.2166,0.10974,0.11914,0.10974,0.10974,0.10974,0.10974,0.10974,0.09955,0.11774,0.10974,0.10974,0.10974,0.10974,0.10974,0.10974,0.10974,0.10974,0.0956,0.10974,0.09045,0.10974,0.627,0.10974,0.1058,0.10974,0.38,0.6953,0.10974,0.09845,0.3872,0.10974,0.10974,0.10974,0.10974,0.09863,0.08734,0.10974,0.10974,0.10974,0.10974,0.3684,0.10974,0.10974,0.2201,0.07196,0.10974,0.10974,0.10974,0.10974,0.05722,0.0671,0.10974,0.10974,0.10974,0.1741,0.10974,0.10974,0.10974,0.10974,0.10974,0.10974,0.0891,0.10974,0.108,0.312,0.10974,0.10974,0.10974,0.10974,0.10974,0.10974,0.2122,0.10974,0.10974,0.10974,0.10974,0.10974,0.10974,0.38,0.10974,0.10974,0.10974,0.10974,0.09314,0.10974,0.10974,0.10974,0.11554,0.09534,0.10974,0.10974,0.10974,0.10974,0.10974,0.10974,0.10974,0.555,0.10974,0.1,0.10974,0.10974,0.3577,0.10974,0.10767,0.09656,0.0784,0.10974,0.10974,0.1094,0.10974,0.10974,0.10974,0.1702,0.10974,0.10974,0.10974,1.61,0.0791,0.663,0.11914,0.10974,0.141,0.10974,0.10974,0.303,0.10974,0.10974,0.10974,0.10974,0.2798,0.10974,0.366,0.10974,0.10974,0.715,0.1997,0.10974,0.4377,0.10974,0.2006,0.10974,0.10974,0.10974,0.10974,0.0994,0.11414,0.3313,0.1816,0.10974,0.10974,0.1691,0.10974,0.1006,0.1024,0.10974,0.10974,0.10974,0.3335,0.10974,0.10974,0.3716,0.10974,0.10974,0.10974,0.10974,0.10974,0.10974,0.10974,0.10974,0.1932,0.10974,0.1008,0.941,0.10046,0.10974,0.10974,0.10974,0.10974,0.761,0.10974,0.10974,0.10974,0.10974,0.10974,0.1003,0.10974,0.10974,0.10974,0.10974,0.10974,0.10974,0.10974,0.2542,0.10974,0.0772,0.10974,0.10974,0.10974,0.10974,0.10974,0.6445,0.0751,0.10974,0.10974,0.10974,0.0976,0.10974,0.10974,0.10974,0.828,0.10974,0.4968,0.0851,0.10974,0.10974,0.10974,0.10974,0.8833,0.10974,0.5044,0.10974,0.10974,0.10974,0.10974,0.10974,0.0866,0.10974,0.10974,0.10974,0.10974,0.3135,0.11414,0.10974,0.10974,0.10974,0.10974,0.10974,0.10974,0.10974,0.10974,0.10974,0.644,0.10974,0.10974,0.10974,0.1282,0.10974,0.1313,0.647,0.10974,0.10974,0.10974,0.099,0.10974,0.10974,0.2715,0.742,0.10974,0.10974,0.48,0.10974,0.10974,0.1028,0.1034,0.10974,0.09875,0.10974,0.10974,0.12354,0.10974,0.10974,0.0936,0.1207,0.10974,0.10974,0.10974,0.2025,0.10974,0.3228,0.10974,0.10974,0.10974,0.4487,0.2417,0.10974,0.10974,0.1088,0.10974,0.803,0.8086,0.10974,0.10974,0.10974,0.10974,0.10974,0.3035,0.10974,0.1065,0.10974,0.10974,0.0901,0.10974,0.10974,0.08624,0.1975,0.10974,0.7793,1.467,0.10974,0.2827,0.3755,0.665,0.10974,0.10974,0.10974,0.4321,0.10974,0.10974,0.10974,0.2467,0.10974,0.10974,0.10974,0.10974,0.10974,0.1809,0.10974,0.10974,0.5664,0.10974,0.10974,0.10114,0.10974,0.10974,0.10974,0.07996,0.10974,0.10974,0.10974,0.10974,0.2275,0.0956,0.10974,1.172,0.10974,0.513,0.1323,0.10974,0.1067,0.10974,0.10974,0.0858,0.10974,0.10974,0.10974,0.07733,0.0914,0.10974,0.10974,0.2317,0.10974,0.10974,0.1375,0.10974,0.10974,0.10974,0.7524,0.10974,0.4414,0.10974,0.10974,0.416,0.4397,0.10974,0.10974,0.10974,0.10974,0.2028,0.5205,0.10974,0.10974,0.10974,0.10974,0.10974,0.10974,0.10974,0.1018,0.10974,0.10974,0.4348,0.10974,0.10974,0.10974,0.10974,0.10974,0.10974,0.2496,0.10974,0.10974,0.1062,0.10974,0.593,0.10974,0.10974,0.792,0.10974,0.10974,0.10974,0.10974,1.043,0.10974,0.11273,0.08997,0.10974,0.4363,0.10693,0.10974,0.10974,0.10974,0.10974,0.10974,0.3152,0.6587,0.6797,0.1254,0.10974,0.10974,0.1038,0.10974,1.265,0.10974,0.10974,0.0884,0.1332,0.353,0.451,0.10974,0.08325,0.10974,0.10974,0.10974,0.10974,0.05637,0.10974,0.10974,0.10974,0.10974,0.1925,0.9224,0.10974,0.10974,0.10974,0.10974,0.907,0.1077,0.10974,0.10974,0.10974,0.08386,0.10974,1.183,0.10974,0.106,0.10974,0.10974,0.10974,0.09875,0.10974,0.10974,0.10974,0.1077,0.10974,0.10974,0.10974,0.1456,0.10974,0.10974,0.10974,0.10974,0.10974,0.10974,0.10974,0.10974,0.10974,0.10974,0.10974,0.10974,0.10974,0.10974,0.10974,0.10974,0.10974,0.10974,0.3567,0.10974,0.0701,0.10974,0.10974,0.1848,0.10974,0.10974,0.6504,0.1078,0.10974,0.10974,0.10974,0.10974,0.3992,0.10974,0.07983,0.5146,0.10974,0.0895,1.508,0.10974,0.713,0.0848,0.10974,0.1093,0.10974,0.1694,0.0765,0.10974,0.10974,0.10974,0.10974,0.10974,0.10974,0.10974,0.10974,0.1826,0.10974,0.10974,0.10974,0.10974,0.10974,0.10974,0.10974,0.10315,0.10974,0.3867,0.10974,0.10974,0.0804,0.173,0.10974,0.10974,0.10974,0.10974,0.10974,0.10974,0.10974,0.10974,0.10974,0.10974,0.10974,0.10974,0.10974,0.4683,0.10974,0.10974,0.0913,0.1078,0.1898,0.10974,0.10974,0.10974,0.10974,0.10974,0.10974,0.10474,0.10974,0.10974,0.10974,0.10974,0.10974,0.10974,0.1537,1.424,0.10974,0.10974,0.10974,0.08875,0.10974,0.10974,0.10974,0.10974,0.10126,0.10974,0.10974,0.10974,0.10974,0.10974,0.10974,0.10974,0.10974,0.10974,0.10974,0.10974,0.10974,0.5723,0.10974,0.5312,0.10974,0.10974,0.10974,0.10974,0.5454,0.10974,0.10974,0.08716,0.10974,0.10974,0.10974,0.10974,0.10974,0.10974,0.10974,0.27,0.10974,0.10034,0.10974,0.1024,0.10974,0.1093,0.10974,0.10974,0.10394,0.10974,0.10974,0.09265,0.10974,0.10974,0.2861,0.10974,0.10974,0.10974,0.10974,0.6016,0.10974,0.2754,0.10974,0.10974,0.10974,0.10974,0.10974,0.0839,0.10187,0.10974,0.10974,0.0995,0.10974,0.10974,0.10974,0.10974,0.10974,0.1063,0.10974,0.10974,0.10974,1.667,0.10974,0.10974,0.10974,0.10974,0.10974,0.1009,0.10974,0.1071,0.10974,0.10974,0.1282,0.10974,0.10974,0.10974,0.10974,0.10974,0.10974,0.10974,0.0747,0.073,0.09546,0.10974,0.10583,0.10974,0.10974,0.10974,0.10974,0.10974,0.2817,0.10974,0.1713,0.10974,0.10974,0.10974,0.10974,0.10974,0.8716,0.10974,0.4468,0.10974,0.10974,0.10974,0.10974,0.2314,0.10974,0.10974,0.10974,0.2148,0.10974,0.10974,0.10974,0.10974,0.10974,0.10974,0.1848,0.09607,0.10974,0.10974,0.1343,1.282,0.0983,0.10974,0.10974,0.103,0.105,0.10974,0.1833,0.10974,0.4814,0.10974,0.10974,0.07635,0.10974,0.6577,0.10974,0.3633,0.10974,0.10974,0.10974,0.10974,0.10974,0.10974,0.10974,0.10974,0.10974,0.10974,0.2368,0.6475,0.10974,0.10974,0.10974,0.10974,0.10974,0.1091,0.10974,0.10974,0.10974,0.0995,0.10974,0.10974,0.10974,0.10974,0.10974,0.0994,0.10974,0.10974,0.10974,0.10974,0.10974,0.10974,0.10974,0.10974,0.10974,0.10974,0.10974,0.10974,0.10974,0.4604,0.10974,0.1534,0.10974,0.2966,0.10974,0.10974,0.10974,0.10974,0.10974,0.0593,0.10974,0.10974,0.10516,0.10974,0.10974,0.3484,0.10974,0.10974,0.3098,0.10974,0.10974,0.10974,0.279,0.10974,0.0966,0.10974,0.10974,0.10974,0.10974,0.09106,0.10974,0.1843,0.3337,0.09955,0.10974,0.10974,0.10974,0.10974,0.10974,0.6255,0.103,0.10974,0.1263,0.10974,0.10974,0.10974,0.267,0.11774,0.6865,0.1005,0.10974,0.4197,0.10364,0.10974,0.10974,0.10974,0.10974,0.3813,0.10974,0.10974,0.10974,0.094,0.10974,0.10974,0.10974,0.10974,0.10974,0.10974,0.10974,0.10974,0.10974,0.8633,0.10974,0.10974,0.10974,0.10974,0.10974,0.10974,0.10974,0.10974,0.10974,0.3625,0.10974,0.10974,0.10974,0.10974,0.10974,0.10974,0.10974,0.08856,0.10974,0.10974,0.1008,0.1503,0.10974,0.10974,0.10974,0.10974,0.10974,0.10974,0.10974,0.1004,0.10974,0.10974,0.10974,0.10974,0.10974,0.1511,0.10974,0.10974,0.2515,0.10974,0.10974,0.11945,0.10974,0.10974,0.10974,0.10974,0.10974,0.3289,0.10974,0.2642,0.10974,0.10974,0.0777,0.10974,0.089,0.10974,0.10974,0.10974,0.10974,0.10974,0.0751,0.10974,0.10974,0.10974,0.10974,0.10974,0.10974,0.10974,0.10974,0.10974,0.10974,0.10974,0.10187,0.10974,0.10974,0.10974,0.10974,0.10974,0.09906,0.10974,0.10974,0.10974,0.10974,0.10974,0.10974,0.1407,0.10974,0.10974,0.0991,0.10974,0.10974,0.10974,0.10974,0.806,0.4934,0.10986,0.10974,0.5444,0.10974,0.10974,0.10974,0.10974,0.10974,0.10974,0.10974,0.10974,0.10974,0.7236,0.10974,0.10974,0.10974,0.10974,0.10974,0.10974,0.10974,0.10974,0.10974,0.3528,0.10974,0.10974,0.10974,0.10974,0.10974,0.1636,0.10974,0.10974,0.10974,0.08813,0.10974,0.10974,0.10974,0.08905,0.10974,0.10974,0.10974,0.10974,0.10974,0.10974,0.0996,0.10974,0.10974,0.10974,0.10974,0.10974,0.1032,0.10974,0.10974,0.10974,1.292,0.229,0.10974,0.5093,0.10974,0.10974,0.10974,0.10974,0.10974,0.51,0.10974,0.10974,0.09216,0.10974,0.10974,0.11115,0.2052,0.09717,0.10974,0.10974,0.09155,0.10974,0.10974,0.10974,0.10974,1.74,0.10974,0.10974,0.10974,0.10974,0.0995,0.5396,0.2054,0.10974,0.10974,0.10974,0.10974,0.10974,0.10974,0.0785,0.10974,0.10974,0.10974,0.10974,0.10974,0.10974,0.09827,0.06976,0.10974,0.10095,0.0982,0.10974,0.10974,0.10974,0.10974,0.1015,0.10974,0.10974,0.10974,0.10974,0.10974,0.962,0.10974,0.10974,0.10974,0.1605,0.105,0.1532,0.10974,0.10974,0.10144,0.10974,0.10974,0.10974,0.10974,0.10974,0.10394,0.10974,0.2379,0.10974,0.10974,0.10974,0.10974,0.10974,0.10974,0.0914,0.10974,0.0847,0.10974,0.10974,0.10974,0.1004,0.10974,0.10974,0.10974,0.10974,0.10974,0.10974,0.10974,0.10974,0.10974,0.10974,0.10974,0.10974,0.10974,0.10974,0.1826,0.10974,0.1012,0.10974,0.10974,0.10974,0.10974,0.10974,0.10974,0.1345,0.10974,0.10974,0.08014,0.10974,1.193,0.3267,0.10974,0.10974,0.10974,0.10974,0.10974,0.10974,0.533,0.10974,0.10974,0.0982,0.10974,0.1012,0.1437,1.264,0.10974,0.10974,0.10974,0.1825,0.10974,0.10974,0.10974,0.1027,0.09796,1.268,0.10974,0.10974,0.10974,0.10974,0.1056,0.10974,0.1742,0.10974,0.0982,0.3164,0.10974,0.10974,0.10913,0.10974,0.10974,0.1077,0.1089,0.10974,0.10974,0.10974,0.10974,0.12366,0.10974,0.10974,0.5747,0.2269,0.10974,0.1109,0.10974,0.437,0.10974,0.10974,0.10974,0.10974,0.10974,0.10516,0.2585,0.0814,0.10974,0.10974,0.10974,0.1833,0.10974,0.10974,0.2783,0.10974,0.1464,0.8276,0.10974,0.164,0.10974,0.10974,0.10974,0.10974,0.10974,0.10974,0.1937,1.444,0.10974,0.10974,0.10974,0.10974,0.10974,0.10974,0.2776,0.10974,0.10974,0.10974,0.10974,0.10974,0.10974,0.2673,0.10974,0.10974,0.10974,0.10974,0.1008,0.10974,0.10974,0.10974,0.10974,0.10974,0.10974,0.10974,0.2336,0.10974,0.10974,0.1006,0.10974,0.0981,0.10974,0.077,0.10974,0.10974,0.10974,0.10974,0.10974,0.10974,0.10974,0.10974,0.10974,0.10974,0.0782,0.453,0.10974,0.4124,0.10974,0.10974,0.093,0.0728,0.10974,0.2979,0.10974,0.10974,0.10974,0.498,0.0827,0.10974,0.10266
15,0.0976,0.0976,0.533,0.0976,0.4702,0.7607,0.0976,0.0976,0.0976,0.0976,0.0976,0.0976,0.0976,0.0976,0.0976,0.0976,0.1483,0.59,0.0699,0.0976,0.0976,0.0931,0.0933,0.07245,0.0976,0.3804,0.0976,0.1523,0.3442,0.0969,0.093,0.0976,0.0976,0.0976,0.0976,0.25,0.0976,0.0976,0.0976,0.0976,0.0976,0.0976,0.351,0.1115,0.0976,0.0976,0.0976,0.0976,0.0976,1.454,0.0976,0.0976,0.08636,0.08514,0.0976,0.426,0.2563,0.0976,0.677,0.0976,0.598,0.0976,0.0976,0.153,0.0976,0.0976,0.619,0.0976,0.0976,0.0976,0.0976,0.0976,0.0976,0.0976,0.0976,0.8057,0.0976,0.3557,0.0976,0.0976,0.0976,0.0976,0.0976,0.0976,0.1272,0.0976,0.0976,0.0976,0.0976,0.0976,0.0976,0.0976,0.577,0.2822,0.0976,0.08795,0.0976,0.0976,0.0897,0.11847,0.0976,0.0976,0.0976,0.0976,0.0976,0.0976,0.0976,0.0976,0.1436,0.0976,0.0976,0.0976,0.1289,0.0976,0.0976,1.301,0.125,0.0849,0.0976,0.0976,0.5557,0.0976,0.0976,0.0976,0.0976,0.0976,0.0976,0.0976,0.0976,0.0854,0.0976,0.0976,0.0976,0.0976,0.0976,0.0976,0.0976,0.0976,0.0806,0.0976,0.0976,0.0976,0.0976,0.10315,0.0976,0.0976,0.0976,0.0976,0.0976,0.0976,0.09094,0.0976,0.0976,0.0976,0.0976,0.0976,0.115,0.8687,0.0976,0.09143,0.0976,0.5376,0.0976,0.12335,0.0976,0.08,0.0976,0.0976,0.0976,0.1306,0.0976,0.0976,0.0976,0.0976,0.3289,0.0976,0.0976,0.8203,0.10284,0.0976,0.0976,0.0976,0.0976,0.0976,0.0976,0.4421,0.0976,0.3547,0.0976,0.0976,0.0976,0.0976,0.0976,0.5996,0.0976,0.0976,0.0976,0.0976,1.299,0.0976,0.0976,0.0976,0.0976,1.715,0.0832,0.10547,0.0976,0.0976,0.0976,0.567,0.0976,0.0976,0.0976,0.0976,0.0976,0.0806,0.0976,0.0976,0.0892,0.0976,0.0976,0.4915,0.3445,0.0976,0.0976,0.0976,0.0976,0.0976,0.0976,0.1746,0.2903,0.0723,0.1142,0.0976,0.0976,0.0976,0.2169,0.0976,0.0976,0.0976,0.08844,0.0954,0.0976,0.0976,0.0976,0.0976,0.2262,0.0976,0.0976,0.08124,0.0976,0.0976,0.08606,1.04,0.09937,0.1337,0.0976,0.0976,0.0976,0.0881,0.0976,0.0976,0.0976,0.0976,0.0903,0.0921,0.0976,0.4512,0.502,0.0976,0.0918,0.0976,0.0976,0.0976,0.0976,0.0976,0.0976,0.0976,0.0976,0.0976,0.0976,0.0976,0.0976,0.0976,0.0976,0.0976,0.0976,0.0976,0.0976,0.0976,0.0976,0.0976,0.0976,0.3755,0.0976,0.0976,0.0976,0.0976,0.0976,0.0976,0.0976,0.175,0.6123,0.0976,0.1165,0.4387,0.0976,0.0976,0.0976,0.0913,0.0688,0.0976,0.0976,0.0976,0.09155,0.1481,0.0976,0.0976,0.0976,1.343,0.0898,0.0976,0.257,1.636,0.0976,0.0976,0.7715,0.0976,0.0976,0.0976,0.0976,0.0976,0.0976,0.0976,0.0976,0.287,0.11487,0.0976,0.0976,0.0976,0.0976,0.1488,0.2458,0.975,0.0976,0.0976,0.0976,0.0976,0.1021,0.0976,0.0976,0.0976,0.0976,0.0976,0.0797,0.08813,0.0622,0.0976,0.0976,0.0976,0.9546,0.10254,0.0976,0.1532,0.0976,0.0976,0.0976,0.9487,0.572,0.08704,0.0976,0.0976,0.0976,0.0976,0.1885,0.1779,0.0976,0.0976,0.0976,0.9287,0.0976,0.0976,0.0976,1.13,0.0976,0.1846,0.0976,0.0976,0.0976,0.0976,0.0976,0.0976,0.0976,0.0976,0.0976,0.0976,0.6084,0.0976,0.1693,0.0976,0.7866,0.0976,0.0976,0.0976,0.0883,0.0976,0.085,0.0976,0.0976,0.0976,0.4326,0.845,0.0976,0.0976,0.0976,0.0976,0.3335,0.0976,0.0976,0.0976,0.0976,0.0976,0.0976,0.0976,0.0976,0.0724,0.0976,0.0976,0.0976,0.0976,0.6846,0.0976,0.0976,0.0976,0.0976,0.0976,0.0976,0.0976,0.4807,0.0976,0.0976,0.0976,0.0965,0.0976,0.0976,0.0976,0.08655,0.0976,0.0976,0.0976,0.0976,0.0976,0.0809,0.0976,0.0976,0.0976,0.0976,0.0976,0.0886,0.0976,0.0976,0.0976,0.1495,0.0976,0.0976,0.0976,0.0976,0.0976,0.1445,0.0976,0.0976,0.0976,0.11554,0.0976,0.0976,0.0976,0.11896,0.0976,0.0976,0.0976,0.0976,0.522,0.2078,0.0976,0.0976,0.0976,0.0976,0.0976,0.0992,0.0976,0.0976,0.1719,0.0846,0.0976,0.0976,0.0976,0.0976,0.0976,0.09467,0.0976,0.0976,0.0976,0.0976,0.0976,0.0976,0.0976,0.0976,0.0758,0.0976,0.0976,0.0976,0.0976,0.1958,0.0891,0.076,0.0976,0.0976,0.0976,0.0976,0.0976,0.1718,0.0976,0.0976,0.4424,0.5107,0.0976,0.0961,0.0976,0.0976,0.0976,0.0976,0.0976,0.0976,0.0976,0.0976,0.0976,0.0976,0.0976,0.0886,0.0976,0.0976,0.0976,0.0976,0.1544,0.0932,0.2935,0.0976,0.0976,0.0896,0.272,0.0976,0.0976,0.0976,0.568,0.0976,0.3127,0.0976,0.0903,0.0976,0.0976,0.0976,0.0976,0.0976,0.0976,0.0976,0.3545,0.0976,0.0976,0.1771,0.0976,0.0976,0.0976,0.0976,0.2393,0.0976,0.0976,0.6,0.0976,0.0759,0.0976,0.0976,0.0976,0.0976,0.0976,0.0976,0.0976,0.0976,0.0976,0.275,0.0976,0.3425,0.0972,0.0976,0.0976,0.0976,0.0976,0.0909,0.0976,0.0976,0.0976,0.0976,0.0976,0.0976,0.0976,0.0976,0.2141,0.0976,0.0976,0.3816,0.0976,0.8354,0.0976,0.0976,0.0976,0.3748,0.8184,0.0976,0.0976,0.7,0.0955,0.0976,0.0976,0.552,0.09,0.1573,0.4832,0.0976,0.0976,0.09393,0.2024,0.0976,0.4067,0.09296,0.0976,0.0976,0.0976,0.3367,0.1508,0.0976,0.0765,0.0976,0.0976,0.55,0.0976,0.0976,0.0976,0.0976,0.0976,0.8857,0.0976,0.0976,0.08887,0.0976,0.1947,0.0976,0.698,0.0976,0.0976,0.0976,0.0976,0.0976,0.0976,0.3564,0.0976,0.0976,0.0976,0.0976,0.176,0.0976,0.6963,0.0976,0.0976,0.0976,0.0976,0.0976,0.0976,0.0976,0.0976,0.0992,0.0976,0.0976,0.0976,0.0976,0.0976,0.3848,0.0976,0.0976,0.5728,0.0976,0.0976,0.5483,0.0898,0.0976,0.0976,0.0976,0.0976,0.0976,0.2837,0.2368,0.0943,0.0976,0.0976,0.0976,0.0976,0.0976,0.0976,0.166,0.0976,0.0976,0.3423,0.0976,0.4731,0.0976,0.0976,0.0976,0.0976,0.0976,1.544,0.1787,0.0976,0.0976,0.0976,0.46,0.0976,0.0976,0.0976,0.0976,0.0976,0.5083,0.0976,0.08545,0.07996,0.0976,0.0929,0.0976,0.0976,0.0976,0.2059,0.0976,0.0976,0.0976,0.0976,0.0976,0.0976,0.0976,0.0976,0.582,0.0976,0.0976,0.0976,0.0976,0.0976,0.7935,0.387,0.0976,0.0976,0.0976,0.0976,0.0976,0.0976,0.0976,1.187,0.0976,0.0976,0.0976,0.0976,0.0976,0.0976,0.9844,0.0976,0.1158,0.0976,1.247,0.0976,0.0976,0.0976,0.1255,0.0976,0.0976,0.0976,0.0976,0.0976,0.0976,0.8003,0.0976,0.0976,0.4453,0.0976,0.0976,0.688,0.0976,0.0976,0.0976,0.0976,0.4966,0.0976,0.0976,0.0731,0.0976,0.0976,0.0976,0.0976,0.7344,0.0976,0.0976,0.0976,0.0976,0.0976,0.0976,0.0976,0.0976,0.0976,0.3135,0.0976,0.0976,0.0932,0.0976,0.0976,0.0976,1.131,0.0976,0.099,0.0976,0.0976,1.352,0.7407,0.0816,0.11865,0.0976,0.1556,0.0976,0.0976,0.0976,0.0976,0.6157,0.0976,0.0976,0.0976,0.0976,0.08923,0.0976,0.0976,0.8647,0.0976,0.10333,0.0976,0.0976,0.0976,0.0976,0.0976,0.0976,0.0976,0.0976,0.0976,0.0976,0.0976,0.0976,0.0976,0.0976,0.0976,0.2957,0.0976,0.0976,0.0976,0.0976,0.1812,0.0976,0.0976,0.0976,0.0976,0.0976,0.0976,0.0976,0.0976,0.0976,0.0976,0.0976,0.0976,0.0976,0.0976,0.0976,0.0976,0.0976,0.5957,0.27,0.3442,0.0976,0.2266,0.0976,0.0976,0.0976,0.0976,0.0976,0.3523,0.0976,0.0976,0.0976,0.524,0.0976,0.0976,0.0976,0.0976,0.3481,0.0976,0.09326,0.0976,0.0976,0.0976,0.0976,0.0976,0.0976,0.2805,0.2163,0.09845,0.0976,0.0976,0.0976,0.0976,0.0976,0.0976,0.0976,0.0976,0.0976,0.0976,0.5864,0.0976,0.0976,0.0976,0.0976,0.3682,0.0976,0.0976,0.0976,0.0933,0.0976,0.0976,0.2844,0.0976,0.112,0.0976,0.0976,0.6997,0.0976,0.06186,0.6265,0.1001,0.08453,0.2037,0.0976,0.0976,0.0976,0.2942,0.0976,0.0976,0.0976,0.0976,0.0976,0.0976,0.0976,0.09656,0.0976,0.1805,0.1372,0.0976,0.0976,0.541,0.0976,0.0835,0.0976,0.0976,0.0976,0.0976,0.0976,0.0976,0.0976,0.0976,0.2013,0.0976,0.0976,0.0976,0.0898,0.0976,0.0976,0.0976,0.2646,0.4026,0.0976,0.1459,0.0976,0.0976,0.0976,0.08966,0.0976,0.0976,0.0976,0.0976,0.0976,0.0976,0.1525,0.0976,0.0976,0.0976,0.0976,0.0976,0.0671,0.0976,0.0976,0.2465,0.0976,0.0976,0.0976,0.0976,0.0976,0.0976,0.0976,0.0976,0.0976,0.0976,0.0976,0.0976,0.0976,0.7285,0.0976,0.09,0.0976,1.09,0.0976,0.3345,0.0976,0.0772,0.0976,0.0976,0.6523,0.0976,0.0976,0.2303,0.0976,0.0976,0.0976,0.7256,1.048,0.0976,0.0976,0.0976,0.0976,0.0976,0.0976,0.1794,0.09357,0.0976,0.0976,0.0976,0.0976,0.0955,0.1462,0.0976,0.4885,0.0976,0.4404,0.0976,0.0976,0.0976,0.0976,0.0976,0.0976,0.0976,0.5537,0.0976,0.0976,0.12006,0.0976,0.0976,0.0976,0.0976,0.2463,0.0976,0.09204,0.0976,0.0976,0.0976,0.0976,0.0976,0.0976,0.3672,0.0893,0.0976,0.0976,0.0935,0.1567,0.0976,0.0976,0.0976,0.0895,0.08875,0.0976,0.0976,0.0976,0.0887,0.0976,0.0976,0.0976,0.0976,0.0976,0.64,0.0976,0.0976,0.0976,0.0976,1.548,0.0976,0.0976,0.477,0.0976,0.0976,0.2297,0.0976,0.0976,2.068,0.0976,0.0976,0.0976,0.0816,0.0976,0.0976,0.0976,0.0976,0.0976,0.08014,0.0976,0.11835,0.0976,0.0976,0.0976,0.0976,0.0976,0.0976,0.15,0.0976,0.0976,0.2393,0.0976,0.0976,0.0976,0.0976,0.0976,0.0976,0.0976,0.0976,0.0976,0.0976,0.0976,0.0976,0.0976,0.0976,0.0976,0.0976,0.149,0.0976,0.0976,0.0976,0.0976,0.0909,0.2803,0.2097,0.3313,0.0976,0.0976,0.0976,0.727,0.10077,0.09326,0.0976,0.7217,0.0976,0.0976,0.2788,0.1062,0.0976,0.5483,0.0976,0.0638,0.0625,0.0976,0.0976,0.0976,0.0976,0.197,0.0976,0.0976,0.1414,0.0976,0.4666,0.3281,0.0976,0.984,0.0976,0.0976,0.0976,0.0976,0.0976,0.09753,0.0976,0.0976,0.0976,0.0976,0.0976,0.0829,0.0831,0.0976,0.1154,0.0976,0.0976,0.1138,0.0825,0.0976,0.0976,0.0976,0.0976,0.0976,0.7505,0.506,0.0976,0.0976,0.0976,0.9272,0.0804,0.0976,0.0976,0.1526,0.1466,0.0976,0.0976,0.07855,0.0939,0.0976,0.0976,0.0976,0.0976,0.0976,0.0976,0.0976,0.0976,0.0976,0.108,0.1729,0.0976,0.08563,0.0976,0.0976,0.0976,0.0976,0.0976,0.0976,0.224,0.0976,0.0976,0.0976,0.0976,0.0976,0.094,0.0976,0.5767,0.08984,0.0976,0.0976,0.0976,0.0976,0.0976,0.0976,0.1233,0.0976,0.0976,0.0976,0.0976,0.0976,0.2341,0.0976,0.0976,0.644,0.0976,0.0976,0.1284,0.0976,0.0976,0.0976,0.0976,0.0893,0.0976,0.0976,0.0976,0.2961,0.395,0.1418,0.0976,0.0976,0.0976,0.0976,0.0976,0.0976,0.0976,0.0976,0.677,0.08386,0.0976,0.0878,0.2776,0.0976,0.0976,0.0976,0.0976,0.0976,0.2201,0.0976,0.0976,0.0976,0.0976,0.143,0.09076,0.0976,0.0976,0.0976,0.0976,0.0815,0.1774,0.0901,0.0976,0.11957,0.0976,0.0976,0.0793,0.0976,0.0976,0.219,0.0976,0.0976,0.0976,0.1758,0.0976,0.0976,0.0976,0.5015,0.0976,0.176,0.0976,0.0976,0.0976,0.925,0.0976,0.0976,0.0976,0.0976,0.1555,0.0976,0.0976,0.0976,0.0976,0.0976,0.0976,0.0976,0.0976,0.0976,0.0976,0.1011,0.0919,0.0976,0.1757,0.673,0.0976,0.3018,0.0976,0.0976,0.0976,0.0976,0.0976,0.0976,0.0976,0.0976,0.0976,0.0976,0.0976,0.0976,0.0976,0.0976,0.2441,0.0976,0.07007,0.0976,0.0976,0.0976,0.0976,0.1656,1.836,0.0976,0.0976,0.0976,0.1059,0.0976,0.0976,0.282,0.0976,0.0976,0.0976,0.0976,0.0976,0.0976,0.0976,0.0976,0.0976,0.0976,0.0892,0.0976,0.1898,0.0976,1.391,0.0976,0.0976,0.0976,0.0976,0.0895,0.0976,0.1725,0.195,0.0976,0.719,0.0976,0.0976,0.0976,0.1295,0.2332,0.0976,0.0976,0.0976,0.09424,1.088,0.088,0.0976,0.088,0.0976,0.0976,0.0976,0.0976,0.0976,0.0976,0.0976,0.2314,0.0976,0.0797,0.0976,0.0976,0.0976,0.0976,0.0976,0.0976,0.541,0.0976,0.0976,0.08813,0.0976,0.0976,0.664,0.09467,0.0976,0.0976,0.0976,0.2263,0.0976,0.0976,0.0976,0.0976,0.821,0.5845,0.0976,0.076,0.0976,0.09467,0.0976,0.0976,0.0976,1.057,0.0976,0.0976,0.0976,0.0832,0.0976,0.10443,0.0976,0.359,0.0976,0.0976,0.0976,0.6636,0.0976,0.0976,0.0976,0.5273,0.1147,0.0976,0.386,0.0976,0.0976,0.185,0.0976,0.0976,0.0976,0.0976,0.0976,0.939,0.0973,0.2113,0.0976,0.0878,0.0976,0.0976,0.0976,0.0976,0.3638,0.0976,0.0976,0.0976,0.0976,0.0976,0.08514,0.0976,0.0976,1.805,0.14,0.0976,0.0976,0.7866,0.0976,0.264,0.0976,0.0976,0.2123,0.0976,1.128,0.0976,0.1365,0.0805,0.0976,0.0976,0.09705,0.0976,0.0976,0.7783,0.0976,0.553,0.0976,0.0976,0.0976,0.0976,0.0976,0.0976,0.0976,0.0976,0.263,0.0976,0.1743,0.0976,0.695,0.0976,0.0976,0.0976,0.0976,0.0976,0.2502,0.0976,0.0976,0.0976,0.0976,0.0976,0.0976,0.0989,0.0976,0.0976,0.92,0.0976,0.09357,0.0976,0.0976,0.0976,0.0976,0.0976,0.0976,0.0976,1.456,0.0976,0.0976,0.0976,0.08356,0.0976,0.0976,0.531,0.0976,0.0976,0.0976,0.0976,0.0976,0.0976,0.1154,0.4038,0.0976,0.0976,0.0961,0.0976,0.0976,0.0976,0.0976,0.0976,0.1406,0.3186,0.0976,0.0976,1.264,0.0976,0.0976,0.0976,0.0976,0.0976,0.0976,0.0976,0.0976,0.0976,0.0976,0.0976,0.0976,0.0976,0.094,2.098,0.08795,0.0976,0.0976,0.0976,0.0878,0.0976,0.0976,0.143,0.0976,1.097,0.3167,0.0976,0.0976,0.453,0.0955,0.0976,0.0976,0.0976,0.09064,0.0976,0.0976,0.0779,0.0976,0.0976,0.0976,0.0757,0.1962,0.0976,0.0829,0.1462,0.0976,0.0976,0.0976,0.2156,0.0976,0.3345,0.0976,0.5977,0.335,0.09467,0.0976,0.09174,0.0976,0.0976,0.0976,0.982,0.0976,0.0976,0.1509,0.0976,0.0976,0.949,0.0976,0.0976,0.0976,0.0976,0.0976,0.0976,0.08856,0.2417,0.0976,1.645,0.0976,0.0976,0.0976,0.527,0.0976,0.0976,0.0976,0.0976,0.0976,0.0976,0.2527,0.2158,0.3472,0.0976,0.0976,0.1848,0.0976,0.0976,0.2551,0.0976,0.0976,0.0976,0.0976,0.0976,0.0976,0.1672,0.3403,0.0976,0.0976,0.0976,0.122,0.0976,0.0976,0.0976,0.0976,0.0976,0.0976,0.0976,0.0976,0.0976,0.09216,0.0976,0.0976,0.0976,0.0976,0.0976,0.0976,0.0976,0.0976,0.2051,0.0976,0.0976,0.09485,0.0976,0.0976,0.589,0.2349,1.088,0.0976,0.0976,0.0799,2.105,0.09106,0.0976,0.0976,0.1267,0.0976,0.0976,0.0976,0.0976,0.0812,0.0976,0.09436,0.0976,0.0976,0.0976,0.0976,0.0976,0.0976,0.0976,0.0976,0.0976,0.0976,0.0976,0.09033,0.0976,0.1054,0.0976,0.0976,0.0976,0.2113,0.0976,1.161,0.0976,0.0976,0.3303,0.0976,0.2913,1.041,0.0976,0.0885,0.0976,0.0976,0.0976,0.0976,0.0976,0.0976,0.0976,0.0976,0.0976,0.0976,0.0774,0.0976,0.0976,0.0976,0.0976,0.0976,0.08997,0.2363,0.0976,0.0976,0.505,0.0976,0.0976,0.2954,0.0976,0.0976,0.3413,0.0976,0.0899,0.0976,0.08966,0.0929,0.0976,0.0976,0.0976,0.0976,0.0976,0.1895,0.0976,0.0976,0.1104,0.1095,0.0976,0.06744,0.3887,0.0976,0.0976,0.0976,0.275,0.0976,0.09015,0.0976,0.0976,0.0976,0.0976,0.0976,0.0976,0.0976,0.0976,0.0976,0.0976,0.0976,0.0884,0.0976,0.0976,0.0976,0.0994,0.0976,0.0976,0.0678,0.0976,0.4849,0.5137,0.0976,0.0976,0.0976,0.0976,0.0976,0.094,0.0976,0.0976,0.0976,0.0976,0.0976,0.0976,0.07166,0.0976,0.0976,0.0976,0.0976,0.0976,0.0976,1.128,0.5664,0.9404,0.0976,0.0976,0.0976,0.09625,0.0976,0.0976,0.10706,0.0976,0.0976,0.5054,0.3286,0.7793,0.0976,0.8594,0.1109,0.0976,0.0976,0.0976,0.0976,0.4243,0.0881,0.0976,1.055,0.0976,0.0976,0.0976,0.0976,0.0976,0.0976,0.0976,0.0976,1.242,0.09656,0.4673,0.08813,0.3015,0.0976,0.0976,0.0976,0.0976,0.0976,0.0976,0.749,0.0976,0.0953,0.0976,0.0939,0.0976,0.0976,0.0976,0.704,0.1879,0.11487,0.0976,0.0832,0.0976,0.0976,0.0976,0.07513,0.0976,0.0976,0.0976,0.0976,0.0976,0.0976,0.0976,0.0976,0.0976,0.11957,0.0976,0.0976,0.0976,0.0976,0.0831,0.638,0.0976,0.0976,0.0976,0.0976,0.0976,0.0976,0.2426,0.0976,0.623,0.3376,0.0976,0.0976,0.0976,0.0988,0.961,0.09,0.301,0.0976,0.1437,0.0976,0.0976,0.0976,0.0976,0.0976,0.0976,0.0976,0.0976,0.0976,0.1396,0.0976,0.5244,0.0976,0.0976,0.0976,0.0976,0.0976,0.0976,0.0976,0.0976,0.0976,0.0976,0.4607,0.2297,0.0976,0.8594,0.27,0.0976,0.0976,0.0976,0.0976,0.0976,0.0976,0.132,0.0976,0.0914,0.0976,0.0976,0.0976,0.0895,0.09045,0.0976,0.1798,0.0976,0.0976,0.1259,0.0976,0.08563,0.0976,0.0976,0.0976,0.0976,0.0976,0.0797,0.0976,0.1092,0.657,0.1046,0.645,0.0976,0.5464,0.0976,0.0976,0.2032,0.0976,0.0976,0.6724,0.2125,0.0976,0.0976,0.0976,0.0976,0.0976,0.0976,0.0976,0.0976,0.0976,0.0976,0.0976,0.126,0.3262,0.0976,0.0976,0.0976,0.1227,0.5737,0.0976,0.0976,0.0976,0.0976,0.0916,0.0976,0.0976,0.0976,0.0976,0.535,0.0976,0.4453,0.09406,0.3076,0.0976,0.0976,0.0976,2.297,0.0954,0.0976,0.0976,0.8223,1.076,0.0976,0.0976,0.344,0.0976,0.0916,0.0976,0.0888,0.178,0.2883,0.0976,0.0976,0.0976,0.0976,0.0976,0.0976,0.0976,0.1642,0.0976,0.0976,0.0976,0.7397,0.0976,0.0976,0.0976,1.315,0.0976,0.2168,0.0976,0.0976,0.0976,1.03,0.0976,0.0976,0.6123,0.0976,0.0976,0.0976,0.0976,0.08154,0.0976,0.0976,0.0852,0.07184,0.0976,0.0976,0.0976,0.0976,0.0976,0.0879,0.0976,0.0976,0.0976,0.0976,0.0976,0.12463,0.0976,0.0976,0.0976,0.0976,0.0976,0.0976,0.0976,0.0976,0.0976,0.0976,0.0976,0.0976,0.0976,0.0976,0.0976,0.683,0.10547,0.0976,0.5723,0.0976,0.0976,0.761,0.0976,0.4365,0.0851,0.0976,0.0976,0.0976,0.056,0.0976,0.09467,0.0976,0.0976,0.0976,0.07495,0.0976,0.09296,0.0976,0.0976,0.0976,0.0976,0.0976,0.0976,0.0976,0.0893,0.6167,0.0976,0.0976,0.0976,0.0976,0.0976,0.0976,0.0976,0.0976,0.0976,0.0976,0.0976,0.513,0.0976,0.0976,0.128,0.0976,0.0976,0.0976,0.0925,0.0976,0.0976,0.09937,0.0976,0.0907,0.0822,0.0976,1.895,0.0976,0.0976,0.273,0.0976,0.842,0.08984,0.5967,0.0976,0.0976,0.0976,0.0976,0.0976,0.0818,0.0976,0.0976,0.0976,0.0976,0.09595,0.0976,0.0976,0.0976,0.0976,0.326,1.737,0.0976,0.0976,0.0976,1.188,0.083,0.4282,0.1343,0.09125,0.0976,0.0976,0.0976,0.0976,0.8594,0.0976,0.0976,0.0976,0.3235,0.0976,0.0976,0.0976,0.1488,0.0976,0.0976,0.09265,0.0976,0.0976,0.0976,0.0976,0.0976,0.129,0.0976,0.0976,0.0976,0.0976,0.0976,0.0976,0.0976,0.08405,0.8525,0.0976,0.0976,0.0976,0.0976,0.327,0.0976,0.0976,0.0976,0.0976,0.0976,0.0976,0.0976,0.0976,0.0976,0.0976,0.142,1.049,0.0976,0.09216,0.0976,0.1017,0.7417,2.12,0.0976,0.0976,0.0976,0.0976,0.092,0.0976,0.0976,0.0976,0.0976,0.0976,0.0976,0.0976,0.2705,0.3936,0.0976,0.0976,0.0976,0.08887,0.0976,0.0976,0.9785,0.0976,0.0976,0.0976,0.0976,0.0976,0.0976,0.0976,0.0976,0.0976,0.0976,0.5264,0.1603,0.0976,0.0976,0.0976,0.0976,0.0976,0.0976,0.0976,0.1697,0.0976,0.0976,0.0976,0.0976,0.2014,0.0976,0.12256,0.0976,0.0976,0.0976,0.32,0.09576,0.0976,0.0889,0.1439,0.0976,0.0943,0.0976,0.0976,0.0976,0.0976,0.0976,0.5547,0.0976,0.296,0.08704,0.1877,0.0941,0.0976,0.0976,0.0976,0.0976,0.81,0.0976,0.2717,0.0976,0.0976,0.0976,0.0976,0.0976,0.0976,0.2201,0.0976,0.4133,0.0976,0.9536,0.0976,0.323,0.0976,0.0835,0.0976,0.308,0.2625,0.0976,0.0976,0.0976,0.6035,0.0976,0.0976,0.0976,0.0976,0.0976,0.0976,0.121,0.0976,0.0976,0.0976,0.08545,1.08,0.0976,0.0976,0.0976,0.0976,0.0976,0.0976,0.0976,0.0976,0.201,0.0976,0.0976,0.4805,0.0976,0.0976,0.0976,0.0976,0.0976,0.0976,0.0976,0.4639,0.0976,0.0976,0.0976,0.0976,0.0976,0.0976,0.0899,0.0976,0.0976,0.503,0.0976,0.0976,0.0976,0.0976,0.0808,0.0976,0.0976,0.0976,0.0976,0.0976,0.0976,0.6025,0.0976,0.0976,0.0976,0.09314,0.0976,0.0976,0.0976,0.0976,0.0728,0.0976,0.0976,0.0976,0.0976,0.0976,0.0976,0.0976,0.0927,0.0976,0.0976,0.0976,0.0976,0.0976,0.08905,0.3792,0.0976,0.0976,0.0976,0.116,0.564,0.0976,0.0976,0.0976,0.12067,0.0976,0.0976,0.827,0.0976,0.0976,0.0991,0.0976,0.0976,0.0976,0.0976,0.0976,0.0976,0.0976,0.0976,0.0976,0.0976,0.05743,0.0976,0.0976,0.2085,0.0976,0.0976,0.0976,0.0976,0.0976,0.0898,0.0976,0.1957,0.0976,0.1527,0.471,0.0976,0.08405,0.0976,0.0976,0.4956,0.0976,0.0977,0.1299,0.0976,0.0976,0.0976,0.0976,0.0976,0.0976,0.0976,0.0976,0.0976,0.0976,0.0976,0.0976,0.096,0.1924,0.7817,0.0976,0.0976,0.0814,0.0976,1.491,0.0976,0.0795,0.0976,0.2532,0.0976,0.0976,0.0976,0.0976,0.6353,0.0976,0.1517,0.0976,0.0976,0.3215,0.0772,0.0976,0.0976,0.0976,0.6143,0.08966,0.2007,0.0976,0.0976,0.0976,0.0976,0.0976,1.484,0.0976,0.0976,0.0976,0.378,0.1119,1.204,0.0976,0.0976,0.06097,0.0976,0.0976,0.0976,0.0976,0.2031,0.2228,0.2291,0.3508,0.0976,0.0976,0.0976,0.0976,0.0976,0.0976,0.0976,0.3728,0.0976,0.0976,0.0976,0.0976,0.0976,0.0643,0.10144,0.0976,0.0976,0.1593,0.0976,0.0976,0.0976,0.0976,0.136,0.1301,0.4814,0.0976,0.0976,0.0976,0.0976,0.0976,0.0976,0.0976,0.553,0.0976,0.0976,0.0976,0.0805,0.6157,0.1904,0.0976,0.0976,0.2418,0.0976,0.0976,2.26,0.0976,0.0976,0.0976,0.0976,0.0976,0.0976,0.0976,0.09546,0.0976,0.0897,0.0976,0.0976,0.0976,0.0976,0.0976,0.0976,0.0976,0.0976,0.2003,0.0976,0.6724,0.0976,0.0976,0.0976,0.0976,0.0976,0.0976,0.2883,0.0976,0.4163,0.08813,0.0976,0.1069,0.187,0.3755,0.0976,0.0976,0.0976,0.0976,0.0976,0.247,0.0978,0.0976,0.07947,0.0976,0.0976,0.2036,0.0976,0.0976,0.0976,0.0976,0.3088,0.0976,0.0976,0.0976,0.514,0.4707,0.0976,0.0976,0.09247,0.0976,0.0976,0.0976,0.504,0.1614,0.0976,0.0976,0.0976,0.0976,0.1384,0.0976,0.626,0.0976,0.0976,0.0976,0.0976,0.0976,0.08875,0.0976,0.2323,0.0976,0.0855,0.1714,0.0976,0.0976,0.0976,0.0976,0.0976,0.0976,0.0976,0.0976,0.0976,0.0976,0.0976,0.08887,0.1037,0.0976,0.2018,0.0692,0.0976,0.0976,0.2395,0.2812,0.3896,0.0976,0.3,0.248,0.0976,0.0976,0.0976,0.4504,0.0976,0.0976,0.0976,0.0976,0.0976,0.0976,0.0923,1.271,0.4077,0.0976,0.0976,0.0976,0.0976,0.0976,0.0976,0.2128,0.2479,0.0976,0.0976,0.0976,0.0976,0.0976,0.0976,0.0976,0.0976,0.0976,0.5073,0.0976,0.0976,0.572,0.299,0.0976,0.08185,0.0976,0.1873,0.0976,0.0976,0.0976,0.0937,0.4395,1.09,0.0976,0.5376,0.0976,0.1423,0.0976,0.0976,0.2385,0.0976,0.0976,0.0976,0.0976,0.0976,0.10187,0.0976,0.0976,0.545,0.0976,0.0746,0.0976,0.0976,0.0976,0.0976,0.0917,0.0976,0.0976,0.0976,0.0976,0.0976,0.0976,0.0976,0.0976,0.0976,0.0976,0.0976,0.0976,0.0976,0.3325,0.0976,0.1453,1.127,0.09265,0.0976,0.2976,0.0976,0.10535,0.0976,0.0976,0.0799,0.0976,0.0976,0.0976,0.1388,0.0976,0.1548,0.0976,0.0976,0.0976,0.0976,0.0976,0.0976,0.09106,0.0976,0.0934,0.12244,0.4287,0.0976,0.0976,0.0976,0.3438,0.575,0.0976,0.1904,0.1266,0.0976,0.0976,0.0976,0.0976,0.0806,0.06274,0.0976,0.0976,0.0976,0.0976,0.2932,0.0976,0.0976,0.11096,0.0778,0.0976,0.0976,0.0976,0.0976,0.1259,0.0865,0.0976,0.0976,0.0976,0.1376,0.0976,0.0976,0.0976,0.0976,0.0976,0.0976,0.1179,0.0976,0.088,0.4104,0.0976,0.0976,0.0976,0.0976,0.0976,0.0976,0.1082,0.0976,0.0976,0.0976,0.0976,0.0976,0.0976,0.4106,0.0976,0.0976,0.0976,0.0976,0.10443,0.0976,0.0976,0.0976,0.0855,0.0976,0.0976,0.0976,0.0976,0.0976,0.0976,0.0934,0.0976,0.3674,0.0976,0.0934,0.0976,0.0976,0.2747,0.0976,0.0976,0.0976,0.1047,0.0976,0.0976,0.0976,0.0976,0.0976,0.0976,0.1046,0.0976,0.0976,0.0976,1.646,0.1255,0.869,0.09064,0.0976,0.09326,0.0976,0.0976,0.3215,0.0976,0.0976,0.0976,0.0976,0.0791,0.0976,0.4373,0.0976,0.0911,0.57,0.3508,0.0976,0.3347,0.0976,0.3875,0.0976,0.0976,0.0976,0.0976,0.07935,0.1059,0.357,0.2438,0.0976,0.0976,0.2264,0.0976,0.0905,0.0976,0.0976,0.0976,0.0976,0.3247,0.0976,0.0976,0.419,0.0976,0.0976,0.0976,0.0976,0.0976,0.0976,0.0976,0.0976,0.2903,0.0976,0.10236,0.793,0.1036,0.0976,0.0976,0.0976,0.0976,0.3508,0.0976,0.0976,0.0976,0.0976,0.0976,0.1997,0.0976,0.0976,0.0976,0.0976,0.0976,0.0976,0.0976,0.207,0.0976,0.166,0.0976,0.0976,0.0976,0.0976,0.0976,0.2086,0.07263,0.0976,0.0976,0.0976,0.10425,0.0976,0.0976,0.0976,0.909,0.0976,0.3772,0.3345,0.0976,0.0976,0.0976,0.0976,0.688,0.0976,0.2352,0.0976,0.0976,0.0976,0.0976,0.152,0.0976,0.0976,0.0976,0.0976,0.0976,0.1814,0.0955,0.0976,0.09717,0.0976,0.0976,0.09247,0.0788,0.0879,0.0976,0.0976,0.5664,0.0976,0.0976,0.0976,0.08826,0.0976,0.1665,0.7227,0.0976,0.0976,0.0911,0.0815,0.0976,0.0976,0.5654,0.9463,0.0976,0.11304,0.2252,0.10004,0.0976,0.0976,0.097,0.0976,0.0976,0.0976,0.0976,0.0976,0.0976,0.0976,0.1085,0.1224,0.0976,0.0976,0.0976,0.1074,0.0976,0.09753,0.0976,0.0976,0.0976,0.351,0.2317,0.0976,0.0976,0.0976,0.0976,0.593,1.023,0.0976,0.0952,0.0976,0.0976,0.0976,0.2788,0.0932,0.0913,0.0976,0.0976,0.09045,0.0976,0.0976,0.0906,0.234,0.0976,0.495,1.04,0.0976,0.1666,0.09485,0.3628,0.0976,0.0976,0.0976,0.6797,0.0976,0.0976,0.0976,0.1588,0.0976,0.0976,0.0976,0.0976,0.0976,0.2717,0.0976,0.0976,0.4866,0.0976,0.0976,0.1209,0.0976,0.0976,0.0976,0.0976,0.0976,0.0976,0.0976,0.0878,0.364,0.0976,0.0976,1.155,0.0976,0.2197,0.0976,0.0976,0.0976,0.0976,0.0976,0.09033,0.0976,0.0976,0.0976,0.3203,0.093,0.0976,0.0976,0.5503,0.0945,0.0976,0.1976,0.0976,0.0976,0.0976,0.6255,0.0976,0.3171,0.0976,0.0976,0.434,0.4854,0.0976,0.0921,0.0976,0.0976,0.3103,0.3848,0.0976,0.0976,0.0976,0.0976,0.0976,0.0976,0.0976,0.0976,0.0976,0.0976,0.655,0.0976,0.0976,0.0976,0.0885,0.0872,0.0976,0.2517,0.0976,0.0976,0.0976,0.0976,0.1605,0.0976,0.0976,0.5425,0.0976,0.0976,0.0976,0.0976,1.081,0.0976,0.2124,0.0976,0.0976,0.04834,0.0976,0.0912,0.0976,0.0976,0.0976,0.0976,0.09094,0.8184,0.8735,0.1553,0.0976,0.0976,0.0696,0.0976,1.356,0.0976,0.0976,0.1926,0.0954,0.1605,0.3906,0.0976,0.10077,0.0976,0.0976,0.0976,0.0976,0.3733,0.0976,0.0976,0.0976,0.0976,0.2078,0.71,0.0976,0.0976,0.0976,0.0976,0.806,0.0976,0.0976,0.0976,0.0976,0.11633,0.0976,1.064,0.0976,0.0976,0.08966,0.0976,0.0976,0.0976,0.0976,0.0976,0.0976,0.0889,0.0976,0.0976,0.0976,0.0889,0.0976,0.0976,0.0976,0.0976,0.0976,0.0976,0.0976,0.0976,0.0976,0.07996,0.0976,0.0976,0.0976,0.0976,0.0976,0.0976,0.0976,0.0976,0.495,0.0976,0.0976,0.0976,0.0976,0.3318,0.0976,0.0976,0.579,0.071,0.0976,0.0976,0.0976,0.0976,0.3352,0.0976,0.0976,0.577,0.0902,0.0976,1.057,0.0976,0.8076,0.1775,0.0976,0.0976,0.0976,0.0862,0.0995,0.0976,0.0976,0.0976,0.0976,0.0976,0.0976,0.0976,0.0976,0.06616,0.0976,0.0976,0.0976,0.0976,0.0976,0.0976,0.0976,0.0976,0.0976,0.3267,0.0976,0.0976,0.1366,0.11755,0.0976,0.0976,0.0976,0.0976,0.0976,0.0976,0.0976,0.0976,0.0976,0.0976,0.0976,0.0976,0.0976,0.3813,0.0835,0.0976,0.08777,0.0861,0.1653,0.0976,0.0976,0.0976,0.0976,0.0976,0.0976,0.0976,0.0976,0.0976,0.0976,0.0976,0.0976,0.1111,0.2346,1.044,0.0976,0.0976,0.0976,0.0672,0.0976,0.0976,0.0976,0.0976,0.0976,0.0976,0.093,0.0976,0.0976,0.0976,0.0976,0.0976,0.0976,0.0976,0.09644,0.0976,0.0976,0.0915,0.0976,0.6587,0.0976,0.0976,0.0976,0.0976,0.4377,0.0976,0.0976,0.0976,0.0976,0.0976,0.0925,0.0976,0.0976,0.0976,0.0976,0.1426,0.0976,0.0976,0.0976,0.0976,0.0976,0.0976,0.0976,0.0976,0.0976,0.0976,0.0976,0.0881,0.0976,0.0976,0.2001,0.0976,0.0976,0.0976,0.0976,0.7373,0.09204,0.2559,0.0976,0.0976,0.0976,0.0976,0.0976,0.08246,0.1028,0.0976,0.0976,0.371,0.0976,0.0976,0.0976,0.0976,0.0976,0.1294,0.0976,0.0976,0.0908,1.484,0.0976,0.0976,0.0976,0.0976,0.0976,0.0976,0.0976,0.0976,0.0976,0.0976,0.145,0.0976,0.0976,0.0976,0.0976,0.0976,0.0976,0.0976,0.0935,0.072,0.0899,0.0924,0.08984,0.0976,0.0976,0.0976,0.0976,0.0976,0.0904,0.0976,0.1945,0.0976,0.0976,0.0976,0.0976,0.0976,0.6606,0.0976,0.407,0.0976,0.0976,0.0976,0.0976,0.5186,0.0976,0.0976,0.0976,0.0938,0.0976,0.0976,0.0976,0.0976,0.0976,0.0976,0.1626,0.2668,0.0976,0.0976,0.0897,1.032,0.0976,0.0976,0.0976,0.0976,0.0895,0.0976,0.0863,0.0976,0.4092,0.0976,0.0976,0.10767,0.0976,0.648,0.0976,0.09235,0.0976,0.0976,0.0976,0.0976,0.0976,0.0976,0.0976,0.0976,0.0976,0.0976,0.3452,0.564,0.0976,0.087,0.0976,0.0912,0.0976,0.08344,0.0976,0.0976,0.1392,0.1545,0.0976,0.0976,0.0976,0.0976,0.0976,0.0866,0.0976,0.0976,0.0976,0.0976,0.0976,0.0976,0.0976,0.0976,0.0976,0.0976,0.0976,0.0976,0.0976,0.4417,0.0976,0.1632,0.0976,0.09546,0.0976,0.0976,0.0976,0.0976,0.0976,0.1447,0.0976,0.0976,0.0976,0.0976,0.0976,0.455,0.0976,0.0976,0.1287,0.0976,0.0976,0.0976,0.1942,0.0976,0.0976,0.0976,0.0976,0.0976,0.0976,0.0905,0.0976,0.11224,0.3213,0.0976,0.0976,0.0976,0.0976,0.0976,0.0976,0.3699,0.08417,0.0976,0.1163,0.0976,0.0976,0.0976,0.1896,0.0976,0.5874,0.10315,0.0976,0.10126,0.4119,0.0976,0.0976,0.0976,0.0976,0.12445,0.0976,0.0976,0.0976,0.0976,0.0976,0.0976,0.0976,0.0976,0.0976,0.0976,0.0976,0.0976,0.0976,0.782,0.0976,0.0976,0.0976,0.0976,0.0976,0.0976,0.0976,0.0976,0.0976,0.0887,0.0976,0.0976,0.0976,0.0976,0.0976,0.0976,0.0976,0.09204,0.0976,0.0976,0.0906,0.1362,0.0976,0.0976,0.0976,0.0976,0.077,0.0976,0.0976,0.12195,0.0976,0.0976,0.0976,0.0976,0.0976,0.1576,0.0976,0.0976,0.2104,0.0976,0.0976,0.07007,0.0976,0.0976,0.0976,0.0976,0.0976,0.0805,0.0976,0.1298,0.0976,0.0976,0.0839,0.0976,0.1982,0.0976,0.0976,0.0976,0.0976,0.0976,0.1255,0.0976,0.0976,0.0976,0.0976,0.0976,0.0976,0.08655,0.0976,0.0976,0.0976,0.0976,0.0976,0.0976,0.0976,0.0976,0.0976,0.0976,0.09357,0.0976,0.0976,0.0976,0.0976,0.0976,0.0976,0.0976,0.0976,0.0976,0.0976,0.0976,0.0976,0.0976,0.0976,0.8784,0.4517,0.09515,0.0976,0.3472,0.0976,0.0976,0.0976,0.0976,0.0976,0.0976,0.0976,0.0976,0.0976,0.6987,0.0976,0.0976,0.0976,0.09406,0.0976,0.0976,0.0976,0.0976,0.0976,0.8174,0.0976,0.0976,0.0976,0.0976,0.0976,0.0976,0.0976,0.0976,0.0976,0.08594,0.0929,0.0976,0.0976,0.0968,0.0976,0.0976,0.0976,0.0976,0.0976,0.0976,0.091,0.0976,0.0976,0.0976,0.0976,0.0976,0.0976,0.089,0.0976,0.0976,1.267,0.4285,0.0976,0.52,0.0976,0.0976,0.0976,0.0976,0.0976,0.3416,0.09644,0.0976,0.1453,0.0976,0.0976,0.1228,0.1917,0.1599,0.0976,0.0976,0.1891,0.0976,0.0976,0.0976,0.0976,1.827,0.0976,0.0976,0.0976,0.0976,0.0947,0.4907,0.205,0.0976,0.0976,0.0976,0.0976,0.0976,0.0976,0.0976,0.0976,0.0976,0.0976,0.0976,0.0976,0.0974,0.0976,0.0976,0.0976,0.0751,0.0976,0.0976,0.0976,0.0976,0.0976,0.08795,0.0976,0.0976,0.0976,0.0976,0.0976,0.509,0.0976,0.0976,0.0976,0.354,0.0907,0.257,0.0976,0.0976,0.0976,0.0976,0.0976,0.0976,0.0976,0.0976,0.141,0.0976,0.4656,0.0976,0.0976,0.0976,0.0976,0.0976,0.0976,0.0976,0.0976,0.0966,0.0976,0.0976,0.0976,0.0976,0.0976,0.0976,0.0976,0.0976,0.0976,0.0976,0.08215,0.0976,0.0976,0.0976,0.0976,0.0976,0.0976,0.0976,0.09705,0.0976,0.0976,0.1015,0.0976,0.0976,0.0976,0.0976,0.1367,0.128,0.0976,0.0976,0.2393,0.0976,1.081,0.2333,0.0976,0.0976,0.0976,0.0976,0.0976,0.0976,0.507,0.0976,0.0976,0.1065,0.0976,0.096,0.0976,1.204,0.0976,0.0976,0.0976,0.2491,0.0976,0.0976,0.0976,0.0976,0.13,1.295,0.0976,0.09357,0.0976,0.08856,0.0936,0.0976,0.0976,0.0976,0.08203,0.1637,0.0976,0.0976,0.2678,0.0976,0.0976,0.0976,0.2588,0.0976,0.0976,0.0976,0.0976,0.1665,0.0976,0.0976,0.6675,0.1371,0.0976,0.1556,0.0976,0.3704,0.0976,0.0976,0.0976,0.0976,0.0976,0.0976,0.2081,0.1099,0.0976,0.0976,0.0976,0.0773,0.0976,0.0976,0.5166,0.0976,0.3064,0.7583,0.0976,0.08936,0.0976,0.0976,0.0976,0.0976,0.0976,0.0953,0.171,1.151,0.0976,0.0976,0.0976,0.0976,0.0976,0.0976,0.2113,0.0976,0.0976,0.0976,0.0976,0.0976,0.0976,0.363,0.0976,0.0976,0.0976,0.0976,0.0976,0.0976,0.0976,0.0976,0.0976,0.0976,0.0976,0.0976,0.1486,0.0976,0.0976,0.07104,0.0976,0.0976,0.0976,0.0917,0.0976,0.0976,0.0976,0.0976,0.09656,0.0976,0.0976,0.0976,0.0976,0.0976,0.09247,0.2084,0.0976,0.10474,0.0976,0.0976,0.0976,0.118,0.0976,0.355,0.0976,0.0931,0.0976,0.3157,0.0976,0.0976,0.1575
16,0.0972,0.0992,0.27,0.0992,0.4768,0.708,0.0992,0.0992,0.0992,0.0992,0.0992,0.0992,0.0992,0.0992,0.08966,0.0992,0.1396,0.769,0.0905,0.0992,0.0992,0.0992,0.0846,0.1497,0.0992,0.1766,0.0992,0.08057,0.4536,0.1565,0.0704,0.0992,0.0992,0.0992,0.0992,0.3433,0.0992,0.0992,0.0992,0.0992,0.0992,0.0992,0.3167,0.0992,0.0992,0.0992,0.0992,0.0992,0.0992,1.442,0.0992,0.0992,0.06335,0.1338,0.0992,0.1836,0.072,0.0992,0.6953,0.0992,0.3977,0.0992,0.0992,0.3848,0.0992,0.0992,0.3823,0.0992,0.0992,0.0992,0.0992,0.0992,0.0992,0.097,0.0992,0.827,0.0992,0.4622,0.0992,0.0992,0.0992,0.0992,0.0992,0.0992,0.0991,0.0992,0.0992,0.0992,0.0992,0.0992,0.0992,0.0992,0.4353,0.421,0.0992,0.1318,0.0992,0.08606,0.0852,0.1004,0.0992,0.0992,0.0992,0.09357,0.0992,0.0992,0.0992,0.0992,0.07086,0.0992,0.0992,0.0992,0.0805,0.0992,0.0992,1.188,0.0992,0.11707,0.0992,0.0992,0.6094,0.0992,0.0992,0.0992,0.0992,0.0992,0.0992,0.09064,0.10504,0.0992,0.0992,0.0992,0.0992,0.0992,0.0992,0.0992,0.0992,0.0992,0.1742,0.0992,0.0992,0.0992,0.0992,0.2166,0.0992,0.0992,0.0992,0.0992,0.0992,0.0992,0.0992,0.0992,0.0992,0.0992,0.0992,0.0992,0.1584,0.912,0.0992,0.10834,0.0992,0.7695,0.0992,0.0992,0.0992,0.09375,0.0992,0.0992,0.0992,0.0931,0.0992,0.0992,0.0992,0.0992,0.444,0.0992,0.0992,0.838,0.0992,0.0992,0.0992,0.0992,0.0992,0.0992,0.0992,0.2896,0.0992,0.2842,0.0992,0.0992,0.0992,0.0992,0.0992,0.4744,0.0955,0.0992,0.0992,0.0992,1.04,0.0992,0.0992,0.0992,0.09155,1.675,0.0992,0.0992,0.0992,0.0992,0.0992,0.426,0.1085,0.09064,0.0992,0.0992,0.0992,0.0915,0.0992,0.0992,0.0907,0.0992,0.0992,0.3596,0.2722,0.0992,0.0992,0.08936,0.0992,0.0992,0.0992,0.08936,0.3076,0.1192,0.0901,0.0992,0.0992,0.0992,0.1633,0.0992,0.0992,0.0992,0.1741,0.0954,0.08984,0.0992,0.0992,0.0992,0.1268,0.0992,0.0992,0.106,0.0992,0.08795,0.0992,1.081,0.1007,0.0829,0.0992,0.0992,0.0992,0.11676,0.0992,0.0992,0.0992,0.0992,0.09045,0.1471,0.0992,0.566,0.5215,0.0909,0.0829,0.0992,0.0992,0.0992,0.0992,0.0992,0.0992,0.0992,0.0992,0.0992,0.0992,0.0992,0.1788,0.0992,0.0992,0.0992,0.0992,0.0992,0.0992,0.0992,0.0992,0.0992,0.0992,0.5166,0.0992,0.0992,0.08905,0.0992,0.0992,0.0992,0.0992,0.09064,0.5596,0.0992,0.2106,0.4844,0.0992,0.0992,0.0992,0.0992,0.0795,0.09424,0.0992,0.0992,0.0992,0.1333,0.0992,0.0992,0.0992,1.273,0.0992,0.0992,0.2074,1.509,0.0992,0.0992,0.851,0.0992,0.0992,0.0992,0.0992,0.09674,0.0992,0.0992,0.0992,0.077,0.1969,0.0992,0.0992,0.0992,0.0992,0.1652,0.1968,0.959,0.0992,0.0992,0.0992,0.0992,0.2441,0.0992,0.0992,0.0992,0.0992,0.09485,0.0992,0.08246,0.1122,0.0992,0.0992,0.0992,0.9995,0.08856,0.0992,0.08105,0.0992,0.0992,0.0992,0.9795,0.4812,0.0757,0.0992,0.0992,0.09955,0.0992,0.09296,0.1858,0.0992,0.0992,0.0992,0.8486,0.0992,0.0992,0.0992,1.165,0.0992,0.11707,0.0992,0.1247,0.08685,0.0992,0.0992,0.0992,0.093,0.0992,0.0992,0.0992,0.4248,0.0992,0.0798,0.0992,0.862,0.0992,0.0992,0.0992,0.08246,0.0992,0.0933,0.0992,0.0992,0.0992,0.4316,0.916,0.0992,0.0992,0.0992,0.0992,0.514,0.0992,0.0992,0.0992,0.0992,0.0992,0.0992,0.0992,0.0992,0.119,0.0992,0.0992,0.0992,0.0992,0.6455,0.0992,0.0992,0.0992,0.0977,0.0992,0.0992,0.0992,0.281,0.0992,0.0992,0.0992,0.0992,0.0838,0.0992,0.0992,0.0871,0.0992,0.0992,0.0992,0.0992,0.0992,0.0854,0.0992,0.0992,0.0992,0.0992,0.0992,0.1361,0.0992,0.0992,0.0992,0.3457,0.0992,0.0992,0.0992,0.0992,0.0992,0.1486,0.0992,0.0992,0.0992,0.1086,0.0992,0.0992,0.10986,0.0879,0.0992,0.0992,0.0992,0.0992,0.628,0.1523,0.0992,0.0992,0.0992,0.0992,0.0992,0.1008,0.0992,0.0992,0.2017,0.1827,0.0992,0.0992,0.0992,0.0992,0.0992,0.0992,0.0992,0.0992,0.0992,0.0992,0.0992,0.0992,0.0992,0.0992,0.089,0.0992,0.0961,0.0992,0.0992,0.2125,0.0992,0.0992,0.0992,0.0992,0.0992,0.0992,0.0992,0.4165,0.0992,0.0992,0.3206,0.4414,0.0992,0.088,0.0992,0.0992,0.0992,0.0992,0.0992,0.0992,0.0992,0.0992,0.0992,0.0992,0.0992,0.0984,0.0992,0.0992,0.0992,0.0992,0.333,0.0992,0.0898,0.0992,0.0992,0.0995,0.185,0.0992,0.0992,0.0992,0.4204,0.0992,0.5396,0.0992,0.2222,0.0992,0.0992,0.0992,0.0992,0.0992,0.0992,0.0992,0.4336,0.0992,0.0992,0.2142,0.0992,0.0992,0.0992,0.0992,0.3232,0.0992,0.0992,0.6816,0.0992,0.0926,0.0992,0.0992,0.0992,0.0992,0.0992,0.0992,0.0992,0.0992,0.0992,0.276,0.0992,0.2925,0.0992,0.0992,0.0992,0.0992,0.0992,0.0992,0.0992,0.0992,0.0992,0.0992,0.0992,0.0992,0.0992,0.0992,0.2546,0.0992,0.0992,0.555,0.0992,0.72,0.0992,0.0992,0.0992,0.325,0.847,0.0992,0.0992,0.626,0.0992,0.0992,0.0992,0.7593,0.0904,0.1403,0.4873,0.0992,0.0992,0.0992,0.0776,0.0992,0.4712,0.1692,0.0992,0.0992,0.0992,0.4634,0.1072,0.0992,0.0974,0.0992,0.0992,0.4854,0.0992,0.0992,0.0992,0.0992,0.0992,1.035,0.0992,0.0992,0.0992,0.0992,0.1576,0.0992,0.5884,0.0992,0.0992,0.0992,0.0992,0.0992,0.0992,0.1378,0.0992,0.0992,0.0992,0.0992,0.2695,0.09326,0.7007,0.0992,0.0992,0.0992,0.0992,0.0992,0.0992,0.0992,0.0992,0.2023,0.0992,0.0992,0.0992,0.0992,0.0992,0.206,0.0992,0.0992,0.527,0.0992,0.0992,0.557,0.0992,0.0992,0.0992,0.0992,0.0992,0.0992,0.455,0.1296,0.0992,0.0992,0.0992,0.0992,0.0992,0.0992,0.0992,0.214,0.0992,0.0992,0.3342,0.0992,0.2607,0.0992,0.0992,0.0992,0.0992,0.0992,1.514,0.0737,0.0992,0.0992,0.0992,0.688,0.0992,0.0992,0.0992,0.0992,0.0992,0.377,0.0992,0.11346,0.0992,0.0992,0.0992,0.0992,0.0992,0.0992,0.1244,0.0992,0.0992,0.0992,0.0992,0.0992,0.0992,0.0992,0.0992,0.74,0.0992,0.0992,0.0992,0.0992,0.0992,0.6387,0.2454,0.0992,0.0992,0.0992,0.0992,0.0992,0.0992,0.0992,1.246,0.0992,0.0992,0.0992,0.0992,0.0992,0.0992,1.129,0.0992,0.1937,0.0992,1.252,0.0992,0.0908,0.0992,0.2228,0.0992,0.0992,0.0992,0.0992,0.0992,0.0992,0.8306,0.0992,0.0992,0.396,0.0992,0.0979,0.665,0.0992,0.0992,0.0992,0.0992,0.2725,0.0992,0.0992,0.1934,0.0992,0.0992,0.0992,0.0992,0.756,0.0992,0.0992,0.0992,0.0992,0.0992,0.0992,0.0992,0.0992,0.0992,0.3503,0.0992,0.0992,0.0992,0.0992,0.0992,0.0992,1.178,0.0992,0.0992,0.0992,0.0992,1.384,0.6826,0.08636,0.0979,0.0992,0.2164,0.0992,0.0992,0.0992,0.0992,0.6465,0.0992,0.0992,0.0992,0.0992,0.0896,0.0992,0.0992,0.6016,0.0992,0.0992,0.0992,0.0992,0.0992,0.0992,0.0992,0.0992,0.0992,0.0953,0.0992,0.0992,0.0992,0.0992,0.0992,0.0992,0.0992,0.3398,0.0992,0.0992,0.0992,0.0992,0.193,0.0992,0.0992,0.0992,0.0992,0.0992,0.0992,0.0992,0.0992,0.08936,0.0926,0.0992,0.0992,0.0992,0.0992,0.0992,0.0992,0.0992,0.5664,0.189,0.3608,0.0992,0.1594,0.0992,0.0992,0.0992,0.0992,0.0992,0.1747,0.0992,0.0992,0.0992,0.574,0.0992,0.0992,0.0992,0.0992,0.1306,0.0992,0.0992,0.0992,0.0992,0.0992,0.0992,0.0992,0.0992,0.4443,0.2737,0.0737,0.0992,0.0992,0.0992,0.0992,0.0992,0.0992,0.0992,0.0992,0.0992,0.0992,0.6543,0.0992,0.0992,0.0992,0.0992,0.363,0.0992,0.0992,0.0992,0.1093,0.0992,0.0992,0.1725,0.0992,0.08984,0.0992,0.0992,0.6562,0.0992,0.2081,0.4753,0.1217,0.0992,0.343,0.0992,0.0992,0.0992,0.1957,0.0992,0.0992,0.0992,0.0992,0.0992,0.0992,0.0992,0.2004,0.0992,0.2412,0.1375,0.0718,0.0992,0.517,0.0992,0.0992,0.0992,0.0992,0.0992,0.0992,0.0992,0.0992,0.0992,0.0992,0.0961,0.0992,0.0992,0.0992,0.09064,0.0992,0.0992,0.0992,0.605,0.2515,0.0992,0.0966,0.0992,0.0992,0.0992,0.0982,0.0992,0.0992,0.0992,0.0992,0.0992,0.0992,0.3188,0.08673,0.0992,0.0992,0.09064,0.0992,0.1942,0.0992,0.0992,0.3074,0.0992,0.0992,0.0992,0.0992,0.0992,0.0992,0.0992,0.0992,0.0992,0.0992,0.0992,0.0992,0.0992,0.7363,0.0992,0.0992,0.0936,1.318,0.0992,0.2269,0.0992,0.3176,0.0992,0.0992,0.664,0.0992,0.0992,0.3416,0.0992,0.0992,0.0992,0.9536,0.7983,0.0992,0.0992,0.0992,0.0992,0.0992,0.0992,0.0992,0.0992,0.0992,0.0992,0.0992,0.0992,0.11896,0.1588,0.0992,0.5723,0.0992,0.592,0.0992,0.0992,0.0992,0.0992,0.0992,0.0992,0.0992,0.395,0.0992,0.0992,0.0992,0.0992,0.0992,0.0992,0.0992,0.274,0.0992,0.08905,0.0992,0.1345,0.0992,0.0992,0.0992,0.0992,0.3914,0.0891,0.0992,0.0992,0.0992,0.1262,0.0992,0.0992,0.0992,0.0835,0.0917,0.0992,0.0992,0.0992,0.09753,0.0992,0.0992,0.0992,0.0992,0.0992,0.636,0.0857,0.0992,0.0992,0.0992,1.46,0.0992,0.0992,0.3586,0.0992,0.0992,0.2072,0.0992,0.0992,2.053,0.0992,0.0992,0.0992,0.158,0.0992,0.0992,0.0992,0.0992,0.0992,0.1367,0.0992,0.06946,0.0992,0.0992,0.0992,0.0992,0.0992,0.0992,0.0992,0.0924,0.0992,0.339,0.0992,0.0992,0.0992,0.09344,0.09033,0.0992,0.0992,0.0992,0.0992,0.0992,0.0992,0.0992,0.0992,0.0992,0.0992,0.0992,0.0989,0.0992,0.0992,0.0992,0.0992,0.158,0.2039,0.2686,0.2705,0.0992,0.0992,0.0992,0.8105,0.09283,0.09656,0.0992,0.783,0.0992,0.0992,0.1737,0.0913,0.0992,0.761,0.0992,0.0937,0.2087,0.0992,0.0992,0.0992,0.0992,0.147,0.0992,0.0992,0.11597,0.0992,0.3516,0.2683,0.09265,0.8843,0.0992,0.0992,0.0992,0.0992,0.0992,0.0992,0.0992,0.0992,0.0992,0.0992,0.09674,0.0923,0.0992,0.0992,0.0992,0.0992,0.0992,0.304,0.10864,0.0992,0.0992,0.0992,0.09485,0.0992,0.614,0.7275,0.0992,0.0992,0.08875,0.668,0.0928,0.0992,0.0992,0.1095,0.0992,0.0992,0.0992,0.12384,0.0992,0.0946,0.0992,0.0992,0.0992,0.0992,0.0992,0.0992,0.0992,0.0992,0.141,0.11816,0.0992,0.0812,0.0992,0.0992,0.0992,0.0992,0.0992,0.0992,0.1459,0.0992,0.0992,0.0992,0.0992,0.0992,0.0949,0.0992,0.551,0.0947,0.0992,0.0992,0.0992,0.0992,0.0992,0.0992,0.1498,0.0992,0.0992,0.0992,0.0992,0.0992,0.25,0.0992,0.0992,0.558,0.0992,0.0992,0.0992,0.0992,0.0992,0.0992,0.0992,0.0973,0.0992,0.0992,0.0992,0.4148,0.5083,0.0992,0.0992,0.0992,0.0992,0.0992,0.0992,0.0992,0.0992,0.0992,0.615,0.1825,0.0992,0.09235,0.2095,0.0992,0.0992,0.0992,0.0992,0.0992,0.3923,0.0992,0.0992,0.0992,0.0992,0.1561,0.0992,0.0992,0.0992,0.0992,0.0992,0.0846,0.3728,0.0992,0.0992,0.2047,0.0992,0.0992,0.0858,0.0992,0.0992,0.2634,0.0992,0.1054,0.0992,0.32,0.0992,0.0992,0.0992,0.5913,0.0992,0.0992,0.0925,0.0992,0.0992,0.826,0.0992,0.0992,0.0992,0.0992,0.2698,0.0781,0.0992,0.0992,0.0992,0.0992,0.0992,0.0938,0.0992,0.0992,0.0992,0.0966,0.154,0.0992,0.0925,0.5215,0.0992,0.1644,0.0992,0.0992,0.0992,0.0992,0.0992,0.0992,0.0992,0.0992,0.0992,0.0992,0.0992,0.0992,0.0992,0.0992,0.1791,0.0992,0.2333,0.0992,0.0992,0.0992,0.0992,0.0881,1.835,0.0992,0.0992,0.0992,0.1236,0.0992,0.0992,0.0775,0.0992,0.0992,0.0992,0.0992,0.0992,0.0992,0.0992,0.0992,0.0992,0.0992,0.0856,0.0992,0.323,0.0992,1.325,0.0992,0.0992,0.0992,0.0992,0.0992,0.0992,0.2062,0.083,0.0992,0.746,0.0992,0.0992,0.0992,0.0772,0.181,0.0992,0.0992,0.0992,0.0901,1.209,0.0992,0.0992,0.0911,0.0992,0.0992,0.0992,0.0992,0.0992,0.0992,0.0992,0.1978,0.0889,0.0905,0.0992,0.0992,0.0992,0.0992,0.0992,0.0992,0.5195,0.0992,0.0992,0.0912,0.0992,0.0992,0.699,0.0992,0.0992,0.0992,0.0992,0.273,0.09753,0.0992,0.0965,0.0992,1.17,0.594,0.0992,0.0907,0.0992,0.1284,0.0992,0.0992,0.0992,1.145,0.0992,0.0992,0.0992,0.0992,0.0992,0.0862,0.0992,0.497,0.0992,0.0992,0.0992,0.6924,0.0992,0.0992,0.0992,0.3677,0.0992,0.0992,0.4844,0.0992,0.0992,0.1671,0.0992,0.0992,0.0992,0.0992,0.0992,0.98,0.4214,0.3381,0.0992,0.09186,0.0992,0.0992,0.0992,0.0992,0.2126,0.0992,0.0992,0.0992,0.0992,0.0992,0.0928,0.0992,0.0992,1.685,0.2223,0.0992,0.0992,0.9873,0.0992,0.2367,0.0992,0.0992,0.36,0.0992,0.971,0.0992,0.1134,0.209,0.0992,0.0992,0.0992,0.09375,0.0992,0.707,0.0992,0.4739,0.0992,0.0992,0.0992,0.0992,0.0992,0.0992,0.0992,0.0992,0.2498,0.0992,0.08246,0.0992,0.6772,0.0992,0.0992,0.0964,0.0992,0.0992,0.0721,0.0992,0.0992,0.0992,0.0992,0.0992,0.0992,0.07947,0.0992,0.0992,0.657,0.0992,0.0992,0.0992,0.0992,0.0992,0.0992,0.0992,0.0992,0.0992,1.491,0.0992,0.0992,0.0992,0.0992,0.0992,0.0992,0.702,0.0992,0.0992,0.0992,0.0992,0.0992,0.0992,0.0906,0.2644,0.0992,0.0992,0.1681,0.0992,0.09265,0.0992,0.0992,0.0992,0.08594,0.3376,0.0992,0.0992,1.226,0.0909,0.0992,0.0992,0.0992,0.0992,0.0992,0.0992,0.0992,0.0992,0.0992,0.0992,0.0992,0.0992,0.1376,1.855,0.1382,0.0992,0.0992,0.0992,0.09467,0.0992,0.0992,0.09454,0.0992,1.075,0.2148,0.0992,0.0992,0.254,0.0992,0.0992,0.0992,0.0992,0.0992,0.1064,0.0992,0.07947,0.0992,0.09045,0.0992,0.1289,0.086,0.0992,0.0992,0.0978,0.0992,0.0992,0.0992,0.2094,0.0992,0.2798,0.0992,0.6753,0.363,0.0935,0.0992,0.08276,0.0992,0.0992,0.0992,1.006,0.0992,0.0992,0.3994,0.0992,0.0992,0.5713,0.0992,0.0979,0.0992,0.0992,0.0992,0.0992,0.0915,0.09973,0.0992,1.6875,0.0992,0.0992,0.0992,0.4524,0.0992,0.0992,0.0992,0.0992,0.0992,0.0992,0.2788,0.1203,0.398,0.0992,0.0992,0.1566,0.0992,0.0992,0.4204,0.0992,0.0992,0.0992,0.0992,0.0992,0.0992,0.0915,0.3672,0.0992,0.0992,0.0992,0.10547,0.0992,0.0992,0.0992,0.0992,0.0992,0.0992,0.0992,0.0992,0.0992,0.098,0.0992,0.1349,0.0992,0.0992,0.0992,0.0992,0.06494,0.08765,0.3674,0.0992,0.0992,0.0992,0.0992,0.0992,0.4937,0.1515,1.163,0.0992,0.0992,0.1257,2.125,0.0992,0.0992,0.0992,0.0992,0.0992,0.0992,0.0992,0.0992,0.1713,0.0992,0.0992,0.0992,0.0992,0.0992,0.0827,0.0992,0.0992,0.0992,0.0992,0.0992,0.0992,0.0992,0.0917,0.0992,0.09766,0.0992,0.0992,0.0992,0.1282,0.0992,1.178,0.0992,0.0992,0.2744,0.0967,0.257,1.054,0.0992,0.1234,0.0992,0.0992,0.0992,0.0992,0.0992,0.0992,0.0992,0.0992,0.0992,0.0992,0.172,0.0992,0.1055,0.0992,0.0992,0.0992,0.0992,0.1484,0.0992,0.0992,0.3674,0.0992,0.0992,0.6206,0.0992,0.0992,0.465,0.0992,0.0992,0.0992,0.09875,0.1694,0.0992,0.0992,0.0992,0.0992,0.0992,0.1804,0.0992,0.0992,0.07477,0.0992,0.0992,0.1913,0.559,0.0992,0.07886,0.0992,0.478,0.0992,0.0992,0.0992,0.0992,0.0992,0.0992,0.0992,0.0992,0.0992,0.0992,0.0992,0.0992,0.0913,0.10364,0.0992,0.0992,0.0992,0.1128,0.0992,0.0992,0.1406,0.0992,0.944,0.585,0.0992,0.0992,0.0992,0.0992,0.0992,0.0992,0.0992,0.0992,0.0992,0.0992,0.0992,0.0992,0.1156,0.0992,0.0992,0.0992,0.0992,0.0992,0.0992,1.35,0.93,0.9097,0.0992,0.0992,0.0992,0.0956,0.0992,0.0992,0.1652,0.0992,0.0992,0.5073,0.2078,0.821,0.0992,0.6963,0.119,0.0992,0.0992,0.0992,0.0992,0.5747,0.0916,0.0992,1.1045,0.0992,0.0992,0.0992,0.0992,0.0992,0.0992,0.0992,0.0992,1.217,0.09625,0.479,0.0802,0.2986,0.0992,0.0992,0.0992,0.0992,0.0992,0.0992,0.655,0.0992,0.0933,0.0992,0.0738,0.0992,0.0992,0.0992,0.6523,0.10004,0.2278,0.0992,0.09906,0.0992,0.0992,0.0992,0.2152,0.0992,0.0992,0.0992,0.0992,0.0992,0.0992,0.0992,0.0829,0.0965,0.1609,0.0992,0.0992,0.0992,0.0992,0.0873,0.7036,0.0992,0.0941,0.0992,0.0992,0.0992,0.0992,0.2642,0.0992,0.545,0.3955,0.0992,0.0992,0.0992,0.1438,1.217,0.0939,0.26,0.0992,0.106,0.0992,0.0992,0.0992,0.0992,0.0992,0.0992,0.0992,0.0992,0.0992,0.12036,0.0992,0.443,0.0992,0.0955,0.0992,0.0992,0.0992,0.0992,0.0992,0.0992,0.0992,0.0992,0.482,0.1973,0.0992,0.955,0.2625,0.0992,0.0992,0.0992,0.0992,0.0992,0.0992,0.2272,0.0992,0.10706,0.0992,0.0992,0.0992,0.1506,0.08136,0.0992,0.2277,0.0992,0.0992,0.2693,0.0992,0.07416,0.0992,0.0992,0.0992,0.0992,0.0992,0.09064,0.0992,0.0992,0.647,0.0992,0.625,0.0992,0.681,0.0992,0.0992,0.1174,0.0992,0.0992,0.647,0.08325,0.0992,0.0992,0.0992,0.0992,0.0992,0.0992,0.0992,0.0992,0.0992,0.0992,0.0992,0.4155,0.4392,0.0992,0.0992,0.0992,0.11743,0.736,0.0992,0.0992,0.0992,0.0992,0.1683,0.0992,0.0992,0.0992,0.0992,0.4604,0.0992,0.4978,0.0992,0.2094,0.0992,0.0992,0.0992,2.45,0.0992,0.094,0.0992,0.7554,0.867,0.0992,0.0992,0.1544,0.0992,0.0992,0.0992,0.1427,0.3218,0.518,0.0992,0.0992,0.0992,0.0992,0.0992,0.0992,0.0992,0.2411,0.0992,0.0992,0.0992,0.605,0.0992,0.0992,0.0992,1.396,0.0992,0.3884,0.10504,0.0992,0.0992,1.125,0.0992,0.0992,0.5293,0.0992,0.0971,0.0992,0.0992,0.11285,0.0992,0.0992,0.0992,0.145,0.0992,0.0992,0.0992,0.0992,0.0992,0.0992,0.0992,0.0992,0.0992,0.0992,0.0992,0.1025,0.0992,0.0992,0.0992,0.0992,0.0992,0.0992,0.0992,0.1014,0.1727,0.0992,0.0992,0.0992,0.0992,0.0992,0.0992,0.64,0.2546,0.0992,0.5283,0.0992,0.0992,0.545,0.0992,0.7466,0.0992,0.10913,0.0992,0.0992,0.1731,0.0992,0.0992,0.0992,0.0992,0.0992,0.1475,0.0992,0.0838,0.0992,0.0992,0.0992,0.0992,0.0992,0.0992,0.0992,0.0863,0.597,0.0992,0.0992,0.0992,0.0992,0.0992,0.0992,0.1947,0.0992,0.0992,0.0992,0.0992,0.5005,0.0992,0.0992,0.1819,0.0992,0.0992,0.0992,0.1063,0.0992,0.0992,0.1384,0.0992,0.0956,0.2302,0.0992,1.753,0.0992,0.0992,0.305,0.0992,0.877,0.084,0.523,0.0992,0.0992,0.0992,0.0992,0.0992,0.0846,0.0992,0.0992,0.0992,0.0992,0.0933,0.0992,0.0992,0.0992,0.0992,0.4482,1.823,0.0992,0.0992,0.0992,1.1455,0.1619,0.3547,0.2456,0.0992,0.0992,0.0992,0.0992,0.0992,0.607,0.0992,0.0992,0.0992,0.2754,0.1257,0.0992,0.0992,0.1051,0.0992,0.0992,0.133,0.0992,0.0992,0.0992,0.0992,0.0992,0.04968,0.0992,0.0992,0.0992,0.0992,0.0992,0.0992,0.0992,0.09644,1.073,0.0992,0.0992,0.0992,0.0992,0.422,0.0992,0.0992,0.0992,0.0992,0.0992,0.0992,0.0992,0.0992,0.0992,0.0992,0.0627,1.247,0.0992,0.1296,0.0992,0.10223,0.746,2.027,0.0992,0.0992,0.0992,0.0992,0.0992,0.0992,0.0992,0.0992,0.0992,0.0992,0.0992,0.0992,0.2766,0.3677,0.0992,0.0992,0.0992,0.0795,0.0992,0.0992,0.855,0.0992,0.1333,0.0992,0.0992,0.0992,0.0992,0.0992,0.0992,0.0992,0.0992,0.5293,0.09454,0.0992,0.0992,0.0992,0.0992,0.0992,0.0992,0.0992,0.3628,0.0992,0.0992,0.0992,0.0992,0.1069,0.0992,0.11926,0.0992,0.09863,0.0992,0.309,0.1135,0.0992,0.0992,0.197,0.0992,0.0961,0.0992,0.0992,0.0992,0.0992,0.0992,0.3535,0.0992,0.3818,0.1181,0.2524,0.0992,0.0992,0.0992,0.0992,0.0992,0.8486,0.0992,0.4604,0.0992,0.0992,0.0992,0.0992,0.0992,0.0992,0.11914,0.0992,0.5273,0.0992,1.103,0.0992,0.5156,0.0992,0.0992,0.0992,0.458,0.1785,0.0992,0.0992,0.0992,0.557,0.0992,0.0992,0.0992,0.0992,0.0992,0.0992,0.08905,0.0992,0.0992,0.0992,0.0992,1.143,0.0992,0.0992,0.0992,0.0992,0.0992,0.0992,0.0992,0.0992,0.489,0.0992,0.0992,0.512,0.0992,0.0992,0.0992,0.1237,0.0912,0.0992,0.0915,0.2451,0.0992,0.0992,0.0992,0.0992,0.0992,0.0992,0.0992,0.0992,0.0992,0.597,0.0992,0.0992,0.0992,0.0992,0.0992,0.0992,0.0992,0.0992,0.0992,0.0992,0.0992,0.3855,0.0992,0.0856,0.0992,0.092,0.0992,0.0992,0.0992,0.0992,0.09015,0.0992,0.0992,0.0992,0.0992,0.0992,0.0992,0.0992,0.0992,0.0992,0.0992,0.0992,0.0992,0.0992,0.0992,0.4556,0.0992,0.0992,0.0992,0.0992,0.2388,0.0992,0.09064,0.0992,0.07153,0.0942,0.0992,0.8794,0.0992,0.0992,0.1052,0.0992,0.0992,0.0992,0.0992,0.0992,0.0992,0.0992,0.0992,0.0992,0.09503,0.114,0.0992,0.0992,0.09686,0.0992,0.0992,0.0992,0.0992,0.0992,0.0992,0.0992,0.324,0.0992,0.1654,0.541,0.0992,0.0992,0.0992,0.0992,0.642,0.0992,0.0992,0.1078,0.0992,0.0992,0.0992,0.0992,0.0992,0.0992,0.0992,0.0992,0.0992,0.0992,0.0992,0.0992,0.0708,0.1519,0.851,0.0992,0.0992,0.0924,0.0992,1.614,0.0992,0.0898,0.0992,0.1733,0.0992,0.0992,0.0992,0.0992,0.5645,0.0992,0.1609,0.0992,0.0992,0.2448,0.0809,0.0992,0.0992,0.0992,0.529,0.1094,0.317,0.0992,0.0992,0.0992,0.0992,0.0992,1.18,0.0992,0.0992,0.0992,0.532,0.1238,1.099,0.0992,0.0992,0.08417,0.0992,0.0992,0.0966,0.0992,0.4817,0.0899,0.12335,0.4575,0.0992,0.0992,0.0992,0.0992,0.0992,0.0992,0.0992,0.1823,0.0992,0.0992,0.0992,0.0992,0.0992,0.1099,0.0816,0.0992,0.0992,0.2202,0.0992,0.0992,0.0992,0.0992,0.3325,0.2534,0.3804,0.0992,0.0992,0.0992,0.0992,0.0992,0.0992,0.0992,0.7197,0.0992,0.0992,0.0992,0.1144,0.483,0.3638,0.0992,0.0992,0.2412,0.0992,0.0992,2.342,0.0992,0.0992,0.0992,0.0992,0.0992,0.0992,0.0992,0.0992,0.0992,0.1231,0.0992,0.0992,0.0992,0.0992,0.0992,0.0992,0.0992,0.0992,0.1562,0.0992,0.942,0.0992,0.0992,0.0992,0.0992,0.0992,0.0992,0.3948,0.0992,0.4958,0.0992,0.0992,0.2263,0.254,0.3225,0.0992,0.0992,0.0992,0.0992,0.0992,0.3982,0.2198,0.0992,0.2,0.0992,0.0992,0.2131,0.0992,0.0992,0.0992,0.0992,0.1682,0.0992,0.0992,0.092,0.4153,0.1975,0.0992,0.0992,0.0807,0.0992,0.0992,0.0992,0.23,0.09863,0.0992,0.0992,0.0992,0.0992,0.2117,0.0992,0.7007,0.0992,0.0992,0.0992,0.0992,0.0992,0.08673,0.0992,0.2014,0.0992,0.09924,0.4531,0.0992,0.0992,0.0992,0.0992,0.0992,0.0992,0.0992,0.0992,0.0992,0.0992,0.0992,0.0992,0.093,0.0992,0.1838,0.1409,0.0992,0.0992,0.1846,0.4019,0.4597,0.0992,0.33,0.2893,0.0992,0.0992,0.0992,0.3496,0.0992,0.0992,0.0992,0.0992,0.0992,0.0992,0.083,1.374,0.2238,0.0992,0.0992,0.0992,0.0992,0.0992,0.0992,0.1837,0.3865,0.0992,0.0992,0.0992,0.0992,0.0992,0.0992,0.0992,0.09595,0.0992,0.418,0.0992,0.0992,0.5166,0.108,0.0992,0.0904,0.0992,0.1478,0.0992,0.0992,0.0992,0.1067,0.3745,1.059,0.0992,0.3508,0.0992,0.1752,0.0992,0.0992,0.2285,0.0992,0.09875,0.0992,0.0992,0.0992,0.0936,0.0992,0.0992,0.394,0.0992,0.0884,0.0992,0.0992,0.0992,0.0992,0.09064,0.0992,0.0992,0.0992,0.0992,0.0992,0.0992,0.0992,0.0992,0.0992,0.0992,0.0992,0.0992,0.0992,0.6826,0.0992,0.1321,1.059,0.0992,0.0992,0.2976,0.0992,0.0903,0.0992,0.0992,0.0845,0.0992,0.0992,0.0949,0.07336,0.0992,0.1935,0.0992,0.0992,0.0992,0.0992,0.0992,0.0992,0.0992,0.0992,0.0992,0.1047,0.4614,0.0992,0.0992,0.0992,0.306,0.5317,0.0992,0.0946,0.09296,0.0992,0.0992,0.0992,0.0992,0.07416,0.13,0.0992,0.0992,0.0992,0.0992,0.2273,0.0992,0.0992,0.10004,0.0992,0.0992,0.0992,0.0992,0.0992,0.08105,0.2864,0.0992,0.0992,0.0992,0.3098,0.0992,0.0992,0.0992,0.0992,0.0992,0.0992,0.09076,0.0992,0.1005,0.5073,0.0992,0.0992,0.0992,0.0992,0.0992,0.0992,0.0938,0.0992,0.0992,0.0992,0.0992,0.0992,0.0992,0.3552,0.0992,0.0992,0.0992,0.0992,0.1991,0.0992,0.0992,0.0889,0.0964,0.0884,0.0992,0.0992,0.0992,0.0992,0.0992,0.0992,0.0992,0.4404,0.0992,0.09076,0.0992,0.0992,0.0947,0.0992,0.0992,0.0992,0.0992,0.0992,0.0992,0.0992,0.0992,0.0992,0.0992,0.0821,0.0992,0.0992,0.0992,1.631,0.2426,0.839,0.095,0.0992,0.1638,0.0992,0.0992,0.2686,0.0992,0.0992,0.0992,0.0992,0.07587,0.0992,0.2693,0.0992,0.2374,0.566,0.3984,0.0992,0.2695,0.0992,0.2551,0.0992,0.0992,0.0992,0.11005,0.093,0.09265,0.328,0.185,0.0992,0.0992,0.11224,0.0992,0.09735,0.0992,0.0992,0.0992,0.0992,0.4768,0.0992,0.0992,0.4504,0.0992,0.0992,0.0992,0.0992,0.0992,0.0992,0.0992,0.0992,0.1631,0.0992,0.0911,1.032,0.113,0.0992,0.0992,0.0992,0.0992,0.265,0.0992,0.0992,0.08246,0.0992,0.0992,0.3054,0.0992,0.0992,0.0992,0.0992,0.0992,0.0992,0.0992,0.1572,0.0992,0.0783,0.0992,0.0841,0.0992,0.0992,0.0992,0.2368,0.1407,0.0992,0.0992,0.0992,0.0932,0.0992,0.0992,0.0992,0.7783,0.0992,0.567,0.2347,0.0992,0.0992,0.0992,0.0992,0.46,0.0992,0.0835,0.0992,0.0992,0.0992,0.0992,0.1584,0.0992,0.0992,0.0992,0.0992,0.0992,0.2296,0.0823,0.0992,0.0992,0.0992,0.0992,0.0992,0.101,0.09796,0.0992,0.0992,0.4321,0.0992,0.0992,0.0992,0.09216,0.0992,0.072,0.5977,0.0992,0.0992,0.0991,0.092,0.0992,0.0992,0.3977,0.95,0.0992,0.0992,0.4092,0.10974,0.0992,0.0992,0.1333,0.0992,0.0992,0.0992,0.0992,0.0992,0.0992,0.0992,0.1256,0.1177,0.0992,0.0992,0.0992,0.1681,0.0992,0.082,0.0992,0.0992,0.0992,0.2262,0.1534,0.0992,0.0992,0.0954,0.0992,0.6484,0.8564,0.0992,0.10223,0.0992,0.0992,0.0992,0.1841,0.10425,0.08875,0.0992,0.0992,0.09467,0.0992,0.0992,0.0921,0.1033,0.0992,0.581,1.006,0.0992,0.1953,0.1482,0.3845,0.0992,0.0992,0.0992,0.7646,0.0992,0.0992,0.0992,0.1641,0.0992,0.0992,0.0992,0.0992,0.0992,0.3252,0.0992,0.0992,0.321,0.0992,0.0992,0.0901,0.0992,0.0992,0.0992,0.087,0.0992,0.0992,0.0992,0.07745,0.3489,0.0992,0.0992,1.423,0.0992,0.2134,0.0992,0.0992,0.0947,0.0992,0.0992,0.0992,0.09534,0.0992,0.0992,0.4055,0.0918,0.0992,0.0992,0.551,0.0982,0.0992,0.1893,0.0992,0.0992,0.0992,0.7974,0.0992,0.471,0.0992,0.0992,0.1714,0.618,0.0992,0.0974,0.0992,0.0992,0.321,0.4075,0.0992,0.0992,0.0992,0.0992,0.0992,0.0992,0.0992,0.0992,0.0992,0.0992,0.653,0.0992,0.0992,0.0992,0.0992,0.2379,0.0992,0.3928,0.0992,0.0992,0.0992,0.0992,0.2537,0.0992,0.0992,0.6436,0.0992,0.0992,0.0992,0.0992,1.057,0.0992,0.1052,0.0992,0.0992,0.0925,0.0962,0.0992,0.0992,0.0992,0.0992,0.0992,0.0992,1.209,0.7104,0.0992,0.0992,0.0992,0.0841,0.0992,1.019,0.0992,0.0992,0.1539,0.0992,0.10693,0.293,0.0992,0.1505,0.0992,0.0992,0.0992,0.0992,0.3267,0.0992,0.0992,0.0992,0.0992,0.3384,0.7495,0.0992,0.0992,0.0992,0.0992,0.845,0.0992,0.0992,0.0992,0.0992,0.1054,0.0992,0.9355,0.0992,0.0992,0.096,0.0992,0.0992,0.139,0.0992,0.0992,0.0992,0.0992,0.0992,0.0992,0.0992,0.0992,0.0992,0.0992,0.0992,0.0992,0.0992,0.0992,0.0992,0.0992,0.0992,0.0918,0.0992,0.0992,0.0992,0.0992,0.0992,0.0992,0.0992,0.0992,0.788,0.0992,0.0992,0.0992,0.0992,0.3892,0.0952,0.0992,0.551,0.08875,0.11017,0.0992,0.0992,0.0992,0.5083,0.0992,0.0992,0.7607,0.0992,0.0992,1.104,0.0992,0.9424,0.09076,0.0992,0.0992,0.0992,0.0766,0.0843,0.0992,0.0992,0.0992,0.0992,0.0992,0.0992,0.0992,0.0992,0.3064,0.0992,0.0992,0.0992,0.0992,0.0992,0.0992,0.0992,0.0992,0.0992,0.3608,0.0992,0.0935,0.3472,0.0887,0.0992,0.0992,0.0992,0.0942,0.0992,0.0992,0.0992,0.0992,0.0992,0.0992,0.0992,0.0992,0.0992,0.2668,0.0919,0.0992,0.2747,0.2318,0.1671,0.0992,0.0992,0.0992,0.0992,0.0992,0.0992,0.0992,0.0992,0.0992,0.0992,0.0992,0.0992,0.0992,0.0779,1.094,0.0992,0.0992,0.0992,0.0887,0.0992,0.0992,0.0992,0.0992,0.0903,0.0992,0.108,0.0992,0.0992,0.0992,0.0992,0.0992,0.0992,0.0992,0.0992,0.0992,0.0992,0.0822,0.09406,0.788,0.0992,0.0919,0.0992,0.0992,0.2468,0.0992,0.0992,0.09143,0.0992,0.0992,0.11145,0.0992,0.0992,0.0992,0.0992,0.1062,0.0992,0.0992,0.0992,0.09796,0.0992,0.0992,0.0992,0.0992,0.0992,0.0992,0.0992,0.094,0.0992,0.0992,0.0871,0.0992,0.0992,0.0992,0.0992,0.555,0.0992,0.257,0.0992,0.0992,0.0992,0.0992,0.0992,0.0833,0.1184,0.0992,0.0992,0.3074,0.0992,0.0992,0.0992,0.0992,0.1151,0.0869,0.0992,0.0992,0.0947,1.413,0.0992,0.0992,0.0992,0.0992,0.0992,0.0992,0.0992,0.0992,0.0992,0.0992,0.0992,0.0992,0.0992,0.0992,0.0992,0.0992,0.0992,0.0992,0.1035,0.1279,0.0992,0.0992,0.1178,0.0992,0.0992,0.0992,0.0992,0.0992,0.09045,0.0992,0.1909,0.0992,0.0992,0.0992,0.0992,0.0992,0.7065,0.0992,0.2773,0.0992,0.0992,0.0992,0.0992,0.4827,0.0992,0.0992,0.0992,0.0992,0.0992,0.0992,0.0992,0.0992,0.0992,0.0992,0.0992,0.2505,0.0992,0.0992,0.1921,0.9956,0.0953,0.0992,0.0992,0.09235,0.0992,0.0992,0.0992,0.0992,0.4502,0.0992,0.0992,0.1116,0.0992,0.332,0.0992,0.08325,0.0992,0.0992,0.0992,0.0992,0.0992,0.0992,0.0992,0.0992,0.0992,0.0992,0.1595,0.501,0.0992,0.1495,0.0992,0.1436,0.0992,0.1322,0.0992,0.0992,0.11176,0.0852,0.0992,0.0992,0.0992,0.0992,0.0992,0.0992,0.0992,0.0992,0.0992,0.0992,0.0992,0.0992,0.0992,0.0992,0.0992,0.0992,0.0992,0.0992,0.0992,0.358,0.0992,0.10297,0.0992,0.0979,0.0992,0.0992,0.0992,0.0992,0.0992,0.1594,0.0992,0.0992,0.0992,0.0992,0.0992,0.6587,0.0992,0.0992,0.1324,0.0992,0.0992,0.0992,0.2003,0.0992,0.0992,0.0992,0.0992,0.0992,0.0992,0.0992,0.0992,0.2769,0.3755,0.0992,0.0992,0.0992,0.0992,0.0992,0.0992,0.3918,0.08954,0.0992,0.11865,0.0992,0.0992,0.0992,0.1842,0.0992,0.6406,0.08606,0.0992,0.0992,0.2961,0.0992,0.0992,0.0992,0.09106,0.2126,0.0992,0.0992,0.0992,0.0992,0.0992,0.0992,0.0992,0.0992,0.0992,0.0992,0.0992,0.0992,0.0992,0.765,0.0992,0.0992,0.0992,0.0992,0.0992,0.0992,0.0992,0.0992,0.0992,0.0992,0.0992,0.09814,0.0992,0.0992,0.0992,0.097,0.0992,0.12225,0.1268,0.0992,0.1236,0.1335,0.0992,0.0992,0.0992,0.0992,0.0772,0.0992,0.0992,0.091,0.0992,0.0992,0.0992,0.0992,0.0992,0.09326,0.0992,0.0992,0.3792,0.0992,0.0992,0.12134,0.0992,0.0992,0.0992,0.0992,0.0992,0.0807,0.0992,0.1059,0.0992,0.0992,0.09436,0.0992,0.2883,0.0992,0.0992,0.0992,0.0992,0.0992,0.2448,0.0992,0.0992,0.0992,0.0992,0.0992,0.0992,0.10394,0.0992,0.0992,0.0992,0.0941,0.0992,0.0992,0.0992,0.0992,0.0992,0.0992,0.08765,0.0992,0.0992,0.0992,0.0992,0.0992,0.0992,0.0992,0.0992,0.0992,0.0992,0.0992,0.0992,0.0992,0.0992,0.7446,0.5205,0.0962,0.0992,0.3608,0.0992,0.0992,0.09564,0.0992,0.0992,0.0992,0.0992,0.0992,0.0992,0.784,0.0992,0.0992,0.0992,0.0911,0.0992,0.0992,0.0992,0.0937,0.0992,0.98,0.0992,0.0992,0.0992,0.0992,0.0992,0.0992,0.0992,0.0992,0.0992,0.1236,0.0837,0.0992,0.0992,0.1012,0.0992,0.0992,0.0992,0.0992,0.0992,0.0992,0.0992,0.0992,0.0992,0.0992,0.0992,0.0992,0.09674,0.0992,0.0992,0.0992,0.9907,0.2397,0.0992,0.478,0.0992,0.0992,0.0992,0.0992,0.0992,0.521,0.0992,0.0992,0.09155,0.0992,0.0992,0.0992,0.08246,0.3257,0.0992,0.0992,0.1761,0.0992,0.0992,0.0992,0.0992,2.012,0.0992,0.0992,0.0992,0.0992,0.1323,0.3728,0.0997,0.0992,0.0992,0.0992,0.0992,0.0992,0.0992,0.0889,0.0992,0.0992,0.0992,0.0992,0.0992,0.10266,0.0992,0.0925,0.0992,0.09973,0.0992,0.0992,0.0992,0.0992,0.0992,0.0826,0.0992,0.0992,0.0992,0.0992,0.0992,0.2942,0.0992,0.0992,0.0992,0.2913,0.09033,0.08466,0.0992,0.0992,0.1353,0.0992,0.0992,0.0992,0.0992,0.0992,0.1453,0.0992,0.1605,0.0992,0.0992,0.0992,0.0992,0.0992,0.0992,0.0934,0.0992,0.0992,0.0992,0.0992,0.0992,0.0992,0.0992,0.0992,0.0992,0.0992,0.0992,0.0992,0.12317,0.0992,0.0992,0.0992,0.0992,0.0992,0.0992,0.0992,0.0973,0.0992,0.0992,0.0992,0.0992,0.0992,0.0992,0.0992,0.0978,0.252,0.0992,0.0992,0.0818,0.0992,1.052,0.2795,0.0992,0.0992,0.0992,0.0992,0.0992,0.0992,0.5015,0.0992,0.0992,0.2429,0.0992,0.0992,0.0992,1.074,0.0992,0.0992,0.0992,0.4216,0.0992,0.0992,0.0992,0.07874,0.0938,1.3,0.0992,0.11475,0.0992,0.0992,0.08624,0.0992,0.09735,0.0992,0.0992,0.1478,0.0992,0.0992,0.2479,0.0992,0.0992,0.0992,0.2837,0.0992,0.0992,0.0992,0.0992,0.2544,0.0992,0.0992,0.8276,0.1686,0.0992,0.183,0.0992,0.4102,0.0992,0.096,0.0992,0.0992,0.0992,0.08575,0.0878,0.0748,0.0992,0.0992,0.0992,0.0915,0.0992,0.0992,0.5215,0.0992,0.3513,0.6875,0.0992,0.0594,0.0992,0.0992,0.0992,0.0992,0.0992,0.0992,0.1791,1.134,0.0992,0.0992,0.0992,0.0992,0.0796,0.0992,0.2756,0.0992,0.0992,0.0992,0.0992,0.0992,0.0992,0.2374,0.0992,0.0992,0.0992,0.0992,0.0992,0.0992,0.0992,0.0992,0.0992,0.0992,0.0992,0.0992,0.0955,0.0992,0.0992,0.09955,0.0992,0.0992,0.0992,0.0999,0.0992,0.0992,0.0992,0.0992,0.09735,0.0992,0.0992,0.0992,0.0992,0.0992,0.0992,0.1816,0.0992,0.1024,0.0992,0.0992,0.0969,0.09845,0.0992,0.2487,0.0992,0.09204,0.0992,0.294,0.0992,0.0992,0.2886
17,0.1075,0.1075,0.585,0.1075,0.3955,1.143,0.1075,0.1075,0.1075,0.1075,0.1075,0.1075,0.1075,0.1075,0.1519,0.1075,0.07495,0.754,0.09625,0.1075,0.1075,0.1075,0.2761,0.1392,0.1075,0.2179,0.1075,0.2834,0.272,0.069,0.3965,0.1075,0.1075,0.1075,0.1075,0.741,0.1075,0.1075,0.1075,0.1075,0.1075,0.1075,0.0849,0.174,0.1075,0.1075,0.11414,0.1075,0.1075,1.724,0.1075,0.1075,0.09534,0.0669,0.1075,0.747,0.2734,0.1075,0.5464,0.1075,0.5415,0.1075,0.1075,0.077,0.1075,0.1075,0.638,0.1075,0.1075,0.1075,0.1075,0.1075,0.1075,0.10504,0.1075,0.918,0.1075,0.3945,0.1075,0.1075,0.1075,0.1075,0.1075,0.1075,0.1637,0.1075,0.1075,0.1075,0.1075,0.1075,0.1075,0.1075,0.5015,0.1997,0.1075,0.2375,0.1075,0.1106,0.08466,0.2222,0.1075,0.1075,0.09534,0.1075,0.1075,0.1075,0.1075,0.1075,0.359,0.1075,0.1075,0.1075,0.2542,0.1075,0.1075,1.266,0.06104,0.1075,0.1075,0.1075,0.4443,0.1075,0.1075,0.1075,0.1075,0.1075,0.10156,0.1075,0.1058,0.1075,0.1075,0.217,0.1075,0.1075,0.1075,0.1075,0.1075,0.1075,0.2693,0.1075,0.1075,0.1075,0.1075,0.2499,0.1075,0.1075,0.1075,0.1075,0.1075,0.1075,0.1075,0.1075,0.1075,0.1075,0.1075,0.1075,0.0988,1.341,0.1075,0.129,0.1075,0.524,0.1075,0.1069,0.1075,0.1075,0.1075,0.1075,0.1075,0.10986,0.1075,0.1075,0.1075,0.1075,0.33,0.1075,0.1075,0.715,0.08453,0.1075,0.1075,0.1075,0.1075,0.1075,0.1075,0.3896,0.1075,0.551,0.1075,0.1075,0.1075,0.1075,0.1075,0.1443,0.1016,0.1075,0.1075,0.1075,1.477,0.1075,0.1719,0.0985,0.10376,1.617,0.0935,0.10895,0.1075,0.1075,0.1075,0.5557,0.1075,0.12366,0.1075,0.1075,0.1075,0.1725,0.1075,0.1075,0.0945,0.1075,0.1075,0.625,0.3914,0.1075,0.1075,0.1075,0.1075,0.1075,0.10144,0.4514,0.1414,0.1075,0.4846,0.1075,0.1075,0.1075,0.2874,0.1075,0.1075,0.1075,0.111,0.1075,0.1492,0.1075,0.1075,0.1075,0.05496,0.1075,0.1075,0.1026,0.1075,0.1002,0.1075,1.009,0.0843,0.08606,0.1075,0.1075,0.1075,0.10034,0.1075,0.1075,0.1075,0.1075,0.1075,0.0916,0.1075,0.3948,0.669,0.1075,0.07263,0.1075,0.1075,0.1075,0.1075,0.1075,0.1075,0.1075,0.1075,0.1075,0.1075,0.1075,0.1075,0.06155,0.1075,0.1075,0.1075,0.1075,0.1075,0.0746,0.1075,0.1075,0.1075,0.352,0.1075,0.1075,0.1075,0.1075,0.1075,0.1075,0.1075,0.0833,0.585,0.1075,0.1186,0.5566,0.0974,0.1075,0.1075,0.1075,0.0816,0.1075,0.1075,0.1075,0.0833,0.1183,0.1075,0.1075,0.1075,1.288,0.1075,0.1075,0.3447,1.644,0.1075,0.1075,0.6494,0.1075,0.1075,0.1075,0.1075,0.1075,0.1075,0.1075,0.1075,0.1198,0.4636,0.1075,0.1075,0.1075,0.1075,0.1437,0.2072,1.71,0.1075,0.09467,0.1075,0.1075,0.074,0.1075,0.1075,0.1075,0.1075,0.09375,0.2358,0.088,0.1075,0.1075,0.1075,0.0918,0.9146,0.1075,0.1075,0.09937,0.1075,0.1075,0.1075,0.776,0.731,0.2708,0.1075,0.08655,0.1075,0.1075,0.10834,0.1162,0.1075,0.1075,0.1075,0.655,0.1075,0.1075,0.08575,0.9956,0.1075,0.2206,0.1075,0.0985,0.1075,0.1075,0.1075,0.1075,0.1075,0.1075,0.1075,0.1075,0.574,0.1075,0.2457,0.1075,1.008,0.1075,0.10126,0.1075,0.1388,0.0886,0.155,0.1395,0.1075,0.1075,0.08954,0.7544,0.1075,0.1075,0.1075,0.1075,0.2272,0.1075,0.1075,0.1075,0.1075,0.1075,0.0965,0.1075,0.1075,0.0989,0.1075,0.1075,0.1075,0.1075,0.482,0.1075,0.1075,0.1075,0.085,0.1075,0.1075,0.1075,0.64,0.1075,0.1075,0.1075,0.1075,0.346,0.1075,0.1075,0.1954,0.09753,0.1075,0.1075,0.1075,0.1075,0.09,0.1075,0.1075,0.1075,0.1075,0.1075,0.2747,0.1075,0.1075,0.1075,0.191,0.1075,0.1075,0.1075,0.1075,0.1075,0.2827,0.1075,0.1075,0.1075,0.137,0.1075,0.1075,0.1075,0.0881,0.1075,0.14,0.1075,0.1075,0.743,0.2089,0.1075,0.1075,0.1075,0.1075,0.102,0.1013,0.1075,0.1075,0.282,0.2524,0.1075,0.1075,0.1075,0.1075,0.1075,0.1075,0.1075,0.1075,0.1075,0.1075,0.1075,0.1075,0.1075,0.1075,0.09686,0.1075,0.1075,0.1075,0.1075,0.07025,0.0831,0.1256,0.1075,0.1075,0.1075,0.1075,0.1075,0.2886,0.1075,0.10486,0.5957,0.567,0.1075,0.1075,0.1075,0.1075,0.1075,0.1075,0.1075,0.1075,0.1075,0.1075,0.1075,0.1075,0.1075,0.1075,0.1075,0.1075,0.1075,0.1075,0.09955,0.08606,0.368,0.1075,0.1075,0.09607,0.2903,0.1075,0.1075,0.1075,0.547,0.1075,0.5728,0.1075,0.1005,0.1075,0.1304,0.1075,0.1075,0.1075,0.1075,0.1075,0.2158,0.1075,0.10944,0.12256,0.1075,0.1075,0.1075,0.1075,0.1075,0.1075,0.1075,0.747,0.1075,0.3145,0.1075,0.1075,0.1075,0.1075,0.1075,0.1075,0.1075,0.1075,0.1075,0.0908,0.1075,0.1956,0.0944,0.1075,0.1075,0.1075,0.1075,0.1011,0.1075,0.1075,0.1075,0.1075,0.1075,0.1075,0.1075,0.1075,0.17,0.1075,0.1075,0.2249,0.1075,0.9097,0.1075,0.1075,0.10675,0.1016,0.4648,0.1075,0.1075,0.546,0.1075,0.1017,0.1075,0.4878,0.1852,0.11304,0.3738,0.1075,0.1075,0.1075,0.1032,0.1075,0.719,0.1376,0.1075,0.1075,0.1075,0.681,0.1309,0.1075,0.1075,0.1075,0.1075,0.4255,0.1075,0.1075,0.1075,0.1075,0.1075,1.232,0.1075,0.1075,0.1075,0.1075,0.219,0.1075,0.5054,0.1075,0.1075,0.1075,0.1075,0.1069,0.1075,0.3281,0.1075,0.1075,0.1075,0.1075,0.516,0.10223,0.4966,0.1075,0.1075,0.1075,0.1075,0.1075,0.1075,0.1075,0.1075,0.2343,0.1075,0.1075,0.1075,0.1075,0.1075,0.3215,0.1075,0.1075,0.2065,0.1075,0.1075,0.7793,0.10364,0.1075,0.1075,0.1075,0.07794,0.1075,0.08655,0.10547,0.1075,0.1075,0.1075,0.1075,0.1075,0.1075,0.1075,0.2227,0.1075,0.0957,0.4863,0.1075,0.667,0.1075,0.1075,0.1075,0.1075,0.1075,1.404,0.1542,0.1075,0.1075,0.1075,0.486,0.1075,0.1075,0.1075,0.1075,0.1075,0.534,0.1075,0.4084,0.134,0.1075,0.1075,0.1545,0.1075,0.1075,0.2678,0.1075,0.1075,0.1075,0.1075,0.1075,0.1075,0.1075,0.1075,0.5156,0.1075,0.1075,0.1075,0.1075,0.1075,0.5366,0.438,0.1075,0.1075,0.1075,0.1075,0.1075,0.1075,0.1075,0.764,0.1075,0.1075,0.1075,0.1075,0.1075,0.09827,0.795,0.1075,0.10583,0.1075,1.199,0.1075,0.09753,0.1075,0.1072,0.1075,0.1075,0.1075,0.1075,0.1075,0.1075,0.7627,0.1075,0.1075,0.4333,0.1075,0.1075,0.599,0.1075,0.1075,0.1075,0.1075,0.4236,0.1075,0.1075,0.0968,0.1075,0.1075,0.1075,0.1075,1.201,0.1075,0.1075,0.1075,0.1075,0.1075,0.1075,0.1075,0.1075,0.1075,0.3677,0.1075,0.1075,0.1075,0.09454,0.1075,0.1075,1.354,0.1075,0.08466,0.107,0.1075,1.306,1.055,0.1075,0.10254,0.1075,0.4678,0.1075,0.1075,0.1075,0.1075,1.013,0.2588,0.1104,0.1075,0.1075,0.1075,0.1075,0.1075,0.781,0.1075,0.0669,0.1075,0.1075,0.11346,0.1075,0.1075,0.1075,0.1075,0.1075,0.1075,0.1075,0.1075,0.1075,0.1075,0.1075,0.1075,0.5444,0.1075,0.1075,0.1075,0.1075,0.07367,0.1075,0.1075,0.1075,0.1075,0.1075,0.1075,0.1075,0.1075,0.1075,0.0998,0.1075,0.1075,0.1075,0.1075,0.1075,0.1075,0.1075,0.7354,0.1926,0.2245,0.1075,0.0769,0.1075,0.1075,0.06476,0.1075,0.1075,0.3071,0.1075,0.1075,0.1075,0.274,0.1075,0.1075,0.1075,0.1075,0.424,0.1075,0.1075,0.1075,0.1075,0.1075,0.10693,0.1075,0.1075,0.658,0.254,0.2068,0.1016,0.1075,0.1075,0.1075,0.1075,0.1075,0.1075,0.1075,0.1075,0.1075,0.1489,0.1075,0.1075,0.1075,0.1075,0.2627,0.1075,0.1075,0.1075,0.2001,0.1075,0.1075,0.0853,0.1075,0.1519,0.1416,0.1075,0.663,0.1075,0.21,0.635,0.10486,0.138,0.3435,0.1075,0.1075,0.1075,0.08685,0.1075,0.1047,0.1075,0.1075,0.1075,0.1044,0.1075,0.079,0.1075,0.163,0.078,0.1075,0.1075,1.064,0.1075,0.08295,0.1075,0.1075,0.1075,0.1075,0.1075,0.1075,0.1075,0.1075,0.1558,0.1075,0.1075,0.1075,0.1075,0.1075,0.1075,0.1075,0.929,0.804,0.1075,0.5205,0.1075,0.1075,0.1075,0.2313,0.0883,0.1075,0.1075,0.1075,0.1075,0.1075,0.4473,0.1075,0.1075,0.1075,0.1075,0.1075,0.1045,0.1075,0.1075,0.2744,0.1075,0.1038,0.1075,0.1075,0.1075,0.1075,0.1075,0.1075,0.1075,0.1075,0.1075,0.1075,0.1075,0.7905,0.1075,0.1118,0.109,1.239,0.1075,0.366,0.1075,0.2073,0.1075,0.1075,0.655,0.1075,0.1075,0.294,0.1075,0.2047,0.1075,0.5947,1.18,0.1075,0.1075,0.1075,0.1075,0.1075,0.1075,0.1295,0.1075,0.1075,0.1075,0.1075,0.1075,0.1023,0.1068,0.1075,0.3154,0.1075,0.617,0.1075,0.1075,0.1075,0.1075,0.1075,0.2283,0.1075,0.4019,0.1075,0.1075,0.0951,0.1075,0.1075,0.1075,0.1075,0.1937,0.1075,0.24,0.1075,0.1075,0.1075,0.1075,0.1075,0.1075,0.1392,0.1075,0.1075,0.1075,0.1075,0.426,0.1075,0.1075,0.1075,0.1075,0.1075,0.1075,0.1075,0.1075,0.1075,0.1075,0.1075,0.1075,0.1075,0.1075,0.356,0.1075,0.1075,0.1075,0.1075,1.561,0.1075,0.1075,0.8237,0.1075,0.1075,0.441,0.1075,0.1075,2.111,0.1075,0.1075,0.1075,0.1075,0.1075,0.1075,0.1075,0.1075,0.1075,0.0865,0.1075,0.1075,0.1075,0.1075,0.1075,0.1075,0.1075,0.1075,0.0949,0.1075,0.1075,0.2042,0.1113,0.1075,0.1075,0.1075,0.1075,0.1075,0.1075,0.1075,0.1075,0.1075,0.1075,0.1075,0.1075,0.1075,0.1075,0.1075,0.1624,0.1075,0.1075,0.1075,0.1075,0.0831,0.1974,0.1058,0.4807,0.1075,0.1075,0.1075,1.098,0.2109,0.1075,0.1075,0.6006,0.1075,0.1075,0.1075,0.1075,0.1075,0.899,0.1075,0.0871,0.09174,0.1075,0.1075,0.1075,0.1075,0.1472,0.1075,0.1075,0.259,0.1075,0.2433,0.08124,0.1075,0.7163,0.1075,0.1075,0.1075,0.1075,0.1075,0.1075,0.1075,0.1075,0.1075,0.1075,0.09906,0.0996,0.2219,0.1075,0.1619,0.1075,0.1075,0.176,0.0938,0.1075,0.1075,0.1075,0.0839,0.1075,0.6855,0.6396,0.1075,0.1075,0.1075,0.2798,0.10626,0.1075,0.1075,0.1459,0.1611,0.1075,0.1075,0.2179,0.083,0.1075,0.1075,0.1075,0.1075,0.1075,0.1075,0.1075,0.1075,0.0946,0.0798,0.1672,0.1075,0.1998,0.1075,0.1075,0.1075,0.1075,0.1075,0.1075,0.08954,0.1075,0.1075,0.1075,0.1075,0.0922,0.0873,0.1075,0.5186,0.09033,0.1075,0.1075,0.1075,0.1075,0.1075,0.1075,0.358,0.1075,0.1075,0.1075,0.1075,0.09766,0.1295,0.1075,0.1075,0.59,0.1075,0.1075,0.1075,0.1677,0.1075,0.1075,0.1075,0.1009,0.10223,0.1075,0.1075,0.6714,0.421,0.076,0.1075,0.1075,0.1075,0.1075,0.1075,0.1075,0.1075,0.1075,0.8706,0.232,0.1075,0.1075,0.1611,0.1075,0.1075,0.1075,0.1075,0.1075,0.2725,0.1075,0.1075,0.1075,0.1075,0.0852,0.08844,0.1075,0.1075,0.1075,0.1075,0.09174,0.10114,0.10394,0.1075,0.0954,0.1075,0.1075,0.0746,0.1075,0.1075,0.6807,0.1075,0.09314,0.1075,0.1007,0.1075,0.1075,0.1075,0.4473,0.1075,0.1075,0.1075,0.1075,0.1075,0.8027,0.1075,0.1075,0.1075,0.1075,0.1065,0.1366,0.1075,0.1075,0.1075,0.1075,0.1075,0.1075,0.1075,0.1075,0.1075,0.08276,0.1075,0.1075,0.1075,0.748,0.1075,0.1678,0.1075,0.1075,0.1075,0.1075,0.1075,0.1075,0.1075,0.1075,0.1075,0.1075,0.1075,0.0911,0.1075,0.1075,0.08044,0.1075,0.0788,0.0975,0.1075,0.1075,0.1075,0.1075,2.025,0.1075,0.1075,0.1075,0.1063,0.1075,0.1075,0.3535,0.1075,0.1075,0.1075,0.1075,0.1075,0.1075,0.1075,0.1075,0.1075,0.1075,0.1012,0.1075,0.1804,0.1068,1.766,0.1075,0.1075,0.1075,0.1075,0.08624,0.1075,0.09393,0.3303,0.1075,0.935,0.1075,0.1075,0.09686,0.09406,0.3164,0.1075,0.1075,0.1075,0.12494,1.469,0.0534,0.1075,0.1075,0.1075,0.1075,0.1075,0.1075,0.1075,0.1075,0.1075,0.12354,0.08563,0.095,0.1075,0.1075,0.1075,0.1075,0.1075,0.1075,0.388,0.1075,0.1075,0.1075,0.1075,0.1075,0.467,0.1908,0.1075,0.1075,0.1075,0.1571,0.1075,0.1075,0.1075,0.1075,0.3372,0.5835,0.1075,0.0928,0.1075,0.1271,0.1075,0.1075,0.1075,0.5776,0.1075,0.1075,0.1075,0.08105,0.1075,0.1005,0.1075,0.491,0.09125,0.1075,0.1075,0.5547,0.1075,0.1075,0.1075,0.6143,0.1075,0.1075,0.3103,0.1075,0.1075,0.5693,0.1075,0.1075,0.1075,0.1075,0.1075,0.78,0.1873,0.3127,0.1075,0.0911,0.1075,0.1075,0.1508,0.1075,0.11786,0.1075,0.1075,0.1075,0.1075,0.1075,0.10254,0.1075,0.1075,1.825,0.4023,0.1075,0.1075,0.4802,0.1075,0.1978,0.1075,0.1075,0.09863,0.1075,0.923,0.1075,0.096,0.0805,0.1075,0.1075,0.1321,0.1075,0.09686,0.6943,0.1075,0.1362,0.1075,0.1075,0.1075,0.1075,0.1075,0.1075,0.1075,0.1075,0.0838,0.1075,0.1169,0.1075,0.9834,0.1075,0.1075,0.1075,0.1075,0.1075,0.09033,0.1075,0.1075,0.1075,0.1075,0.1075,0.1075,0.11487,0.0934,0.1075,0.829,0.1075,0.1075,0.1075,0.1075,0.1075,0.1075,0.1075,0.1075,0.1075,1.707,0.1075,0.1075,0.1075,0.092,0.1075,0.1075,0.6265,0.1075,0.1075,0.1075,0.1075,0.1075,0.1075,0.1278,0.304,0.1075,0.1075,0.1075,0.1075,0.1075,0.1075,0.1075,0.1075,0.0986,0.2345,0.1075,0.1075,1.133,0.1038,0.1075,0.1075,0.1075,0.1075,0.1075,0.1075,0.1075,0.1075,0.0922,0.1075,0.1075,0.1075,0.1075,2.377,0.3064,0.1016,0.1075,0.1075,0.1075,0.1075,0.1075,0.09534,0.1075,0.889,0.3162,0.1075,0.1075,0.273,0.1075,0.1075,0.1075,0.1075,0.1619,0.1075,0.1075,0.1187,0.1075,0.1045,0.1075,0.08167,0.1588,0.1075,0.1075,0.08026,0.10034,0.1075,0.1075,0.1722,0.1075,0.276,0.1075,0.457,0.2554,0.07697,0.1062,0.09955,0.1075,0.1075,0.1075,1.022,0.1075,0.0914,0.3635,0.1075,0.1075,0.819,0.1075,0.1075,0.10046,0.1075,0.1075,0.1075,0.1075,0.1107,0.1075,1.587,0.1075,0.1075,0.1075,0.2104,0.1075,0.1075,0.1075,0.1075,0.1075,0.1075,0.2002,0.2698,0.6504,0.1075,0.1075,0.1631,0.1075,0.1075,0.2057,0.1075,0.1075,0.1075,0.1075,0.1075,0.1075,0.10156,0.5625,0.1075,0.1075,0.1075,0.2957,0.1075,0.1075,0.1075,0.1075,0.1075,0.1075,0.1075,0.1075,0.1075,0.2192,0.1075,0.1075,0.1075,0.1075,0.1075,0.1075,0.1075,0.1241,0.295,0.1075,0.1075,0.0954,0.1075,0.1075,0.3179,0.3198,1.041,0.1075,0.1075,0.09015,2.15,0.1075,0.1075,0.1075,0.1075,0.1075,0.1075,0.1075,0.1075,0.2957,0.1075,0.1019,0.1075,0.1075,0.1075,0.07935,0.1075,0.1075,0.1075,0.1075,0.1075,0.1075,0.1075,0.2676,0.0892,0.11,0.1075,0.09814,0.0951,0.2156,0.1075,1.203,0.1075,0.1075,0.1453,0.1075,0.3184,0.4246,0.1075,0.0991,0.1075,0.1075,0.1075,0.1075,0.1075,0.1075,0.10187,0.1075,0.1075,0.1075,0.1512,0.1075,0.0765,0.1075,0.1075,0.1075,0.1075,0.1066,0.1431,0.1075,0.527,0.1021,0.1075,0.1664,0.1075,0.1075,0.391,0.1075,0.1075,0.1075,0.357,0.09357,0.1075,0.1075,0.1075,0.1075,0.1075,0.153,0.1075,0.1075,0.1014,0.3604,0.1075,0.1075,0.554,0.1075,0.1023,0.1075,0.6147,0.1075,0.0651,0.1075,0.1075,0.1075,0.1075,0.1075,0.1075,0.1075,0.1075,0.1075,0.1075,0.258,0.1991,0.1075,0.1075,0.1075,0.1075,0.1075,0.1075,0.0896,0.1075,0.1721,0.305,0.091,0.1075,0.1075,0.1075,0.1075,0.0829,0.1075,0.1075,0.1075,0.1075,0.1075,0.1075,0.0717,0.1075,0.1075,0.1075,0.0766,0.1075,0.1075,1.38,0.565,1.066,0.1075,0.1075,0.1075,0.1075,0.1075,0.1075,0.1866,0.1255,0.1075,0.512,0.2203,0.3943,0.1075,1.221,0.2258,0.1075,0.1075,0.1075,0.1075,0.4375,0.0944,0.1075,1.156,0.1075,0.1075,0.1075,0.1075,0.1075,0.1044,0.19,0.1075,1.302,0.1075,0.568,0.0995,0.2319,0.1075,0.1075,0.1075,0.1075,0.1075,0.1075,0.413,0.1075,0.0929,0.1075,0.1075,0.09174,0.1075,0.1075,0.95,0.1103,0.09515,0.1075,0.1112,0.1075,0.1075,0.1075,0.07587,0.1075,0.1075,0.1075,0.1075,0.1075,0.1075,0.1075,0.1075,0.1075,0.237,0.1075,0.1075,0.1075,0.1075,0.1018,0.5913,0.1075,0.1075,0.1075,0.1075,0.1075,0.1075,0.553,0.1076,0.773,0.4585,0.181,0.1075,0.1075,0.11847,1.125,0.1075,0.4624,0.1075,0.1727,0.1075,0.1075,0.1075,0.1075,0.1075,0.1075,0.1075,0.1075,0.1075,0.1534,0.1075,0.8013,0.1075,0.1075,0.1075,0.1075,0.1075,0.1075,0.1075,0.1075,0.1075,0.1075,0.3828,0.091,0.1075,0.551,0.2255,0.0952,0.1075,0.1075,0.1075,0.1075,0.1075,0.1034,0.1075,0.1769,0.1075,0.1075,0.1075,0.1263,0.09717,0.1075,0.1077,0.1075,0.1075,0.1272,0.1075,0.09924,0.1075,0.1075,0.1075,0.1075,0.1075,0.1752,0.1075,0.09534,0.6533,0.0838,0.577,0.1075,0.536,0.1075,0.1075,0.1886,0.1075,0.1075,0.4714,0.4165,0.1075,0.08307,0.1075,0.1075,0.1075,0.1075,0.1075,0.1075,0.1075,0.1075,0.1075,0.3174,0.3213,0.1075,0.1075,0.1075,0.05502,0.784,0.1075,0.103,0.1075,0.1075,0.1343,0.1075,0.1075,0.1075,0.1075,0.7393,0.1075,0.2607,0.1075,0.3315,0.1075,0.1075,0.1075,1.918,0.1075,0.0994,0.1075,1.259,1.215,0.1075,0.1075,0.5596,0.1075,0.1075,0.1075,0.0941,0.253,0.11774,0.1075,0.1075,0.1075,0.1075,0.1075,0.1075,0.1075,0.0981,0.1075,0.1075,0.1075,1.163,0.1075,0.1075,0.1075,1.132,0.1075,0.0965,0.1075,0.1075,0.1075,0.9873,0.1075,0.10614,0.5645,0.09436,0.1033,0.1075,0.1075,0.1044,0.1075,0.1075,0.2522,0.1052,0.1075,0.1075,0.08545,0.1075,0.1075,0.1075,0.1075,0.1075,0.1075,0.1075,0.1075,0.1075,0.1075,0.0922,0.1075,0.1075,0.1075,0.1075,0.09314,0.09827,0.1075,0.1075,0.1075,0.1075,0.1075,0.1075,0.1075,0.558,0.0917,0.1075,0.6196,0.1075,0.1075,0.618,0.1075,0.2852,0.1075,0.11285,0.1075,0.1075,0.4272,0.1075,0.1075,0.1075,0.1075,0.1075,0.475,0.1075,0.1676,0.1075,0.1075,0.1075,0.1075,0.1075,0.1075,0.1075,0.07355,0.3003,0.10144,0.1075,0.1075,0.1075,0.1075,0.1075,0.1192,0.0988,0.1075,0.1075,0.1075,0.5557,0.1075,0.08295,0.084,0.1075,0.1075,0.1075,0.0937,0.1075,0.1075,0.1075,0.1075,0.1075,0.153,0.1075,2.06,0.1075,0.1075,0.4817,0.1075,0.776,0.1315,0.4402,0.1075,0.1075,0.1075,0.1075,0.104,0.1075,0.1075,0.1075,0.1075,0.1061,0.0895,0.1075,0.1075,0.1075,0.1075,0.5396,1.57,0.1075,0.1075,0.1075,1.108,0.1075,0.45,0.2053,0.1075,0.1075,0.1075,0.1075,0.1075,0.8135,0.1075,0.1075,0.1075,0.5986,0.1675,0.1075,0.1075,0.08105,0.1075,0.1075,0.1075,0.1075,0.1075,0.1075,0.1075,0.1075,0.349,0.1075,0.1075,0.1075,0.1075,0.0955,0.1075,0.1075,0.1075,0.4888,0.1075,0.1075,0.1075,0.0948,0.2573,0.1075,0.1075,0.1075,0.1075,0.1075,0.1075,0.1075,0.1075,0.1075,0.1075,0.1766,1.271,0.1075,0.1065,0.1075,0.1075,0.7266,1.871,0.1075,0.1075,0.1075,0.1075,0.09174,0.1075,0.1075,0.1075,0.1075,0.1075,0.1075,0.1075,0.521,0.10205,0.1075,0.1075,0.1075,0.3345,0.0837,0.1075,1.3,0.1075,0.1841,0.1075,0.1075,0.1075,0.1075,0.1075,0.1075,0.1075,0.1075,0.2856,0.0885,0.1075,0.11725,0.1075,0.1075,0.1075,0.1075,0.1075,0.11334,0.1075,0.1075,0.1075,0.1075,0.098,0.1075,0.203,0.1075,0.1075,0.1075,0.2269,0.0805,0.1075,0.1075,0.1967,0.1075,0.09064,0.1075,0.1075,0.1075,0.1075,0.08636,0.3687,0.1075,0.747,0.0706,0.1866,0.1296,0.1075,0.1075,0.1075,0.1075,0.512,0.1075,0.1158,0.1075,0.1075,0.1075,0.1075,0.1075,0.1075,0.654,0.1075,0.1896,0.1075,0.9893,0.1075,0.1423,0.1075,0.0946,0.1075,0.2622,0.237,0.1075,0.1075,0.1075,0.257,0.1075,0.1075,0.06866,0.1075,0.1075,0.1075,0.083,0.1075,0.1075,0.1075,0.07416,1.124,0.1075,0.1075,0.1075,0.1075,0.1075,0.1075,0.1075,0.1075,0.1763,0.1075,0.1075,0.578,0.1075,0.1075,0.1075,0.1016,0.1075,0.11084,0.1075,0.8438,0.1075,0.1075,0.1075,0.1075,0.1075,0.1075,0.1125,0.1075,0.1075,0.761,0.08563,0.1075,0.1075,0.1075,0.09753,0.1075,0.1075,0.1075,0.1075,0.1075,0.0874,0.5386,0.1075,0.10895,0.1075,0.1075,0.1075,0.1075,0.1075,0.1075,0.1489,0.1075,0.1075,0.1075,0.1075,0.1075,0.0873,0.1075,0.1137,0.1075,0.1075,0.1075,0.1075,0.1075,0.1075,0.284,0.1075,0.1075,0.1075,0.1075,0.677,0.1075,0.103,0.1055,0.1425,0.1075,0.1075,0.5796,0.1075,0.1075,0.1075,0.1075,0.0914,0.1075,0.1075,0.1075,0.1075,0.1075,0.1075,0.1075,0.254,0.1075,0.1075,0.1075,0.11743,0.1075,0.1075,0.1075,0.1075,0.1075,0.1075,0.1075,0.09186,0.1075,0.2715,0.3293,0.1075,0.1075,0.1075,0.1075,0.3843,0.1075,0.1075,0.1075,0.1075,0.1075,0.1075,0.08356,0.1075,0.1062,0.1075,0.1075,0.1075,0.1075,0.1075,0.1075,0.3354,0.0839,1.034,0.1075,0.1075,0.10046,0.1075,1.605,0.1075,0.09375,0.1075,0.1539,0.1075,0.1075,0.1075,0.09937,0.5195,0.1075,0.1552,0.1075,0.1075,0.2012,0.1531,0.1075,0.1075,0.1075,0.5713,0.1075,0.2944,0.1075,0.1075,0.1075,0.1075,0.1035,1.565,0.1075,0.1075,0.1075,0.549,0.25,1.023,0.1075,0.1075,0.1749,0.1075,0.1075,0.0944,0.1075,0.10144,0.1,0.3699,0.1539,0.1075,0.1075,0.0923,0.1075,0.1075,0.1075,0.1075,0.3367,0.1075,0.1075,0.1075,0.1075,0.1075,0.1075,0.09875,0.1075,0.1075,0.4663,0.1075,0.1075,0.1075,0.1075,0.07764,0.2976,0.4036,0.1075,0.1075,0.1075,0.06027,0.1075,0.1075,0.1075,0.6514,0.1075,0.1075,0.1075,0.1635,0.436,0.3975,0.1075,0.1075,0.4282,0.1075,0.1075,2.393,0.1075,0.1075,0.1075,0.1075,0.1075,0.1075,0.1075,0.1272,0.1075,0.1075,0.1075,0.1075,0.1075,0.1075,0.1075,0.1075,0.1075,0.1075,0.452,0.1075,0.4507,0.1075,0.1075,0.1075,0.1075,0.1075,0.1075,0.5312,0.1075,0.5605,0.1075,0.1075,0.2478,0.0989,0.2898,0.1075,0.1075,0.1075,0.1075,0.1075,0.09283,0.2964,0.1075,0.1978,0.1075,0.1075,0.4016,0.1075,0.1075,0.1075,0.1075,0.341,0.1075,0.10175,0.1075,0.2317,0.622,0.1075,0.1075,0.1656,0.1075,0.1075,0.1075,0.5693,0.1803,0.1075,0.1075,0.1075,0.1075,0.0919,0.1075,0.3938,0.1075,0.1075,0.1075,0.1075,0.1075,0.1075,0.1075,0.1743,0.1075,0.1942,0.3367,0.1075,0.1075,0.1075,0.1075,0.1075,0.1075,0.1058,0.1075,0.1075,0.1075,0.1075,0.1313,0.10315,0.1075,0.1638,0.10034,0.1075,0.1075,0.5923,0.4224,0.662,0.1075,0.0899,0.2252,0.1075,0.1075,0.0965,0.7007,0.1075,0.1075,0.1075,0.1075,0.1075,0.1075,0.1075,1.198,0.2239,0.1075,0.1075,0.1075,0.1075,0.1075,0.1075,0.1018,0.1583,0.1075,0.1075,0.1075,0.1075,0.1075,0.1075,0.1075,0.1075,0.1075,0.9497,0.1075,0.1075,0.4622,0.281,0.1075,0.09375,0.1075,0.08514,0.1075,0.1075,0.1075,0.0836,0.1467,0.731,0.0841,0.2886,0.1075,0.08014,0.1075,0.1075,0.3962,0.1075,0.1075,0.1075,0.1075,0.1075,0.0956,0.1075,0.1075,0.6206,0.1075,0.1505,0.1075,0.1075,0.1075,0.1075,0.1015,0.1075,0.1075,0.1075,0.0797,0.1075,0.1075,0.1075,0.1075,0.1075,0.1075,0.1075,0.1075,0.1075,0.2837,0.1075,0.1799,0.981,0.1041,0.1075,0.2429,0.1075,0.08374,0.1075,0.0932,0.084,0.1075,0.1075,0.1075,0.2878,0.1075,0.1075,0.1075,0.1075,0.1075,0.1075,0.1075,0.1075,0.1054,0.1075,0.1152,0.09686,0.6616,0.1075,0.1075,0.10394,0.219,0.778,0.1075,0.517,0.176,0.1075,0.1075,0.1075,0.1075,0.1075,0.12476,0.1075,0.1075,0.1075,0.1075,0.3452,0.1075,0.1075,0.1121,0.08716,0.1075,0.1075,0.1075,0.1075,0.1818,0.132,0.1075,0.1075,0.1075,0.1499,0.1075,0.1075,0.1075,0.1075,0.1075,0.1075,0.1869,0.1075,0.1453,0.506,0.1075,0.1075,0.1075,0.1075,0.1075,0.1075,0.0864,0.1075,0.1075,0.1075,0.1075,0.1075,0.1075,0.2751,0.1075,0.1075,0.1075,0.1075,0.10144,0.1075,0.1075,0.1075,0.10956,0.0969,0.1075,0.1075,0.1075,0.1075,0.1075,0.1075,0.1075,0.2954,0.1075,0.1075,0.1075,0.1075,0.3298,0.1075,0.1075,0.1075,0.0983,0.1075,0.1075,0.1075,0.1075,0.1075,0.1075,0.1896,0.1075,0.1075,0.1075,1.4375,0.1323,0.747,0.1019,0.1075,0.2252,0.1075,0.1075,0.3125,0.1075,0.1075,0.1075,0.1075,0.1075,0.1075,0.646,0.1075,0.0863,0.851,0.1835,0.1075,0.2935,0.1075,0.378,0.1075,0.0972,0.1075,0.1075,0.1075,0.3657,0.1915,0.2847,0.1075,0.1075,0.1075,0.1075,0.0951,0.1075,0.1075,0.1075,0.1075,0.2983,0.1075,0.1075,0.3037,0.1473,0.1075,0.1075,0.1075,0.1075,0.1075,0.1075,0.1075,0.066,0.1075,0.1075,0.953,0.09924,0.1075,0.1075,0.1075,0.1075,0.5757,0.1075,0.1075,0.1075,0.1075,0.1075,0.10144,0.1075,0.1075,0.1075,0.1075,0.1075,0.1075,0.1075,0.1075,0.1075,0.1996,0.1075,0.1066,0.1075,0.1075,0.1075,0.1963,0.1002,0.1075,0.1075,0.1075,0.1552,0.1075,0.1075,0.09924,0.945,0.1075,0.4626,0.3914,0.1075,0.1075,0.1075,0.1075,0.5874,0.1075,0.1914,0.1075,0.1075,0.1075,0.1075,0.1254,0.07086,0.1075,0.1075,0.1075,0.1075,0.227,0.093,0.1075,0.133,0.10626,0.1075,0.1075,0.09595,0.1075,0.1075,0.1075,0.3137,0.1075,0.1075,0.1075,0.1075,0.1075,0.3027,0.982,0.1075,0.1075,0.1075,0.1075,0.1075,0.1075,0.4946,0.849,0.1075,0.1075,0.502,0.1021,0.1075,0.10474,0.1002,0.1075,0.1075,0.1075,0.1075,0.1434,0.1075,0.1075,0.1091,0.2969,0.1075,0.1075,0.1075,0.1075,0.1075,0.0977,0.1075,0.1075,0.1075,0.3137,0.3157,0.1075,0.1075,0.1041,0.1075,0.791,0.9385,0.1075,0.1075,0.1075,0.1075,0.1075,0.4058,0.11194,0.1132,0.1075,0.1075,0.0838,0.1075,0.1075,0.0997,0.2832,0.0998,0.873,1.024,0.1075,0.1345,0.311,0.3425,0.1075,0.1075,0.1075,0.574,0.1075,0.1075,0.1075,0.232,0.1075,0.1075,0.1075,0.1075,0.1075,0.2427,0.1075,0.1075,0.7896,0.1075,0.1075,0.1035,0.1075,0.1075,0.1075,0.1075,0.1075,0.1075,0.1075,0.1075,0.4185,0.1025,0.1075,1.308,0.1075,0.6475,0.1068,0.1075,0.10376,0.1075,0.1075,0.304,0.1075,0.1075,0.1075,0.2598,0.1039,0.1075,0.1075,0.2827,0.1075,0.1075,0.1001,0.1075,0.1075,0.1075,0.597,0.1075,0.4912,0.1075,0.1075,0.4495,0.578,0.1075,0.10345,0.1075,0.1075,0.2375,0.3252,0.10693,0.1075,0.1075,0.1075,0.1075,0.1075,0.1075,0.1075,0.1075,0.1075,0.604,0.1075,0.1075,0.1075,0.1075,0.0663,0.1075,0.2158,0.1075,0.106,0.08466,0.1075,0.257,0.1075,0.1075,0.3977,0.1075,0.1075,0.1075,0.1075,0.804,0.1075,0.09985,0.10144,0.1075,0.2063,0.1075,0.1073,0.1075,0.1075,0.1075,0.1075,0.1302,0.8037,0.7075,0.0746,0.1075,0.1075,0.0977,0.1075,1.381,0.1075,0.1075,0.06586,0.0684,0.3337,0.4233,0.1075,0.5425,0.1075,0.1075,0.1075,0.1075,0.2245,0.1075,0.1075,0.1075,0.1075,0.1882,0.769,0.1075,0.1075,0.1075,0.1075,1.044,0.1075,0.1075,0.1075,0.1075,0.1059,0.1075,1.087,0.1075,0.05377,0.1075,0.1075,0.1075,0.11646,0.1075,0.1075,0.1075,0.1075,0.1075,0.1075,0.1075,0.1075,0.1075,0.1075,0.1075,0.1075,0.1075,0.1075,0.1075,0.1075,0.1075,0.1075,0.1075,0.1075,0.1075,0.1075,0.1075,0.1075,0.1075,0.1075,0.507,0.1075,0.1411,0.1075,0.1075,0.3228,0.1075,0.1075,0.4307,0.0933,0.1075,0.1075,0.1075,0.08856,0.3591,0.1075,0.093,0.739,0.1075,0.1016,1.24,0.1075,0.9688,0.06647,0.1075,0.1075,0.1075,0.0824,0.1075,0.1075,0.1075,0.1075,0.1075,0.1075,0.1075,0.1075,0.1075,0.093,0.1075,0.1075,0.1075,0.1075,0.1075,0.1075,0.1075,0.1075,0.1075,0.5166,0.1075,0.1075,0.308,0.1675,0.1075,0.1075,0.1075,0.1075,0.1075,0.1075,0.1075,0.1075,0.1075,0.1075,0.1075,0.1075,0.1075,0.4153,0.1259,0.1075,0.1075,0.1022,0.3071,0.1075,0.1075,0.1075,0.1075,0.1075,0.1075,0.1075,0.1075,0.1075,0.1075,0.1075,0.1075,0.1026,0.116,1.452,0.1075,0.1075,0.1075,0.2627,0.1075,0.1075,0.1075,0.1075,0.1075,0.1075,0.1075,0.1075,0.10376,0.1075,0.1075,0.1075,0.1075,0.1075,0.08075,0.1075,0.1075,0.4526,0.1075,0.3992,0.1075,0.1075,0.1075,0.1075,0.521,0.1075,0.1075,0.12146,0.1075,0.1075,0.10236,0.1075,0.1075,0.1075,0.1075,0.1144,0.1075,0.0981,0.1075,0.09564,0.1075,0.0724,0.1075,0.1075,0.1075,0.1075,0.10345,0.08203,0.1075,0.1075,0.161,0.1075,0.1075,0.1075,0.1075,0.3403,0.09564,0.2019,0.1075,0.1075,0.1075,0.1075,0.1075,0.08813,0.1075,0.1075,0.1075,0.1103,0.1075,0.1075,0.1075,0.1075,0.1075,0.0999,0.1075,0.1075,0.1075,1.558,0.1075,0.1075,0.1075,0.1075,0.1075,0.1075,0.0763,0.09717,0.1075,0.1075,0.1649,0.1075,0.1075,0.1075,0.1075,0.1075,0.1075,0.1075,0.11163,0.2218,0.4146,0.1075,0.1418,0.1075,0.1075,0.1075,0.1075,0.1075,0.10864,0.1075,0.6978,0.1075,0.1075,0.1075,0.1075,0.1075,0.784,0.1075,0.5044,0.1075,0.1075,0.1075,0.1075,0.1962,0.1075,0.1075,0.1075,0.1075,0.1075,0.1075,0.1075,0.1075,0.1075,0.1075,0.1075,0.0851,0.1075,0.1075,0.2952,1.335,0.10114,0.1075,0.1075,0.1075,0.1075,0.1075,0.164,0.1075,0.357,0.1075,0.1133,0.0878,0.1075,0.2505,0.0874,0.1191,0.1075,0.1075,0.1075,0.1075,0.1075,0.1075,0.1075,0.1075,0.1075,0.1075,0.1187,0.685,0.1075,0.1075,0.1075,0.1075,0.1075,0.1382,0.1075,0.1075,0.1075,0.1075,0.1075,0.1075,0.1075,0.1075,0.1075,0.1075,0.1075,0.1075,0.1075,0.1075,0.1075,0.1075,0.1075,0.1075,0.1075,0.1075,0.1075,0.1075,0.1075,0.5786,0.1075,0.1665,0.1075,0.1984,0.1075,0.1075,0.1075,0.1075,0.1075,0.1075,0.1075,0.1075,0.1075,0.1075,0.1075,0.374,0.1075,0.1075,0.4146,0.1075,0.1075,0.1075,0.1742,0.1075,0.1075,0.1075,0.1075,0.1075,0.1075,0.1075,0.1075,0.0716,0.2642,0.1,0.1075,0.1075,0.1075,0.1075,0.1075,0.551,0.1158,0.1075,0.0854,0.1075,0.1075,0.1075,0.07446,0.1075,0.8086,0.0997,0.1075,0.361,0.1006,0.1075,0.1075,0.1075,0.1075,0.3337,0.1075,0.1075,0.1075,0.08905,0.1075,0.1075,0.1075,0.1075,0.1075,0.1075,0.1075,0.1075,0.1075,1.206,0.1075,0.1075,0.1075,0.1075,0.0893,0.1075,0.1075,0.1075,0.1075,0.2058,0.1075,0.1075,0.1075,0.1075,0.1075,0.09247,0.1075,0.0737,0.1075,0.122,0.1075,0.12067,0.1075,0.1075,0.1075,0.1075,0.1054,0.1075,0.1075,0.1075,0.1075,0.1075,0.1075,0.1075,0.1075,0.1909,0.1075,0.1075,0.3086,0.1075,0.1075,0.10535,0.1075,0.1075,0.1075,0.1075,0.0979,0.1075,0.1075,0.1041,0.1075,0.1075,0.08606,0.1075,0.0886,0.1075,0.1075,0.1075,0.1075,0.1075,0.1588,0.1011,0.1075,0.1075,0.1075,0.1075,0.1075,0.1141,0.1075,0.1075,0.1075,0.1075,0.1075,0.1075,0.1075,0.1075,0.1075,0.1075,0.09753,0.1075,0.1075,0.1075,0.1075,0.1075,0.1075,0.1075,0.1075,0.1075,0.10767,0.1075,0.1075,0.1075,0.1075,0.718,0.2583,0.2854,0.1075,0.4873,0.1075,0.1075,0.1075,0.1075,0.1075,0.1075,0.1075,0.1075,0.1075,0.883,0.1075,0.1075,0.1075,0.1075,0.1075,0.1075,0.1075,0.1026,0.1075,0.7017,0.1075,0.1075,0.1075,0.1075,0.1075,0.09204,0.1075,0.1075,0.1075,0.1343,0.2583,0.1075,0.1075,0.1163,0.1075,0.1075,0.1075,0.1075,0.1075,0.1075,0.08124,0.1075,0.1075,0.1075,0.1075,0.1075,0.0973,0.0931,0.1075,0.1075,1.005,0.322,0.1075,0.635,0.1075,0.1075,0.1075,0.1075,0.1075,0.535,0.09924,0.1075,0.08734,0.1075,0.1075,0.2201,0.2167,0.3599,0.1075,0.1075,0.1218,0.1075,0.1075,0.1075,0.1075,1.897,0.07806,0.1075,0.1075,0.1075,0.10175,0.414,0.03802,0.1075,0.1075,0.1075,0.1075,0.1075,0.1075,0.1042,0.1075,0.1075,0.1075,0.1075,0.1075,0.1075,0.10443,0.0919,0.1075,0.1415,0.1075,0.1075,0.1075,0.1075,0.1075,0.1075,0.1075,0.1075,0.1075,0.1075,0.1075,0.809,0.1075,0.1075,0.1075,0.0948,0.1075,0.059,0.1075,0.1075,0.1157,0.1075,0.1075,0.1075,0.1075,0.1075,0.10077,0.1075,0.401,0.1075,0.1075,0.1075,0.1075,0.1075,0.1075,0.1075,0.1075,0.09644,0.1075,0.0993,0.1075,0.2102,0.1075,0.1075,0.1075,0.1075,0.1075,0.1075,0.101,0.1075,0.1075,0.1075,0.1075,0.1075,0.1075,0.1075,0.198,0.1075,0.1075,0.09973,0.1075,0.1075,0.1075,0.1075,0.1005,0.1055,0.1075,0.1075,0.1586,0.1075,0.818,0.686,0.1075,0.1075,0.1075,0.1075,0.1075,0.1075,0.5503,0.1075,0.1075,0.1005,0.1075,0.0974,0.1562,1.251,0.1075,0.1075,0.1075,0.1077,0.0876,0.1075,0.1075,0.0974,0.1075,1.366,0.1075,0.1075,0.1075,0.1075,0.06256,0.1075,0.102,0.1075,0.1075,0.277,0.1075,0.1075,0.2106,0.1075,0.1075,0.1075,0.1075,0.1042,0.1075,0.1075,0.1075,0.0909,0.1075,0.1005,0.7617,0.309,0.1075,0.1537,0.1075,0.1605,0.1075,0.1075,0.1075,0.1075,0.1075,0.10657,0.1042,0.1075,0.1075,0.1075,0.1075,0.2345,0.1075,0.1075,0.4692,0.1075,0.1019,1.019,0.1075,0.1301,0.1075,0.1075,0.1075,0.1075,0.1075,0.1075,0.1512,1.453,0.1075,0.1075,0.1075,0.1075,0.1075,0.1075,0.1995,0.1075,0.1075,0.1075,0.1075,0.1075,0.1075,0.2314,0.1075,0.1075,0.1075,0.10614,0.1075,0.1075,0.1075,0.1075,0.1075,0.1075,0.1075,0.1075,0.1411,0.1075,0.1075,0.0911,0.1075,0.1075,0.1075,0.1284,0.1075,0.1075,0.1075,0.1075,0.1075,0.1075,0.1075,0.1075,0.1075,0.1075,0.0997,0.172,0.1075,0.1976,0.1075,0.1075,0.118,0.1561,0.1075,0.4426,0.1075,0.0958,0.1075,0.1913,0.1075,0.1075,0.12024
18,0.1209,0.1209,0.3865,0.1209,0.264,1.372,0.1209,0.1209,0.1209,0.1209,0.1209,0.1209,0.1209,0.1209,0.3022,0.1209,0.1359,0.876,0.1097,0.1209,0.1209,0.1209,0.3967,0.1707,0.1209,0.27,0.1209,0.534,0.1906,0.067,0.4075,0.1209,0.1007,0.1209,0.1209,0.491,0.1209,0.1209,0.1209,0.1209,0.1209,0.1209,0.0788,0.1589,0.1209,0.1209,0.0658,0.1209,0.1209,1.652,0.1209,0.1209,0.2056,0.0703,0.1209,0.9756,0.4753,0.1209,0.496,0.1209,1.062,0.1209,0.1209,0.1561,0.1209,0.1209,0.5977,0.1209,0.1209,0.1209,0.1209,0.1209,0.1209,0.1209,0.1209,1.169,0.1209,0.2896,0.1209,0.1209,0.1209,0.1209,0.1209,0.1209,0.1959,0.1209,0.1209,0.1209,0.1209,0.1209,0.1209,0.1199,0.678,0.0829,0.1209,0.256,0.1209,0.1981,0.1438,0.399,0.1209,0.1209,0.3457,0.1209,0.1209,0.1209,0.1209,0.1209,0.3423,0.1209,0.1209,0.1209,0.1209,0.1209,0.1209,1.475,0.0931,0.1209,0.1209,0.1209,0.6675,0.1209,0.1209,0.1209,0.1209,0.115,0.1209,0.1209,0.10645,0.1209,0.1209,0.2856,0.1209,0.1327,0.1209,0.1209,0.1209,0.1209,0.6313,0.1209,0.1209,0.1209,0.1209,0.5425,0.1209,0.1209,0.1209,0.1209,0.1209,0.1209,0.1209,0.1209,0.1209,0.1209,0.1209,0.1209,0.1209,1.443,0.1209,0.11505,0.1209,0.2778,0.1209,0.1108,0.1209,0.1209,0.1209,0.12036,0.1209,0.0828,0.1209,0.1209,0.1209,0.1209,0.38,0.1209,0.1209,0.5137,0.08014,0.1209,0.1209,0.1209,0.1209,0.1209,0.1209,0.644,0.1209,0.4944,0.1209,0.1209,0.1209,0.1209,0.1209,0.1403,0.11115,0.1209,0.1209,0.1209,1.47,0.1209,0.3398,0.1081,0.1209,1.801,0.1069,0.1936,0.1209,0.1209,0.1209,0.6245,0.1209,0.02988,0.1209,0.1209,0.1209,0.2668,0.1209,0.1209,0.1114,0.1209,0.1209,0.829,0.4465,0.1209,0.1209,0.1209,0.1209,0.1209,0.07806,0.9272,0.111,0.1209,0.5244,0.1209,0.1209,0.1209,0.1635,0.1209,0.1209,0.1209,0.327,0.1209,0.0963,0.1209,0.1209,0.1209,0.10266,0.1209,0.1209,0.11774,0.1209,0.1209,0.1209,1.0,0.11176,0.1697,0.1209,0.1209,0.1209,0.1209,0.1209,0.1209,0.1209,0.1209,0.1209,0.05457,0.1209,0.2228,0.6943,0.1209,0.0649,0.1209,0.1209,0.1209,0.1209,0.1209,0.1209,0.1209,0.1209,0.1209,0.1209,0.1209,0.1209,0.09204,0.1209,0.1209,0.1209,0.1209,0.1209,0.09784,0.1209,0.1209,0.1209,0.1658,0.1209,0.1209,0.1209,0.1209,0.1209,0.1209,0.1209,0.0712,0.3733,0.1209,0.1209,0.9854,0.06665,0.1209,0.1209,0.1209,0.1964,0.1209,0.1209,0.1209,0.0826,0.1462,0.1209,0.1209,0.1209,1.046,0.1209,0.1209,0.3413,1.519,0.1209,0.1209,0.8667,0.1209,0.1209,0.1209,0.1209,0.1209,0.1209,0.1209,0.1209,0.1368,0.3857,0.1209,0.1209,0.1209,0.1209,0.18,0.442,1.903,0.1209,0.2896,0.1209,0.1209,0.09863,0.1209,0.1209,0.1209,0.1209,0.1209,0.2534,0.071,0.08014,0.1209,0.1209,0.0869,1.123,0.1209,0.1209,0.1209,0.095,0.1209,0.1209,0.6885,0.5986,0.08685,0.1209,0.0841,0.1149,0.1209,0.0819,0.2842,0.1209,0.1209,0.1209,0.9014,0.1209,0.1209,0.0749,0.8516,0.1209,0.466,0.1209,0.11487,0.1209,0.1209,0.1209,0.1209,0.11884,0.1209,0.1209,0.1209,0.76,0.1209,0.59,0.1209,1.21,0.1209,0.1209,0.1209,0.2361,0.1002,0.11926,0.395,0.1209,0.1209,0.1159,0.707,0.1209,0.1209,0.1209,0.1209,0.0773,0.1209,0.1209,0.1209,0.1209,0.1209,0.1339,0.1209,0.1209,0.1382,0.1209,0.1209,0.1209,0.1209,0.489,0.1209,0.1209,0.1209,0.11206,0.1209,0.1209,0.1209,0.589,0.1209,0.1209,0.1209,0.1209,0.6934,0.1209,0.1209,0.186,0.0765,0.1209,0.1209,0.1209,0.1209,0.10706,0.1209,0.1209,0.1209,0.1209,0.1209,0.4343,0.1209,0.1209,0.1209,0.066,0.1209,0.1209,0.1209,0.1209,0.1209,0.0598,0.1209,0.1209,0.1209,0.1194,0.1209,0.1209,0.1209,0.1715,0.1209,0.0769,0.1209,0.1209,0.8037,0.2058,0.1209,0.1209,0.1209,0.1209,0.118,0.1209,0.1209,0.1209,0.3823,0.2693,0.1209,0.1209,0.1209,0.1209,0.1104,0.1209,0.1209,0.1209,0.1209,0.1209,0.1209,0.1209,0.1209,0.1209,0.1209,0.1209,0.1209,0.1209,0.1209,0.1209,0.0451,0.1054,0.1209,0.1209,0.1209,0.1209,0.1209,0.1145,0.1209,0.1209,0.6997,0.5264,0.1209,0.1209,0.1209,0.1209,0.1209,0.1209,0.1209,0.1209,0.1209,0.1209,0.1209,0.1209,0.1209,0.1209,0.1209,0.1209,0.1209,0.1209,0.1209,0.1209,0.3306,0.1209,0.1209,0.06934,0.326,0.0781,0.1209,0.1209,0.595,0.1209,0.534,0.1209,0.1209,0.1209,0.08453,0.1209,0.1209,0.1209,0.1209,0.1209,0.2118,0.1209,0.0899,0.0693,0.1209,0.1209,0.1209,0.1209,0.268,0.1209,0.1209,0.9077,0.1209,0.5884,0.1209,0.1209,0.1209,0.1171,0.1209,0.1209,0.1209,0.1209,0.1209,0.1209,0.1209,0.05692,0.1209,0.1209,0.1209,0.0751,0.1209,0.0789,0.1209,0.1209,0.1209,0.1209,0.1209,0.1209,0.1209,0.1209,0.2362,0.1209,0.1209,0.1114,0.1209,1.156,0.1209,0.1209,0.1209,0.10114,0.4417,0.1209,0.1209,0.244,0.1209,0.1209,0.1209,0.427,0.2896,0.0474,0.475,0.1209,0.1209,0.11945,0.1209,0.1114,0.64,0.2783,0.1209,0.1209,0.1209,0.5176,0.1128,0.1209,0.1209,0.1209,0.1209,0.2651,0.1209,0.1209,0.1209,0.1209,0.1209,1.309,0.1209,0.1209,0.1209,0.1209,0.2028,0.1209,0.6167,0.1209,0.1209,0.1209,0.1209,0.1209,0.1209,0.1316,0.1209,0.1209,0.1209,0.1209,0.2181,0.05283,0.2393,0.1209,0.1209,0.1209,0.1209,0.1209,0.1209,0.1209,0.1209,0.3318,0.1209,0.1209,0.1209,0.1209,0.1209,0.1686,0.1209,0.1209,0.58,0.1209,0.1209,0.5586,0.1209,0.1209,0.1209,0.1209,0.0496,0.1209,0.2354,0.171,0.1209,0.1209,0.1209,0.1209,0.08307,0.1209,0.1209,0.4404,0.0637,0.11743,0.351,0.1209,0.559,0.1209,0.1209,0.1209,0.1209,0.1209,1.511,0.2996,0.1209,0.1209,0.1209,0.423,0.1209,0.1209,0.1209,0.1209,0.11694,0.547,0.1209,0.58,0.09015,0.1209,0.1209,0.343,0.1209,0.1209,0.088,0.1209,0.1209,0.1209,0.1209,0.1209,0.1209,0.1209,0.1209,0.365,0.1209,0.1209,0.1209,0.1209,0.1209,0.1635,0.9395,0.1209,0.1209,0.1209,0.1209,0.1209,0.1209,0.1209,0.687,0.1209,0.1209,0.1209,0.1209,0.1209,0.0922,0.814,0.1209,0.0831,0.1209,0.6245,0.1209,0.1209,0.1209,0.1209,0.1209,0.1209,0.1209,0.1209,0.1209,0.1209,0.6333,0.1209,0.1209,0.4045,0.1209,0.1209,0.569,0.1209,0.1209,0.1209,0.1209,0.555,0.1209,0.1209,0.05463,0.1209,0.1209,0.1209,0.1209,1.31,0.1209,0.1209,0.1209,0.1209,0.1209,0.1209,0.1209,0.1209,0.1209,0.2224,0.1209,0.1209,0.1209,0.0888,0.1209,0.1209,1.3,0.1209,0.09766,0.1121,0.1209,1.377,0.823,0.1209,0.1209,0.1209,0.4285,0.1209,0.1209,0.1209,0.1209,1.08,0.3418,0.1209,0.1209,0.1209,0.0831,0.1067,0.1209,0.941,0.1209,0.09717,0.1209,0.1209,0.093,0.1015,0.1209,0.1209,0.1209,0.1193,0.1209,0.1209,0.1209,0.1209,0.1209,0.1209,0.1209,0.4482,0.1209,0.1209,0.1209,0.1209,0.07916,0.1209,0.1209,0.1209,0.1209,0.1209,0.1209,0.1209,0.1209,0.1209,0.1209,0.1209,0.1209,0.1209,0.1209,0.1209,0.1209,0.1209,0.6616,0.3896,0.3022,0.1209,0.08856,0.1209,0.1209,0.0692,0.1209,0.1209,0.5933,0.1209,0.1209,0.1209,0.04572,0.1209,0.1209,0.08093,0.1209,0.586,0.1209,0.1209,0.1209,0.1209,0.1209,0.1293,0.1209,0.1209,0.8916,0.04926,0.3186,0.05557,0.1209,0.1209,0.1209,0.1209,0.1209,0.1209,0.1209,0.1209,0.1209,0.05353,0.1209,0.1209,0.1209,0.1209,0.0934,0.1209,0.1209,0.1209,0.3325,0.1209,0.1209,0.07947,0.1209,0.1209,0.1262,0.1209,0.573,0.1209,0.1442,0.6294,0.11945,0.293,0.04166,0.1209,0.1209,0.1209,0.11694,0.1209,0.2932,0.1209,0.1209,0.1209,0.1209,0.1209,0.06915,0.1209,0.303,0.0778,0.1209,0.1209,1.147,0.1209,0.0935,0.1209,0.1209,0.1209,0.1209,0.1209,0.1209,0.1209,0.1209,0.04248,0.1209,0.1209,0.1209,0.11127,0.1209,0.1209,0.1209,1.117,0.953,0.1209,0.549,0.1209,0.1209,0.1209,0.258,0.1209,0.1209,0.1209,0.1209,0.1209,0.1209,0.2314,0.1209,0.1209,0.1209,0.1209,0.1209,0.11035,0.1209,0.1209,0.2037,0.1209,0.116,0.1209,0.1209,0.1209,0.1209,0.1209,0.1209,0.1209,0.1209,0.1209,0.1209,0.1209,0.983,0.1209,0.1116,0.1048,1.0625,0.1209,0.5947,0.1209,0.1209,0.1209,0.1209,0.9375,0.1209,0.1209,0.4924,0.1209,0.3108,0.1209,0.37,1.26,0.1209,0.1209,0.1209,0.1209,0.1209,0.1209,0.09,0.1209,0.1209,0.1209,0.1209,0.1209,0.1209,0.02876,0.1209,0.3574,0.1209,0.611,0.1209,0.1209,0.1209,0.1209,0.1209,0.325,0.1209,0.0719,0.1209,0.1209,0.1209,0.1209,0.1209,0.1209,0.1209,0.1092,0.1209,0.4216,0.1209,0.1209,0.1209,0.1209,0.1209,0.1209,0.05234,0.1049,0.1209,0.1209,0.0948,0.322,0.1209,0.1209,0.1209,0.1209,0.1209,0.1209,0.1209,0.1209,0.1209,0.1209,0.1209,0.1209,0.1209,0.1209,0.4521,0.1208,0.1209,0.1209,0.1209,1.647,0.1209,0.1209,0.7573,0.1209,0.1209,0.5083,0.09894,0.1209,2.018,0.10034,0.1209,0.1209,0.1209,0.1209,0.1209,0.1209,0.1209,0.1209,0.10785,0.1209,0.1209,0.1209,0.1209,0.1209,0.1209,0.1209,0.1209,0.0955,0.1209,0.1209,0.1202,0.1157,0.1209,0.1209,0.1209,0.1209,0.1209,0.1209,0.1209,0.1209,0.1209,0.1209,0.1209,0.1209,0.1209,0.1209,0.1209,0.135,0.1209,0.1209,0.1209,0.1209,0.1209,0.1769,0.10614,0.7256,0.1209,0.1209,0.1209,1.229,0.2369,0.1209,0.1209,0.3354,0.1209,0.1209,0.1209,0.1208,0.1209,0.808,0.1209,0.1117,0.11865,0.1209,0.1209,0.1209,0.1209,0.2222,0.1209,0.1209,0.2556,0.1209,0.292,0.1192,0.0715,0.7993,0.1209,0.11816,0.1209,0.1209,0.1209,0.1209,0.1209,0.1209,0.1209,0.1209,0.11255,0.1209,0.4028,0.1209,0.1368,0.1209,0.1209,0.1044,0.1092,0.1209,0.1209,0.1209,0.0655,0.1209,0.4827,0.4722,0.1209,0.1209,0.1209,0.309,0.1209,0.1209,0.1209,0.09454,0.1316,0.1209,0.1209,0.3816,0.1209,0.1209,0.1209,0.1209,0.1209,0.1254,0.1209,0.1209,0.1209,0.1086,0.115,0.1162,0.1209,0.05774,0.1209,0.1209,0.1209,0.1209,0.1209,0.1209,0.1188,0.1209,0.1209,0.1209,0.1163,0.08075,0.08826,0.1209,0.6157,0.09186,0.1209,0.1209,0.1209,0.1209,0.1209,0.1209,0.2986,0.1209,0.1209,0.1209,0.1209,0.0716,0.2534,0.1209,0.1209,0.2059,0.1209,0.1209,0.1209,0.047,0.1209,0.1209,0.1209,0.1209,0.1209,0.1209,0.1209,0.748,0.526,0.08405,0.1209,0.1209,0.1209,0.1209,0.1209,0.1209,0.1209,0.1209,1.11,0.176,0.1209,0.1209,0.2917,0.1209,0.1209,0.1209,0.1209,0.1209,0.3088,0.1209,0.1209,0.1209,0.1209,0.1209,0.09424,0.1209,0.1209,0.1209,0.1209,0.0771,0.1099,0.0809,0.1209,0.05072,0.1209,0.1209,0.12085,0.1209,0.1209,1.072,0.1209,0.1209,0.1209,0.1209,0.1209,0.1209,0.1209,0.5166,0.1209,0.1197,0.1209,0.1209,0.1209,0.5537,0.1209,0.1209,0.1209,0.1209,0.1018,0.253,0.1209,0.1209,0.1209,0.1066,0.1209,0.1209,0.1209,0.1209,0.1209,0.1209,0.1209,0.1209,0.1209,0.6865,0.1209,0.161,0.1209,0.1209,0.1209,0.1209,0.1209,0.1209,0.1209,0.1209,0.1209,0.1209,0.1209,0.0775,0.1209,0.1209,0.0788,0.1209,0.1129,0.1117,0.1209,0.1209,0.1209,0.1209,2.28,0.1209,0.1209,0.1209,0.1583,0.1209,0.1209,0.5503,0.1209,0.1209,0.1209,0.1209,0.1209,0.1209,0.1209,0.1209,0.1209,0.1209,0.1209,0.1209,0.276,0.1209,1.245,0.1209,0.1209,0.1209,0.1209,0.0959,0.1209,0.1209,0.4421,0.1209,1.206,0.1209,0.1209,0.11163,0.1147,0.4116,0.1209,0.1209,0.1209,0.095,1.766,0.05496,0.1209,0.1209,0.1209,0.1209,0.1209,0.1209,0.1209,0.1209,0.1209,0.11957,0.1209,0.1209,0.1209,0.1209,0.1209,0.1209,0.1209,0.1209,0.386,0.1209,0.1209,0.1209,0.1209,0.1209,0.535,0.3762,0.1209,0.1209,0.1209,0.1209,0.1209,0.1209,0.1209,0.1209,0.2285,0.62,0.1209,0.1139,0.1209,0.2003,0.1209,0.1209,0.1209,0.794,0.1209,0.1209,0.1209,0.0889,0.1209,0.0952,0.1209,0.52,0.0892,0.1209,0.1209,0.528,0.1209,0.1209,0.1209,0.717,0.1209,0.1209,0.4543,0.1209,0.0566,0.643,0.1209,0.1209,0.1209,0.1209,0.1209,1.047,0.1401,0.1853,0.1209,0.1198,0.1209,0.1209,0.309,0.1209,0.03802,0.1209,0.1209,0.1209,0.1209,0.1209,0.1399,0.1209,0.1209,1.887,0.4778,0.1209,0.1209,0.748,0.1209,0.0752,0.1209,0.1209,0.1209,0.1209,1.042,0.1209,0.1209,0.104,0.1209,0.1209,0.2966,0.1209,0.1209,0.7295,0.1209,0.2101,0.1209,0.1209,0.1209,0.1209,0.1209,0.1209,0.1209,0.1209,0.1209,0.1209,0.409,0.1209,1.106,0.1209,0.1209,0.1209,0.1209,0.1209,0.08374,0.1209,0.1209,0.1209,0.1209,0.1209,0.1209,0.1697,0.1203,0.1209,0.853,0.1209,0.0573,0.1209,0.1209,0.1209,0.1209,0.12006,0.1209,0.1209,1.732,0.1209,0.1209,0.1209,0.1034,0.1209,0.1209,0.8984,0.1209,0.1209,0.1209,0.1209,0.1209,0.1209,0.3486,0.561,0.1209,0.1209,0.1209,0.1209,0.1209,0.1209,0.118,0.1209,0.3281,0.2002,0.1209,0.1209,1.075,0.1209,0.1209,0.1209,0.1209,0.1209,0.1209,0.1209,0.1209,0.1209,0.09515,0.1209,0.1209,0.1209,0.1209,2.404,0.439,0.1209,0.1209,0.1209,0.1209,0.1209,0.1209,0.1171,0.1209,1.034,0.1671,0.1209,0.1209,0.1945,0.1179,0.1209,0.1209,0.1209,0.3142,0.1209,0.1209,0.1131,0.1209,0.1209,0.1209,0.1209,0.2969,0.1209,0.1209,0.3433,0.09357,0.1209,0.1209,0.11847,0.1209,0.2034,0.1209,0.4734,0.418,0.09784,0.1209,0.11597,0.1209,0.1209,0.1209,1.191,0.1209,0.10095,0.0957,0.1209,0.1209,1.152,0.1209,0.1209,0.0484,0.1209,0.1209,0.1209,0.1209,0.1525,0.1209,1.287,0.1209,0.1209,0.1209,0.1364,0.1209,0.1209,0.1209,0.1209,0.1209,0.1209,0.1323,0.2732,0.948,0.1209,0.1209,0.4995,0.1209,0.1209,0.0841,0.1209,0.1209,0.1209,0.1209,0.1209,0.1209,0.142,0.5005,0.1209,0.1209,0.1209,0.3518,0.1209,0.1209,0.1209,0.1209,0.1209,0.1209,0.1209,0.1209,0.1209,0.3616,0.1209,0.1209,0.1209,0.1209,0.1209,0.1209,0.1209,0.2043,0.2369,0.1209,0.1209,0.09186,0.1209,0.1209,0.1765,0.2126,1.325,0.1209,0.1209,0.1002,1.913,0.1209,0.1209,0.1209,0.1209,0.1209,0.1209,0.1209,0.1209,0.1015,0.1209,0.1208,0.1209,0.1209,0.1209,0.0657,0.1209,0.1209,0.1209,0.1209,0.1209,0.1209,0.1209,0.245,0.1209,0.169,0.1209,0.06635,0.1209,0.1636,0.1209,0.935,0.1209,0.1209,0.1523,0.1209,0.533,0.381,0.1209,0.0721,0.1209,0.1209,0.1209,0.1209,0.1209,0.1124,0.1082,0.1209,0.1209,0.1209,0.2573,0.1209,0.0724,0.1209,0.1209,0.1209,0.1209,0.1209,0.12494,0.1209,0.4004,0.1209,0.1209,0.1901,0.1209,0.1209,0.09753,0.1209,0.1209,0.1209,0.565,0.10864,0.1209,0.1209,0.1209,0.1209,0.1209,0.419,0.1209,0.1209,0.1209,0.5654,0.1209,0.1209,0.68,0.1209,0.1334,0.1209,0.5166,0.1209,0.1209,0.1209,0.1209,0.1209,0.1209,0.1209,0.1209,0.1209,0.1209,0.1199,0.1209,0.08997,0.0961,0.1209,0.1209,0.1209,0.1209,0.1209,0.1209,0.1177,0.1209,0.1407,0.234,0.1209,0.1209,0.1209,0.1209,0.1209,0.05453,0.1209,0.1209,0.1209,0.11273,0.1209,0.1209,0.0798,0.1209,0.1209,0.1209,0.1209,0.1209,0.1209,1.286,0.119,1.136,0.1209,0.1209,0.1209,0.1209,0.1209,0.1209,0.09503,0.2874,0.1209,0.5933,0.2351,0.2627,0.1209,1.426,0.08716,0.1209,0.1209,0.0939,0.1209,0.1209,0.11896,0.1209,1.188,0.1209,0.1209,0.1209,0.1209,0.1209,0.1209,0.4102,0.1209,1.231,0.1209,0.5117,0.1209,0.1262,0.1209,0.1209,0.1209,0.1209,0.1209,0.11993,0.577,0.1209,0.095,0.1209,0.1209,0.07306,0.1209,0.1209,1.341,0.11786,0.0784,0.1209,0.2393,0.1209,0.1209,0.1209,0.1209,0.1209,0.1209,0.1209,0.1209,0.1209,0.1209,0.1209,0.1126,0.1209,0.2349,0.1209,0.1209,0.1209,0.1209,0.1209,0.2852,0.1209,0.1209,0.1209,0.1209,0.1209,0.1209,0.588,0.1209,0.661,0.4385,0.1004,0.1097,0.1209,0.1191,1.121,0.1209,0.584,0.1209,0.2086,0.1209,0.1209,0.1209,0.1209,0.1209,0.1209,0.1209,0.1209,0.1209,0.1209,0.1209,0.516,0.1209,0.1209,0.1209,0.1209,0.1209,0.1209,0.1209,0.1209,0.1209,0.1209,0.2448,0.1938,0.1209,0.3787,0.27,0.1209,0.1209,0.1209,0.1209,0.1209,0.1209,0.2489,0.1209,0.3108,0.1209,0.1209,0.1209,0.1209,0.1209,0.1209,0.1027,0.1209,0.1209,0.1156,0.1209,0.06586,0.1209,0.1209,0.1209,0.1209,0.1209,0.2025,0.1209,0.0716,0.7363,0.1065,0.3308,0.1209,0.459,0.1209,0.1209,0.4094,0.1209,0.1209,0.5356,0.5596,0.1209,0.0995,0.1209,0.1209,0.1209,0.1209,0.1209,0.1209,0.1209,0.1209,0.1209,0.1544,0.1209,0.1209,0.1209,0.1209,0.05893,0.733,0.1209,0.1202,0.1209,0.1209,0.1209,0.1209,0.1209,0.1209,0.1209,0.9,0.1209,0.0644,0.1209,0.3718,0.1209,0.1209,0.1209,1.941,0.1209,0.1209,0.1209,1.296,1.091,0.1209,0.1209,0.707,0.1209,0.1209,0.1209,0.0864,0.4187,0.10156,0.1209,0.1209,0.1209,0.1209,0.1209,0.1209,0.1209,0.2438,0.1209,0.1209,0.1209,1.381,0.1209,0.1209,0.1209,1.239,0.1209,0.0973,0.1209,0.1209,0.1209,1.003,0.1012,0.1209,0.302,0.1209,0.1209,0.1209,0.1209,0.0786,0.1209,0.1209,0.2362,0.1757,0.1209,0.1209,0.112,0.1209,0.1209,0.1209,0.1209,0.1209,0.1209,0.1209,0.1209,0.1209,0.1209,0.10046,0.1209,0.1209,0.1209,0.1209,0.2454,0.1209,0.1209,0.1209,0.1209,0.1209,0.1209,0.1209,0.1209,0.5234,0.10345,0.1209,0.6675,0.1209,0.1209,0.653,0.1209,0.2522,0.0929,0.1134,0.1209,0.1209,0.4016,0.1209,0.1209,0.1209,0.1209,0.1209,0.571,0.1209,0.1685,0.1209,0.1209,0.1209,0.1209,0.1209,0.1209,0.1209,0.1354,0.06976,0.1209,0.1209,0.1209,0.1209,0.1209,0.1209,0.1098,0.0975,0.1209,0.1209,0.1209,0.3372,0.1209,0.08856,0.1521,0.1209,0.1209,0.1209,0.1769,0.1209,0.1209,0.1072,0.1209,0.1013,0.07404,0.1209,2.262,0.1209,0.1209,0.6523,0.1209,0.841,0.0724,0.5664,0.1209,0.1209,0.1209,0.1209,0.1209,0.1209,0.1209,0.1209,0.1209,0.1209,0.1076,0.1209,0.1209,0.1209,0.1209,0.4075,1.558,0.1209,0.1209,0.1209,1.365,0.1209,0.09174,0.1512,0.1209,0.1209,0.1209,0.1209,0.1209,0.502,0.10693,0.1209,0.1209,0.627,0.1209,0.1209,0.1209,0.05493,0.1209,0.1209,0.1209,0.1209,0.1209,0.1209,0.1209,0.1209,0.389,0.1209,0.1209,0.1209,0.1209,0.0464,0.1209,0.1209,0.1209,0.7515,0.1209,0.1209,0.1209,0.11957,0.3208,0.1209,0.1209,0.1209,0.1209,0.1209,0.1209,0.1209,0.1209,0.1209,0.1209,0.4521,1.036,0.1209,0.1209,0.1209,0.1209,0.8184,1.578,0.1209,0.1209,0.1209,0.1209,0.10815,0.1209,0.1209,0.1209,0.1209,0.1209,0.1209,0.1209,0.6094,0.0868,0.1209,0.1209,0.1209,0.51,0.1159,0.1209,1.442,0.1209,0.06494,0.1209,0.1209,0.1209,0.1209,0.1209,0.1209,0.1209,0.1209,0.5566,0.10315,0.1209,0.0691,0.1209,0.1209,0.1209,0.1209,0.1209,0.3616,0.1209,0.1209,0.1209,0.1209,0.10004,0.1209,0.303,0.1209,0.1209,0.1209,0.2489,0.1516,0.1209,0.1209,0.422,0.1209,0.06683,0.1209,0.1209,0.1209,0.1209,0.1209,0.1875,0.1209,0.679,0.0881,0.4146,0.0973,0.1209,0.1209,0.1209,0.1209,0.5024,0.1209,0.1209,0.1209,0.1209,0.1209,0.1209,0.1209,0.1209,0.906,0.1209,0.1164,0.1209,1.15,0.1209,0.11127,0.1209,0.1078,0.1209,0.361,0.15,0.1209,0.1209,0.1209,0.3057,0.1209,0.1209,0.1484,0.1209,0.1209,0.1209,0.0986,0.1209,0.1209,0.1209,0.0895,1.234,0.1209,0.1209,0.1209,0.10205,0.0952,0.1209,0.1209,0.1209,0.1209,0.1209,0.1209,0.1621,0.1209,0.1209,0.1209,0.1209,0.1209,0.0662,0.1209,0.8525,0.1209,0.1209,0.1209,0.1209,0.1209,0.1209,0.1135,0.1209,0.07996,0.844,0.0882,0.1209,0.1209,0.1209,0.1114,0.1209,0.1209,0.1209,0.1209,0.1209,0.0689,0.677,0.1209,0.0791,0.1209,0.1209,0.1209,0.1209,0.1209,0.1209,0.1156,0.1209,0.1209,0.1209,0.1209,0.1209,0.0641,0.1209,0.1083,0.1209,0.1209,0.1209,0.1209,0.1209,0.1209,0.3926,0.1209,0.1209,0.1209,0.1209,0.684,0.1209,0.1209,0.0905,0.0939,0.1209,0.1209,0.578,0.1209,0.1209,0.0819,0.1209,0.03967,0.1209,0.1209,0.1209,0.1209,0.1209,0.1209,0.1209,0.2234,0.1159,0.1209,0.1209,0.1498,0.1209,0.1209,0.1209,0.1209,0.1148,0.1209,0.1209,0.1209,0.1209,0.334,0.1729,0.1209,0.1209,0.1209,0.1209,0.4805,0.1209,0.1209,0.1209,0.1209,0.1209,0.1209,0.0915,0.1209,0.1209,0.1209,0.1209,0.1209,0.1209,0.1209,0.1209,0.1532,0.1209,1.064,0.1209,0.1209,0.1209,0.1209,1.924,0.1209,0.1131,0.1209,0.2732,0.1209,0.1209,0.1105,0.1209,0.586,0.1209,0.3425,0.1209,0.1209,0.368,0.1411,0.1209,0.1209,0.1209,0.6934,0.0982,0.2003,0.1115,0.1209,0.1209,0.1209,0.10657,1.719,0.1209,0.1209,0.1209,0.6514,0.2196,0.852,0.1209,0.1209,0.1956,0.1209,0.1209,0.08307,0.10944,0.1785,0.1196,0.3105,0.1835,0.1209,0.1131,0.2074,0.1209,0.1209,0.1209,0.1209,0.2479,0.1209,0.1209,0.1209,0.1209,0.1209,0.1209,0.1006,0.1209,0.1209,0.688,0.1209,0.1209,0.1209,0.1209,0.133,0.1006,0.1746,0.1209,0.1209,0.1209,0.1072,0.1209,0.1209,0.1209,0.912,0.1209,0.1209,0.1209,0.1631,0.36,0.2301,0.1209,0.1209,0.501,0.1209,0.1209,2.32,0.1209,0.1209,0.1209,0.1209,0.1209,0.1209,0.1209,0.3467,0.1209,0.1209,0.1209,0.1209,0.1209,0.1209,0.1209,0.1209,0.1209,0.1116,0.604,0.1209,0.2405,0.1209,0.1209,0.1069,0.1209,0.1209,0.1209,0.4827,0.1209,0.279,0.1209,0.1209,0.1929,0.1209,0.4287,0.11346,0.1209,0.1209,0.1209,0.1209,0.1209,0.11084,0.1209,0.3506,0.1209,0.1209,0.558,0.1209,0.1209,0.1209,0.0777,0.265,0.1209,0.115,0.1209,0.3381,0.6025,0.1209,0.1209,0.1209,0.1209,0.1209,0.1209,0.8027,0.084,0.1209,0.1191,0.1209,0.1209,0.1779,0.1209,0.2554,0.1209,0.1209,0.1209,0.1209,0.1209,0.1209,0.1209,0.1667,0.1209,0.195,0.07495,0.1209,0.1209,0.1209,0.1209,0.1209,0.1209,0.1209,0.1209,0.1209,0.1209,0.1209,0.064,0.1121,0.1209,0.0952,0.1194,0.1167,0.1209,0.6353,0.456,0.776,0.1209,0.1209,0.1139,0.1209,0.1209,0.1209,0.594,0.1209,0.1209,0.1209,0.1209,0.1209,0.1209,0.1209,1.265,0.3289,0.1209,0.1209,0.1209,0.1209,0.1209,0.1209,0.126,0.0827,0.1209,0.1209,0.1209,0.1209,0.1209,0.1209,0.1012,0.1209,0.1209,1.329,0.1209,0.1209,0.553,0.4434,0.1209,0.1209,0.1209,0.10754,0.1209,0.1209,0.1209,0.11127,0.05713,0.923,0.1209,0.0902,0.1209,0.0712,0.1209,0.1209,0.299,0.1209,0.1209,0.12024,0.1209,0.1209,0.1009,0.1209,0.1209,0.537,0.1209,0.3567,0.1209,0.1209,0.1209,0.1209,0.1139,0.1209,0.1209,0.1209,0.11914,0.1209,0.1209,0.1209,0.1209,0.1209,0.1209,0.1209,0.1209,0.1209,0.1013,0.1209,0.11066,0.8716,0.1209,0.1209,0.1209,0.1209,0.0646,0.1209,0.0914,0.11273,0.1209,0.1209,0.1209,0.3767,0.1209,0.1209,0.1209,0.1209,0.1209,0.1209,0.1209,0.1209,0.0994,0.1209,0.2856,0.11774,1.137,0.1209,0.09906,0.11127,0.1426,0.593,0.1209,0.772,0.0795,0.1209,0.1209,0.1209,0.1209,0.1209,0.08453,0.1209,0.1209,0.1209,0.1209,0.4727,0.1209,0.1209,0.1445,0.1547,0.1209,0.1209,0.1209,0.1209,0.1028,0.0795,0.1209,0.1209,0.1209,0.1209,0.1209,0.1209,0.1209,0.1209,0.1209,0.1209,0.2131,0.1209,0.1068,0.0917,0.1209,0.1209,0.1209,0.1209,0.1209,0.1209,0.10876,0.1209,0.1209,0.1209,0.1209,0.1209,0.1209,0.4097,0.1209,0.1209,0.1209,0.1209,0.1209,0.1209,0.1209,0.1209,0.08453,0.1209,0.1209,0.1209,0.1209,0.1209,0.1209,0.1209,0.1209,0.1414,0.1209,0.1209,0.1209,0.1209,0.2323,0.1209,0.1209,0.1209,0.0778,0.1209,0.1209,0.09436,0.1209,0.1209,0.1209,0.2465,0.1209,0.1209,0.1209,1.406,0.0902,0.6826,0.06976,0.1209,0.1959,0.1209,0.1209,0.3015,0.1209,0.1209,0.1209,0.1209,0.1209,0.1209,0.747,0.1209,0.1059,1.015,0.1001,0.1209,0.3691,0.1209,0.2942,0.1209,0.3413,0.1209,0.1209,0.1209,0.4272,0.1849,0.54,0.1209,0.1209,0.1098,0.1209,0.06744,0.1209,0.1209,0.1209,0.1209,0.2678,0.1209,0.1209,0.2009,0.387,0.1209,0.1209,0.1209,0.1209,0.1209,0.1209,0.1209,0.1813,0.1209,0.1146,1.09,0.11865,0.1209,0.1209,0.1209,0.1209,0.4421,0.1209,0.1209,0.1109,0.1209,0.1209,0.1135,0.1209,0.1209,0.1209,0.1209,0.1209,0.1209,0.1209,0.1209,0.1209,0.0871,0.1209,0.1209,0.1209,0.1209,0.1209,0.07666,0.1048,0.1209,0.1209,0.1209,0.37,0.1209,0.1209,0.07904,1.069,0.1209,0.3818,0.4158,0.1209,0.1209,0.1209,0.1209,0.313,0.1209,0.3208,0.1209,0.1209,0.1209,0.1209,0.1209,0.0717,0.1209,0.1209,0.1209,0.1209,0.2296,0.1107,0.1209,0.2751,0.1176,0.1209,0.08136,0.05667,0.1209,0.1209,0.1209,0.4402,0.1209,0.1209,0.1209,0.11566,0.1209,0.2416,1.129,0.1209,0.1209,0.1209,0.1202,0.1209,0.1209,0.3542,0.8804,0.1209,0.1028,0.5625,0.1209,0.1209,0.1136,0.0848,0.1209,0.1209,0.1209,0.1209,0.2135,0.11707,0.1209,0.2368,0.204,0.1209,0.1209,0.1209,0.0875,0.1209,0.1643,0.1209,0.1209,0.1209,0.2747,0.516,0.1209,0.1209,0.174,0.1209,1.011,1.004,0.1209,0.1209,0.1209,0.1209,0.1209,0.2883,0.07166,0.1209,0.1209,0.1209,0.1024,0.1209,0.1209,0.1079,0.3433,0.1209,1.09,1.069,0.1112,0.11194,0.2155,0.585,0.1209,0.1209,0.1209,0.5884,0.1209,0.1209,0.1209,0.3298,0.1209,0.1209,0.1209,0.1209,0.1209,0.1635,0.1209,0.1209,0.6343,0.1209,0.1209,0.1209,0.1209,0.11584,0.1209,0.1209,0.1209,0.1209,0.1209,0.1209,0.1459,0.0914,0.1209,1.26,0.1209,0.8813,0.1333,0.1209,0.1209,0.1209,0.1209,0.1447,0.1209,0.1209,0.1209,0.291,0.082,0.1209,0.1209,0.65,0.1209,0.1209,0.1209,0.1209,0.1209,0.1209,0.2478,0.1209,0.5806,0.1209,0.1209,0.521,0.685,0.1209,0.1209,0.1209,0.1209,0.4023,0.2245,0.2131,0.1209,0.1209,0.1209,0.1209,0.1209,0.1209,0.1209,0.1209,0.1209,0.493,0.1209,0.1209,0.1209,0.1209,0.2188,0.1209,0.28,0.1209,0.10974,0.1141,0.1209,0.1909,0.1209,0.1209,0.4595,0.1209,0.1209,0.1209,0.1209,0.561,0.1209,0.1209,0.1209,0.1209,0.1675,0.1209,0.1171,0.1209,0.1209,0.1209,0.1209,0.2352,0.4714,0.654,0.0657,0.1209,0.1209,0.0731,0.1209,1.584,0.1209,0.1209,0.1514,0.04767,0.4614,0.4368,0.1209,0.3665,0.1209,0.1209,0.1209,0.1209,0.1209,0.1209,0.1209,0.1209,0.1209,0.1763,0.666,0.1209,0.1209,0.1209,0.1209,1.1455,0.1209,0.1209,0.1209,0.1209,0.1209,0.1209,1.219,0.1209,0.1141,0.1209,0.1209,0.1209,0.1037,0.1209,0.1209,0.1209,0.1209,0.1209,0.1209,0.1209,0.1209,0.1184,0.1209,0.1209,0.1209,0.1209,0.1209,0.1209,0.1209,0.1209,0.1209,0.1209,0.1209,0.1209,0.1209,0.1209,0.1209,0.1209,0.1209,0.1938,0.1209,0.3083,0.1209,0.1209,0.455,0.1184,0.1209,0.4363,0.08936,0.1209,0.1209,0.1209,0.1722,0.11835,0.1209,0.11694,0.6123,0.1209,0.1055,0.996,0.1209,0.839,0.10046,0.1209,0.1209,0.1209,0.0711,0.1209,0.1209,0.1209,0.1209,0.1209,0.1209,0.1209,0.1209,0.1209,0.1209,0.1209,0.1209,0.1209,0.1209,0.1209,0.1209,0.1209,0.1209,0.1209,0.7144,0.1209,0.1209,0.1005,0.1209,0.1209,0.1209,0.1209,0.1209,0.1209,0.1209,0.1209,0.1209,0.1209,0.1209,0.1209,0.1209,0.1209,0.5464,0.11804,0.1209,0.1071,0.1209,0.4055,0.1209,0.1209,0.1209,0.1209,0.1209,0.1209,0.1209,0.1209,0.1209,0.1209,0.1209,0.1209,0.1209,0.1656,1.144,0.1209,0.1209,0.1209,0.1991,0.1209,0.1209,0.1209,0.1209,0.1209,0.1209,0.1209,0.1209,0.1209,0.1209,0.1209,0.1209,0.1209,0.1209,0.094,0.1209,0.1209,0.7334,0.1209,0.4607,0.1209,0.1209,0.1209,0.1209,0.4905,0.1209,0.1209,0.10785,0.1209,0.1209,0.071,0.1209,0.1209,0.1209,0.1209,0.0988,0.1209,0.2006,0.1209,0.1593,0.1209,0.04282,0.1209,0.1209,0.0951,0.1209,0.1166,0.0831,0.1209,0.1209,0.2499,0.1129,0.1209,0.1209,0.1142,0.354,0.1648,0.3647,0.1209,0.1209,0.1209,0.1209,0.1209,0.1099,0.1209,0.1209,0.1209,0.207,0.1209,0.1209,0.1209,0.1209,0.1209,0.0803,0.1209,0.1209,0.06665,1.223,0.1209,0.1209,0.1209,0.1209,0.1209,0.1209,0.1148,0.092,0.1209,0.1209,0.07275,0.1137,0.1209,0.1209,0.1209,0.1209,0.1209,0.1209,0.1121,0.3477,0.732,0.1209,0.1974,0.1209,0.1209,0.1209,0.1209,0.1209,0.07806,0.1209,1.019,0.1209,0.1209,0.1209,0.1209,0.1209,1.091,0.1209,0.5557,0.1209,0.10425,0.1209,0.1209,0.1009,0.1209,0.1209,0.1209,0.08856,0.1209,0.1209,0.1131,0.1209,0.1209,0.1209,0.1209,0.1761,0.1209,0.1209,0.0986,1.47,0.1131,0.1209,0.1209,0.1209,0.1209,0.1209,0.07465,0.1209,0.3655,0.1209,0.0946,0.1182,0.1209,0.1786,0.1106,0.06573,0.1209,0.1209,0.1209,0.1209,0.1209,0.1209,0.1209,0.1209,0.1011,0.1209,0.0635,0.7856,0.1209,0.1209,0.1209,0.1209,0.1209,0.2737,0.1209,0.1209,0.1209,0.1209,0.1209,0.1209,0.1209,0.1209,0.1209,0.1209,0.1209,0.1209,0.1209,0.1209,0.1209,0.1209,0.1209,0.1209,0.1209,0.1209,0.1209,0.1209,0.1209,0.522,0.1209,0.0724,0.1209,0.3057,0.1209,0.1209,0.1209,0.1209,0.1209,0.1132,0.1209,0.1209,0.1016,0.1209,0.1209,0.3599,0.1209,0.1209,0.6455,0.1209,0.1209,0.1209,0.0753,0.1209,0.0783,0.1209,0.1209,0.1209,0.1209,0.1209,0.1209,0.04813,0.086,0.112,0.1209,0.1209,0.1209,0.1209,0.1209,0.579,0.1006,0.1209,0.12006,0.1209,0.1209,0.1209,0.0386,0.1209,0.7656,0.328,0.1209,0.6294,0.1138,0.1209,0.1209,0.1209,0.1209,0.2644,0.1209,0.1209,0.1209,0.05765,0.1209,0.1209,0.1209,0.1209,0.1208,0.1209,0.1209,0.1209,0.1209,0.9126,0.092,0.1209,0.1209,0.1209,0.08527,0.1209,0.1209,0.1209,0.1209,0.361,0.1209,0.1209,0.1209,0.1209,0.1209,0.11365,0.1209,0.3152,0.1209,0.1571,0.1209,0.1277,0.1209,0.1209,0.1209,0.1209,0.11847,0.1209,0.1209,0.1205,0.1209,0.1209,0.1209,0.1209,0.1209,0.391,0.1209,0.1209,0.4463,0.1209,0.1209,0.10785,0.0659,0.1209,0.1209,0.1209,0.1162,0.1209,0.1209,0.0901,0.1209,0.1209,0.127,0.1209,0.1209,0.1209,0.1209,0.1139,0.1209,0.1209,0.1631,0.10425,0.1209,0.1209,0.1209,0.1209,0.1209,0.1209,0.1209,0.1209,0.1209,0.1209,0.1209,0.1209,0.1209,0.1209,0.1209,0.1209,0.1209,0.1209,0.1209,0.1209,0.1209,0.1209,0.1209,0.1209,0.1209,0.1209,0.11145,0.1209,0.1209,0.1209,0.1094,0.68,0.1209,0.378,0.1209,0.6206,0.1209,0.1209,0.1209,0.1209,0.1209,0.1209,0.1209,0.1209,0.1209,0.8633,0.1209,0.1209,0.1209,0.1133,0.1209,0.1209,0.1209,0.1209,0.1209,0.742,0.1209,0.1209,0.1209,0.1209,0.1209,0.0716,0.1209,0.1209,0.1209,0.1209,0.1259,0.1209,0.1209,0.0793,0.1209,0.1209,0.1209,0.1209,0.1209,0.1209,0.11945,0.1209,0.1209,0.1209,0.1209,0.1209,0.11945,0.1109,0.1209,0.1209,1.117,0.1785,0.1209,0.6484,0.1209,0.1209,0.1209,0.1209,0.1209,0.606,0.1209,0.1209,0.07294,0.1209,0.1209,0.1672,0.1781,0.8574,0.1209,0.1209,0.2292,0.1209,0.1209,0.1209,0.1209,1.977,0.04565,0.1209,0.1209,0.1209,0.1209,0.466,0.152,0.1209,0.1209,0.1209,0.1209,0.1209,0.1209,0.0924,0.1209,0.1209,0.1209,0.1209,0.1209,0.1209,0.11127,0.1209,0.1209,0.3015,0.1209,0.1209,0.1209,0.1209,0.1209,0.1169,0.1209,0.1209,0.1213,0.1209,0.1209,0.889,0.1209,0.1209,0.1209,0.1117,0.1209,0.05457,0.1209,0.1209,0.1209,0.1209,0.1209,0.1209,0.1209,0.1209,0.11145,0.1209,0.709,0.1209,0.1209,0.1209,0.1209,0.1209,0.1209,0.1209,0.1209,0.1209,0.1209,0.1209,0.1209,0.4019,0.1209,0.1209,0.1209,0.1209,0.1209,0.1209,0.1117,0.1209,0.1209,0.1209,0.1209,0.1209,0.1209,0.1209,0.2113,0.1209,0.0933,0.1209,0.1209,0.1209,0.1209,0.1209,0.1209,0.1209,0.1209,0.1209,0.3657,0.1209,0.4,0.827,0.1209,0.1209,0.1209,0.1209,0.1209,0.1209,0.4985,0.1209,0.1209,0.1209,0.1209,0.1183,0.2974,1.406,0.1209,0.1209,0.1209,0.1816,0.289,0.1209,0.1209,0.1209,0.1209,1.54,0.1209,0.1209,0.1209,0.1209,0.2244,0.1209,0.06586,0.1209,0.11304,0.3381,0.1209,0.1209,0.1423,0.1209,0.1209,0.1209,0.1209,0.1209,0.1209,0.1209,0.1209,0.06146,0.1209,0.10956,0.6445,0.2312,0.1209,0.2203,0.1209,0.1252,0.1209,0.1209,0.1209,0.1209,0.1209,0.1209,0.11365,0.1209,0.1209,0.1209,0.1209,0.05383,0.11066,0.1209,0.443,0.1209,0.1126,1.132,0.1209,0.1858,0.1209,0.1209,0.1209,0.1209,0.1209,0.1209,0.098,1.449,0.1209,0.1209,0.1209,0.1209,0.1209,0.1209,0.3086,0.1209,0.1209,0.1209,0.1209,0.1209,0.08417,0.2131,0.1209,0.1209,0.1209,0.11273,0.1209,0.1209,0.1209,0.1209,0.1209,0.1209,0.1209,0.1209,0.1652,0.1209,0.1209,0.0895,0.1209,0.05408,0.1209,0.1621,0.1209,0.1209,0.1209,0.1209,0.1209,0.1209,0.1209,0.1209,0.1209,0.1209,0.10443,0.1334,0.1209,0.1924,0.1209,0.1209,0.0955,0.1858,0.1209,0.452,0.1209,0.1005,0.1209,0.2195,0.11127,0.1209,0.0662
19,0.1127,0.1127,0.6074,0.1127,0.4016,1.196,0.1127,0.1127,0.1127,0.1127,0.1127,0.1127,0.1127,0.1127,0.1658,0.1127,0.08673,0.998,0.1011,0.1127,0.1127,0.1127,0.3398,0.0952,0.1127,0.10535,0.1127,0.3694,0.3289,0.0719,0.1666,0.1127,0.1037,0.1127,0.1127,0.368,0.1127,0.1127,0.1127,0.1127,0.1127,0.1127,0.1912,0.1198,0.1127,0.1127,0.1129,0.1127,0.1127,1.616,0.095,0.1127,0.06256,0.1091,0.1127,0.9033,0.2852,0.1127,0.614,0.1127,0.69,0.1127,0.0995,0.2078,0.1055,0.1127,0.799,0.1127,0.1127,0.1127,0.1127,0.1127,0.1127,0.10815,0.1127,1.152,0.1127,0.4146,0.1127,0.1127,0.1127,0.1127,0.1127,0.1127,0.0989,0.1127,0.1127,0.1127,0.1127,0.1127,0.1127,0.1127,0.748,0.2029,0.1127,0.07227,0.1127,0.1593,0.1285,0.4382,0.1127,0.1127,0.1128,0.1127,0.1127,0.1127,0.1127,0.1127,0.3433,0.1127,0.1127,0.1127,0.1098,0.1127,0.1127,1.207,0.09033,0.1127,0.1127,0.1127,0.5913,0.1127,0.1127,0.1127,0.1127,0.1065,0.1127,0.1127,0.1127,0.10504,0.1127,0.09845,0.1127,0.1219,0.1127,0.1127,0.1127,0.1127,0.3438,0.1127,0.1127,0.1127,0.1127,0.3545,0.1127,0.1127,0.1127,0.1127,0.1127,0.1127,0.1127,0.1127,0.1127,0.1127,0.1127,0.1127,0.1127,1.088,0.1127,0.0931,0.1127,0.2512,0.1127,0.1083,0.1127,0.1373,0.1127,0.1127,0.1127,0.10504,0.1127,0.1127,0.1127,0.1127,0.2174,0.1127,0.1127,0.664,0.1261,0.1127,0.1127,0.1127,0.1127,0.1127,0.1127,0.575,0.1127,0.3462,0.1127,0.1127,0.1127,0.1127,0.1127,0.4885,0.1127,0.1127,0.1127,0.1127,1.407,0.1127,0.0852,0.1127,0.1127,1.779,0.1091,0.1454,0.1055,0.1127,0.1127,0.6826,0.1127,0.1053,0.1127,0.1127,0.1127,0.1241,0.1127,0.1127,0.0987,0.1127,0.1127,0.6763,0.4883,0.1127,0.1127,0.1127,0.1127,0.1127,0.10596,0.4,0.391,0.1124,0.4165,0.1127,0.1127,0.1127,0.2808,0.1127,0.1127,0.1127,0.09827,0.1127,0.1127,0.1127,0.1127,0.1127,0.1249,0.1127,0.1127,0.106,0.1127,0.1127,0.09515,1.01,0.10803,0.218,0.1127,0.1127,0.1127,0.1127,0.1127,0.1127,0.1127,0.1127,0.1127,0.08185,0.1127,0.336,0.54,0.1127,0.0603,0.1127,0.1127,0.1127,0.1127,0.1127,0.1127,0.1127,0.1127,0.1127,0.1127,0.1127,0.1127,0.11005,0.1127,0.1127,0.1127,0.1127,0.1127,0.0822,0.1127,0.1127,0.1127,0.3337,0.1127,0.1127,0.1127,0.1127,0.1127,0.1127,0.1127,0.2097,0.3955,0.1127,0.1127,0.9995,0.10565,0.1127,0.1127,0.1127,0.1113,0.1127,0.1127,0.1127,0.1149,0.2583,0.1127,0.1127,0.1127,1.189,0.1127,0.1127,0.3645,1.561,0.1127,0.1127,0.9155,0.1127,0.1127,0.1127,0.1127,0.1127,0.1127,0.1127,0.1127,0.2986,0.485,0.1127,0.1127,0.1127,0.1127,0.1688,0.263,1.579,0.1127,0.1221,0.1127,0.1127,0.09875,0.1127,0.1127,0.1127,0.1127,0.1127,0.2197,0.08655,0.06805,0.1127,0.1127,0.10297,1.041,0.1089,0.1127,0.1077,0.10425,0.1127,0.1127,0.7256,0.644,0.1282,0.1127,0.1097,0.0935,0.1127,0.2917,0.1636,0.1127,0.1127,0.1127,0.9927,0.1127,0.1127,0.1127,0.933,0.1127,0.2312,0.1127,0.1038,0.1127,0.1127,0.1127,0.1127,0.109,0.1127,0.1025,0.1127,0.662,0.1127,0.4526,0.1127,1.04,0.1127,0.1127,0.1127,0.1957,0.07556,0.0778,0.1985,0.1127,0.1127,0.3018,1.055,0.1127,0.1127,0.1127,0.1006,0.1057,0.1127,0.1127,0.1127,0.1127,0.1127,0.1284,0.1127,0.1127,0.1459,0.1127,0.1127,0.1127,0.1127,0.605,0.1127,0.1127,0.1127,0.1122,0.1127,0.1127,0.1127,0.5605,0.1127,0.1127,0.1127,0.1742,0.3647,0.1032,0.1127,0.1348,0.1017,0.1127,0.1127,0.1127,0.1127,0.08344,0.1127,0.1127,0.1127,0.1127,0.1127,0.2576,0.1127,0.1127,0.1127,0.2205,0.1127,0.1127,0.1127,0.1127,0.1127,0.0889,0.1127,0.1127,0.1127,0.1509,0.1127,0.1127,0.1215,0.0898,0.1127,0.2241,0.1127,0.1127,0.725,0.305,0.1127,0.1127,0.1127,0.1127,0.12067,0.0987,0.1127,0.1127,0.2964,0.143,0.1127,0.1127,0.1127,0.1127,0.1127,0.1127,0.1127,0.1127,0.1127,0.1127,0.1127,0.1127,0.1127,0.1127,0.1032,0.1127,0.1127,0.1127,0.1127,0.2817,0.1195,0.11993,0.1127,0.1127,0.1127,0.1127,0.1127,0.1699,0.1127,0.1127,0.4895,0.693,0.1127,0.1127,0.1127,0.1127,0.1127,0.1127,0.1127,0.1127,0.1127,0.1127,0.1127,0.1127,0.1127,0.2084,0.1127,0.1127,0.1127,0.1127,0.103,0.1127,0.4663,0.1127,0.1127,0.1274,0.478,0.1395,0.1127,0.1127,0.628,0.1127,0.4028,0.1127,0.1127,0.1127,0.0925,0.1127,0.1127,0.1127,0.1127,0.1127,0.4053,0.1127,0.1127,0.1065,0.1127,0.1127,0.1127,0.1127,0.3054,0.1127,0.1127,1.003,0.1127,0.182,0.1127,0.1127,0.1127,0.1127,0.1127,0.1127,0.1127,0.1127,0.1127,0.1127,0.1127,0.1426,0.1053,0.1127,0.1127,0.11066,0.1127,0.1681,0.1127,0.1127,0.1127,0.1127,0.1127,0.1127,0.1127,0.1127,0.1523,0.1127,0.1127,0.08673,0.1127,0.996,0.1127,0.1127,0.1127,0.1498,0.6743,0.1127,0.1127,0.341,0.1127,0.1127,0.1127,0.35,0.1279,0.1495,0.4495,0.1127,0.1127,0.1127,0.1394,0.1127,0.703,0.1708,0.1127,0.1127,0.1127,0.425,0.2295,0.1127,0.1127,0.1127,0.1127,0.4902,0.1127,0.1127,0.1127,0.1127,0.1127,1.112,0.1127,0.1127,0.1127,0.1127,0.3647,0.1127,0.7583,0.1127,0.1127,0.1127,0.1127,0.0925,0.1127,0.3655,0.1127,0.1127,0.1127,0.1127,0.1842,0.09644,0.4995,0.1127,0.1127,0.1127,0.1127,0.1127,0.1127,0.1127,0.1127,0.3083,0.1127,0.105,0.1127,0.1127,0.1127,0.286,0.1127,0.1127,0.3586,0.1127,0.1127,0.3977,0.10675,0.1127,0.1127,0.1127,0.1094,0.1127,0.307,0.199,0.1127,0.1127,0.1127,0.1127,0.1127,0.1127,0.1127,0.3857,0.0986,0.1127,0.2347,0.1127,0.5737,0.1127,0.1127,0.1127,0.1127,0.1127,1.43,0.0863,0.1127,0.1127,0.1127,0.6733,0.1127,0.1127,0.1127,0.1127,0.1127,0.576,0.1127,0.27,0.0784,0.1127,0.1127,0.1296,0.1127,0.1127,0.188,0.1127,0.1127,0.1127,0.1127,0.1127,0.1127,0.1127,0.1127,0.4893,0.1127,0.1127,0.1127,0.1127,0.1127,0.3745,0.7417,0.1127,0.1127,0.1127,0.1057,0.1127,0.1127,0.1127,0.7686,0.1127,0.1127,0.1127,0.1127,0.1127,0.1127,1.02,0.1127,0.0983,0.1127,0.8423,0.1127,0.11163,0.1127,0.1312,0.1127,0.1127,0.1127,0.1127,0.1127,0.1127,0.6846,0.1127,0.1127,0.344,0.1127,0.1127,0.639,0.1127,0.1127,0.1127,0.1127,0.511,0.1127,0.1127,0.04575,0.1127,0.1127,0.1127,0.1127,1.165,0.1127,0.1127,0.1127,0.1127,0.1127,0.1127,0.1127,0.1127,0.1127,0.343,0.1127,0.1127,0.1127,0.11194,0.1127,0.1127,1.17,0.1127,0.28,0.0733,0.1127,1.328,0.9775,0.1127,0.1443,0.1127,0.2264,0.1127,0.1127,0.1127,0.1127,0.8203,0.2437,0.1127,0.1127,0.1127,0.0967,0.1127,0.1127,1.105,0.1127,0.1127,0.1127,0.1127,0.09985,0.09644,0.1127,0.1127,0.1127,0.1039,0.1127,0.1127,0.1127,0.1127,0.1127,0.1127,0.1127,0.2837,0.1127,0.1127,0.1127,0.1127,0.1065,0.1127,0.1127,0.1127,0.1127,0.1127,0.1127,0.1127,0.1127,0.1127,0.1127,0.1127,0.1127,0.1127,0.1127,0.1127,0.1127,0.1127,0.6533,0.2411,0.3025,0.1127,0.1265,0.1127,0.1127,0.1127,0.1127,0.1127,0.6045,0.1127,0.1127,0.1127,0.11084,0.1127,0.1127,0.1127,0.1127,0.507,0.1127,0.1127,0.1127,0.1127,0.1127,0.0802,0.1127,0.1127,0.4712,0.2126,0.4001,0.1038,0.1127,0.1127,0.1127,0.1127,0.1127,0.1127,0.1127,0.1127,0.1127,0.348,0.1127,0.1127,0.1127,0.1127,0.2886,0.1127,0.1127,0.1127,0.2524,0.1127,0.1127,0.1515,0.1127,0.1127,0.1091,0.1127,0.5347,0.1127,0.1555,0.765,0.0892,0.1915,0.1366,0.1127,0.1127,0.1127,0.09906,0.1127,0.1006,0.1127,0.1127,0.1127,0.1127,0.1127,0.1124,0.1127,0.08527,0.1885,0.1059,0.1127,0.8643,0.1127,0.2617,0.1127,0.1127,0.1127,0.1127,0.1127,0.1127,0.1127,0.1127,0.1459,0.1127,0.1127,0.1127,0.1127,0.1127,0.1127,0.1127,0.756,0.6826,0.1127,0.2852,0.1127,0.1127,0.1127,0.1528,0.1127,0.1127,0.1127,0.1127,0.1127,0.1127,0.1486,0.1127,0.1127,0.1127,0.1127,0.1127,0.0963,0.1127,0.1127,0.2524,0.1127,0.1149,0.1127,0.1127,0.1127,0.1127,0.1127,0.1127,0.1127,0.1127,0.1127,0.1127,0.1127,0.714,0.1127,0.0967,0.10535,1.082,0.1127,0.3162,0.1127,0.1046,0.1127,0.1127,0.8936,0.1127,0.1127,0.411,0.1127,0.0898,0.1127,0.525,1.093,0.1127,0.1127,0.1127,0.1127,0.1127,0.1127,0.2515,0.1127,0.1127,0.1127,0.1127,0.1127,0.1127,0.3171,0.1127,0.3882,0.1127,0.5312,0.1127,0.1127,0.1127,0.1127,0.1127,0.2126,0.1127,0.1957,0.1127,0.1127,0.0927,0.1127,0.1127,0.1127,0.1127,0.10944,0.1127,0.2783,0.1127,0.1127,0.1127,0.1127,0.1127,0.1127,0.4258,0.1127,0.1127,0.1127,0.1127,0.302,0.1127,0.1127,0.1127,0.1127,0.1127,0.1127,0.1127,0.1127,0.0795,0.1127,0.1127,0.1127,0.1127,0.1127,0.3896,0.1166,0.1127,0.1127,0.1127,1.714,0.1127,0.1127,0.564,0.1127,0.1127,0.461,0.183,0.1127,2.033,0.1127,0.1127,0.1127,0.1127,0.1127,0.1127,0.1127,0.1127,0.1127,0.1127,0.1127,0.1127,0.1127,0.1127,0.1127,0.1127,0.1127,0.1127,0.10895,0.10736,0.1127,0.08374,0.08374,0.1127,0.1127,0.1127,0.1127,0.1127,0.1127,0.1127,0.1127,0.1127,0.1127,0.1127,0.1127,0.1127,0.1127,0.1127,0.1375,0.1127,0.1127,0.1127,0.1069,0.10315,0.1205,0.1101,0.485,0.1127,0.0981,0.1127,1.191,0.2332,0.1127,0.1127,0.737,0.1127,0.1127,0.097,0.1678,0.1127,0.8823,0.1127,0.2137,0.1996,0.1127,0.1127,0.1127,0.1127,0.2343,0.1127,0.1127,0.2351,0.1127,0.5615,0.1863,0.06744,0.862,0.1127,0.1127,0.1127,0.1127,0.1127,0.1127,0.1127,0.1127,0.1127,0.1127,0.0891,0.1127,0.1954,0.1127,0.1323,0.1127,0.1127,0.09735,0.1189,0.1127,0.1127,0.1127,0.0937,0.1127,0.4363,0.5303,0.1127,0.11066,0.1127,0.6084,0.1127,0.1127,0.1127,0.1415,0.0929,0.1127,0.1127,0.3481,0.1096,0.1127,0.1127,0.1127,0.1127,0.1051,0.1127,0.1127,0.1127,0.11835,0.1127,0.1017,0.1127,0.0739,0.1127,0.1127,0.1127,0.1127,0.1127,0.1127,0.2255,0.1127,0.1127,0.1127,0.09625,0.1081,0.09033,0.1127,0.7153,0.08856,0.1127,0.1127,0.1127,0.1127,0.1127,0.1127,0.2103,0.1127,0.1127,0.1127,0.1127,0.10297,0.4363,0.1127,0.1127,0.2874,0.1127,0.1127,0.1127,0.1223,0.1127,0.1127,0.1127,0.1127,0.1127,0.1127,0.1127,0.478,0.2896,0.0892,0.1127,0.1127,0.1127,0.1127,0.1127,0.1127,0.1127,0.1127,0.9023,0.08435,0.1127,0.1127,0.438,0.1127,0.1127,0.1127,0.1127,0.1127,0.3965,0.1127,0.1127,0.11115,0.1127,0.09265,0.082,0.1127,0.1127,0.1127,0.1127,0.1964,0.1127,0.089,0.1127,0.10645,0.1127,0.1127,0.1102,0.1127,0.1127,0.577,0.1127,0.1127,0.1127,0.144,0.1127,0.1127,0.1127,0.5083,0.1127,0.10223,0.1127,0.1127,0.1127,0.7437,0.1127,0.1127,0.1127,0.1127,0.1406,0.2483,0.1127,0.1127,0.1127,0.1127,0.1127,0.1127,0.1127,0.1127,0.1127,0.07166,0.1127,0.1127,0.1127,0.6294,0.1127,0.3062,0.1127,0.1127,0.1127,0.1127,0.1127,0.1127,0.1127,0.1127,0.1127,0.1127,0.1127,0.0958,0.1127,0.1127,0.1224,0.1127,0.1115,0.09094,0.1127,0.1127,0.1127,0.10614,1.951,0.1127,0.1127,0.1127,0.10736,0.1127,0.1127,0.3557,0.1127,0.1127,0.1127,0.1127,0.1127,0.1127,0.1127,0.1127,0.1127,0.1127,0.09045,0.1127,0.3125,0.1127,1.366,0.1127,0.1127,0.1127,0.1127,0.10596,0.1127,0.0864,0.335,0.1127,1.124,0.1127,0.1127,0.0946,0.10693,0.3113,0.1127,0.1127,0.1127,0.2294,1.458,0.1437,0.1127,0.1127,0.1127,0.1127,0.1127,0.1127,0.1127,0.1127,0.1127,0.08734,0.10785,0.0824,0.1127,0.1127,0.1127,0.1127,0.1127,0.1127,0.2028,0.1127,0.1127,0.10645,0.1127,0.1127,0.4214,0.334,0.1127,0.1127,0.1127,0.1175,0.1127,0.1127,0.1245,0.1127,0.604,0.736,0.1127,0.09393,0.1127,0.1156,0.1127,0.1127,0.1127,0.721,0.1127,0.1127,0.1127,0.1156,0.1127,0.07404,0.1127,0.72,0.0929,0.1127,0.1127,0.807,0.1127,0.1127,0.0925,0.595,0.1127,0.1127,0.6353,0.10614,0.1127,0.443,0.1127,0.1127,0.1127,0.1127,0.1127,0.9375,0.1095,0.2695,0.1127,0.092,0.1127,0.1127,0.1389,0.1127,0.3477,0.1127,0.1127,0.1127,0.1127,0.1127,0.4585,0.1127,0.1127,2.049,0.2886,0.1127,0.1127,0.76,0.1127,0.2742,0.1127,0.1127,0.10333,0.1127,1.161,0.1127,0.1127,0.10266,0.1127,0.1127,0.2253,0.1127,0.1127,0.798,0.1127,0.2903,0.1127,0.1127,0.1127,0.1127,0.1127,0.1127,0.1127,0.1127,0.1904,0.1127,0.344,0.1127,0.998,0.1127,0.1127,0.1127,0.1127,0.1127,0.0818,0.1127,0.1127,0.1127,0.1127,0.1127,0.1127,0.1625,0.1127,0.1127,0.794,0.1127,0.1127,0.1127,0.1127,0.1127,0.1127,0.0993,0.1127,0.1127,1.66,0.1127,0.1127,0.1127,0.1677,0.1127,0.1127,0.622,0.1127,0.1127,0.1127,0.1127,0.1127,0.1127,0.1888,0.3206,0.1127,0.1127,0.10004,0.1127,0.1127,0.1127,0.1127,0.1127,0.2266,0.2402,0.1127,0.1127,1.136,0.1127,0.1127,0.1127,0.1127,0.1127,0.1127,0.1127,0.1127,0.1127,0.1127,0.1127,0.1127,0.1127,0.1127,2.135,0.3623,0.1127,0.1127,0.1127,0.1085,0.1127,0.1127,0.1127,0.1127,0.934,0.2512,0.1127,0.1127,0.3782,0.1127,0.1127,0.1127,0.1127,0.251,0.1127,0.1127,0.0922,0.1127,0.0988,0.1127,0.1127,0.1887,0.1127,0.1127,0.4402,0.0873,0.1127,0.1127,0.2358,0.1127,0.2944,0.1127,0.655,0.4722,0.0973,0.1127,0.08405,0.1127,0.1127,0.1127,1.094,0.1127,0.1506,0.1156,0.1127,0.1127,0.877,0.1034,0.1127,0.0841,0.1127,0.1127,0.1127,0.1127,0.1613,0.1127,1.359,0.1127,0.1127,0.1127,0.3982,0.1127,0.1127,0.1127,0.1127,0.1127,0.1127,0.1511,0.3918,0.726,0.1127,0.1127,0.56,0.1127,0.1127,0.2307,0.1127,0.1127,0.1127,0.1127,0.1127,0.1127,0.0788,0.43,0.1127,0.1127,0.1127,0.2969,0.1127,0.1127,0.1127,0.1127,0.1127,0.1127,0.1127,0.1127,0.1127,0.2002,0.1127,0.10834,0.1127,0.1127,0.1127,0.1127,0.1127,0.2249,0.3618,0.1127,0.1127,0.1127,0.1127,0.1127,0.2786,0.2002,1.253,0.1127,0.1127,0.1127,1.994,0.1127,0.1127,0.1127,0.1127,0.1127,0.1127,0.1127,0.1127,0.1547,0.1127,0.10583,0.1127,0.1127,0.1127,0.1133,0.1127,0.1127,0.1127,0.1127,0.1127,0.1127,0.1127,0.1545,0.10394,0.1077,0.1127,0.1292,0.10095,0.1282,0.1127,1.161,0.1127,0.1127,0.4038,0.1127,0.6055,0.4944,0.1127,0.225,0.1127,0.1127,0.1127,0.1127,0.1127,0.1127,0.1013,0.1127,0.1127,0.1127,0.2615,0.1127,0.0893,0.1127,0.1127,0.1127,0.1127,0.1373,0.09186,0.1127,0.556,0.1127,0.1127,0.1926,0.1127,0.1127,0.1674,0.1127,0.0986,0.1127,0.4458,0.10614,0.1127,0.1127,0.1127,0.0899,0.1127,0.367,0.1127,0.1127,0.1058,0.27,0.1127,0.1127,0.6143,0.1127,0.08624,0.1127,0.4104,0.1127,0.1084,0.1127,0.1127,0.1127,0.1127,0.1127,0.1127,0.1127,0.1127,0.109,0.1127,0.1271,0.07184,0.1127,0.1127,0.1127,0.1127,0.1127,0.1098,0.1552,0.1127,0.2986,0.0971,0.1127,0.1127,0.1127,0.1127,0.1127,0.09265,0.1127,0.1127,0.1127,0.1442,0.1127,0.1127,0.1037,0.1127,0.1127,0.1127,0.11,0.1127,0.1127,1.239,0.2372,0.9526,0.1127,0.1127,0.1127,0.1089,0.1127,0.1127,0.11395,0.092,0.1127,0.591,0.2471,0.638,0.1127,0.9907,0.0912,0.1127,0.109,0.0961,0.1127,0.161,0.1117,0.1127,1.3,0.1127,0.1127,0.1127,0.1127,0.1127,0.09424,0.1266,0.1127,1.211,0.1127,0.5664,0.09985,0.10364,0.1127,0.1127,0.1127,0.1127,0.1127,0.1127,0.5483,0.1127,0.1033,0.1127,0.08704,0.09595,0.1127,0.1127,1.214,0.0731,0.076,0.1127,0.08563,0.1127,0.1127,0.1127,0.1447,0.1127,0.1127,0.1127,0.1127,0.1127,0.1127,0.1127,0.1035,0.1127,0.2837,0.1127,0.1127,0.1127,0.1127,0.1127,0.3997,0.1127,0.1127,0.1127,0.1127,0.1127,0.1127,0.5503,0.1127,0.6826,0.2515,0.10284,0.1127,0.1127,0.08856,0.9854,0.08545,0.395,0.1127,0.1396,0.1127,0.1127,0.1127,0.1127,0.1127,0.1127,0.1127,0.1127,0.1127,0.10364,0.1127,0.406,0.1127,0.1127,0.1127,0.1127,0.1127,0.1127,0.1127,0.1127,0.1127,0.1127,0.2485,0.2191,0.1127,0.7505,0.12335,0.10345,0.1127,0.1127,0.1127,0.1127,0.1127,0.1461,0.1127,0.0879,0.1127,0.1127,0.1127,0.1127,0.1077,0.1127,0.0751,0.1127,0.1127,0.09955,0.1127,0.2007,0.1127,0.1127,0.1127,0.1127,0.1127,0.142,0.1127,0.2969,0.7476,0.09467,0.3296,0.1127,0.461,0.1127,0.1127,0.4307,0.1127,0.1127,0.5283,0.479,0.1127,0.0914,0.1127,0.1127,0.1127,0.1127,0.1127,0.1127,0.1277,0.1127,0.1127,0.139,0.1162,0.1127,0.1127,0.1127,0.1764,0.484,0.1127,0.1127,0.1127,0.1127,0.107,0.1127,0.1127,0.1127,0.1127,0.8037,0.1127,0.2058,0.1127,0.39,0.1127,0.1127,0.1127,2.215,0.1127,0.09937,0.1127,0.9546,0.997,0.1127,0.1127,0.5254,0.1127,0.1127,0.1127,0.1066,0.3894,0.3972,0.1127,0.1127,0.1127,0.1127,0.1127,0.1127,0.1127,0.2264,0.1127,0.1127,0.1127,1.341,0.1127,0.1127,0.1127,1.124,0.1127,0.1114,0.1127,0.1127,0.1127,1.097,0.10034,0.1127,0.4497,0.1127,0.1127,0.1127,0.1127,0.0767,0.1127,0.1127,0.2107,0.0794,0.1127,0.1127,0.1127,0.1127,0.1127,0.10596,0.1127,0.1127,0.1127,0.1127,0.1127,0.1127,0.1127,0.11206,0.1127,0.1127,0.1127,0.1127,0.10785,0.1127,0.1127,0.10913,0.1127,0.1127,0.1127,0.1127,0.1127,0.7095,0.1134,0.1127,0.6465,0.1127,0.1127,0.8037,0.1127,0.2015,0.10895,0.111,0.1079,0.1127,0.178,0.1127,0.1127,0.1127,0.111,0.1127,0.3792,0.1127,0.1345,0.1127,0.1127,0.1127,0.1127,0.1127,0.1127,0.1127,0.2285,0.2467,0.1127,0.1127,0.1127,0.10297,0.1127,0.1127,0.1127,0.10376,0.1127,0.1127,0.1127,0.4482,0.1127,0.10706,0.1067,0.1127,0.1127,0.1127,0.4382,0.1127,0.1127,0.1127,0.1127,0.10535,0.0876,0.1127,2.24,0.1127,0.1127,0.506,0.1127,0.9927,0.1128,0.6343,0.1127,0.1127,0.1127,0.1127,0.1127,0.1021,0.1127,0.1127,0.1127,0.1127,0.0978,0.1127,0.1127,0.1127,0.1127,0.517,1.67,0.1127,0.1127,0.1127,1.387,0.1127,0.38,0.05682,0.1127,0.1127,0.1127,0.1127,0.1127,0.7188,0.08466,0.1127,0.1127,0.521,0.1127,0.1127,0.1127,0.1119,0.1127,0.1127,0.1127,0.1127,0.1127,0.1127,0.1127,0.1127,0.2815,0.1127,0.1127,0.1127,0.1127,0.1039,0.1127,0.1127,0.10767,0.7954,0.1127,0.1127,0.1127,0.1127,0.3347,0.1127,0.1127,0.09344,0.1127,0.1127,0.1127,0.1127,0.1127,0.1127,0.1127,0.364,1.188,0.1127,0.1127,0.1127,0.1127,0.64,2.04,0.1127,0.1127,0.1127,0.1127,0.10657,0.1127,0.1127,0.1127,0.1127,0.1127,0.1127,0.1127,0.6045,0.1438,0.1127,0.1127,0.1127,0.1638,0.091,0.1127,1.166,0.1127,0.139,0.1127,0.1127,0.1127,0.1127,0.1127,0.1127,0.1127,0.1127,0.345,0.0943,0.1127,0.109,0.111,0.1127,0.1127,0.1127,0.1127,0.1506,0.1127,0.1127,0.1127,0.1127,0.09875,0.1127,0.11383,0.1127,0.1127,0.1127,0.3867,0.145,0.1127,0.105,0.2358,0.1127,0.0799,0.1127,0.1127,0.1127,0.1127,0.1118,0.3545,0.1127,0.3875,0.3403,0.3298,0.10834,0.1127,0.1127,0.1127,0.1127,0.768,0.1127,0.1426,0.1127,0.1127,0.1127,0.1127,0.1127,0.1127,0.6865,0.1127,0.10956,0.09656,0.9565,0.1127,0.0817,0.1127,0.1124,0.1127,0.2632,0.163,0.1127,0.1127,0.1127,0.4265,0.1127,0.1127,0.1056,0.1127,0.1127,0.1127,0.0933,0.1127,0.1127,0.1127,0.0984,1.283,0.1127,0.10956,0.1127,0.1127,0.09235,0.1127,0.1127,0.1127,0.211,0.1127,0.1127,0.107,0.1127,0.1127,0.1127,0.1127,0.1127,0.1097,0.0824,0.6265,0.1127,0.1127,0.1127,0.1029,0.1127,0.1127,0.1517,0.1127,0.151,0.7373,0.1127,0.1127,0.1127,0.1127,0.1043,0.1072,0.1127,0.1127,0.1127,0.1127,0.1004,0.6357,0.1127,0.0876,0.1127,0.1151,0.1127,0.1127,0.1127,0.1127,0.10205,0.1127,0.1127,0.1127,0.1127,0.1127,0.1127,0.1127,0.0982,0.1127,0.1127,0.1127,0.1127,0.1127,0.09674,0.5425,0.1127,0.1127,0.1127,0.1057,0.7695,0.1127,0.08276,0.10754,0.1758,0.1127,0.1127,0.761,0.1127,0.1127,0.1782,0.1127,0.1907,0.1127,0.1127,0.1127,0.1127,0.1127,0.1127,0.1127,0.1896,0.0549,0.1127,0.1127,0.10034,0.1127,0.1127,0.1127,0.1127,0.1127,0.1127,0.1127,0.1058,0.1127,0.09735,0.3718,0.1127,0.1127,0.1127,0.1127,0.6963,0.1127,0.1119,0.104,0.1127,0.1127,0.1127,0.10754,0.1127,0.1127,0.1127,0.1127,0.1127,0.1127,0.1127,0.1127,0.2113,0.2091,0.947,0.1127,0.1127,0.1127,0.1127,1.656,0.1127,0.0937,0.1127,0.1926,0.1127,0.1127,0.1127,0.1127,0.6636,0.1127,0.4065,0.1127,0.1127,0.3538,0.1138,0.1127,0.1127,0.1127,0.666,0.0954,0.2482,0.1127,0.1127,0.1127,0.1127,0.1004,1.451,0.1127,0.1127,0.1127,0.563,0.1774,0.9463,0.1127,0.1127,0.2281,0.1127,0.1127,0.0944,0.1127,0.2015,0.1285,0.4072,0.2117,0.1127,0.1061,0.1371,0.1127,0.1127,0.1127,0.10266,0.394,0.1127,0.1127,0.1127,0.1127,0.1127,0.0982,0.0731,0.1127,0.1127,0.2754,0.1127,0.1127,0.1127,0.1127,0.1876,0.09375,0.2612,0.1127,0.1127,0.1127,0.0905,0.1127,0.1127,0.1127,0.89,0.1127,0.1127,0.1127,0.3096,0.5747,0.3442,0.1127,0.1127,0.238,0.1127,0.1127,2.254,0.10284,0.1127,0.1127,0.1127,0.1127,0.1127,0.1127,0.1083,0.1127,0.1127,0.1127,0.1127,0.1127,0.1127,0.1127,0.1127,0.1127,0.10645,0.492,0.1127,0.312,0.1127,0.1127,0.1511,0.1127,0.1127,0.1127,0.3638,0.1127,0.3738,0.1127,0.1127,0.1082,0.12134,0.4375,0.108,0.1127,0.1127,0.1127,0.1127,0.08923,0.1521,0.1127,0.2467,0.1127,0.1127,0.55,0.1127,0.1127,0.1127,0.1127,0.2937,0.1127,0.1127,0.1127,0.4802,0.6265,0.1127,0.1127,0.10486,0.1127,0.1127,0.1127,0.923,0.2734,0.1127,0.0846,0.1127,0.1127,0.1956,0.1127,0.5933,0.1127,0.1127,0.1127,0.1127,0.1127,0.1127,0.1127,0.2279,0.1127,0.11,0.1378,0.1127,0.0998,0.1127,0.1127,0.1127,0.1127,0.1127,0.1127,0.1127,0.1127,0.1127,0.0937,0.1127,0.1127,0.2856,0.07513,0.1127,0.1127,0.4102,0.396,0.702,0.1127,0.12274,0.1097,0.1127,0.1127,0.10333,0.691,0.1127,0.1127,0.1127,0.1127,0.1127,0.1127,0.1127,1.308,0.3872,0.1127,0.1127,0.1127,0.1127,0.1127,0.1127,0.08057,0.2563,0.1127,0.1127,0.1127,0.1127,0.1127,0.1127,0.1198,0.1127,0.1127,1.071,0.1127,0.1127,0.6587,0.334,0.1127,0.1127,0.1127,0.06168,0.1127,0.1124,0.1127,0.0901,0.3687,0.8315,0.1127,0.3098,0.1127,0.32,0.1127,0.1127,0.1908,0.1127,0.1127,0.1111,0.1127,0.1127,0.0955,0.1127,0.1127,0.4553,0.1127,0.2318,0.1127,0.1127,0.1127,0.1127,0.107,0.1127,0.1127,0.1127,0.1127,0.1127,0.1127,0.1127,0.1127,0.1127,0.1127,0.1127,0.1127,0.1127,0.1241,0.1127,0.1085,1.065,0.1127,0.1127,0.2603,0.1127,0.1305,0.1127,0.1127,0.0678,0.1127,0.1127,0.1127,0.324,0.1127,0.1127,0.1127,0.1127,0.1127,0.1127,0.1127,0.1127,0.1127,0.1127,0.1093,0.1035,0.995,0.1127,0.1127,0.10443,0.2827,0.648,0.1127,0.5674,0.3174,0.1127,0.1127,0.1127,0.1127,0.1127,0.1544,0.1127,0.1127,0.1127,0.1127,0.3826,0.1127,0.1127,0.10645,0.1565,0.1127,0.1127,0.1127,0.1127,0.095,0.075,0.1127,0.1127,0.1127,0.2405,0.1127,0.1127,0.1127,0.1127,0.1127,0.1127,0.1512,0.1127,0.12274,0.3394,0.1127,0.1127,0.1127,0.1127,0.1098,0.1127,0.10864,0.1127,0.1127,0.1127,0.1127,0.1127,0.1127,0.4807,0.1127,0.1127,0.1127,0.1127,0.1127,0.1127,0.1127,0.1127,0.1578,0.1127,0.1127,0.1127,0.1127,0.1127,0.1127,0.1127,0.1127,0.4888,0.1127,0.0945,0.1127,0.1127,0.4148,0.1127,0.1127,0.1127,0.10535,0.1127,0.1127,0.1127,0.1127,0.1127,0.1127,0.2185,0.1127,0.1127,0.1127,1.467,0.09314,0.705,0.0805,0.1127,0.10675,0.1127,0.1127,0.547,0.1127,0.1127,0.1127,0.1127,0.10364,0.1127,0.588,0.1127,0.1096,0.9033,0.1761,0.1127,0.3142,0.1127,0.486,0.1127,0.0931,0.1127,0.1127,0.10657,0.366,0.383,0.3508,0.1127,0.1127,0.1763,0.1127,0.07764,0.1127,0.1127,0.1127,0.1127,0.3955,0.1127,0.1127,0.3403,0.2356,0.1127,0.1127,0.1127,0.1127,0.1127,0.1127,0.1127,0.3123,0.1127,0.11053,1.123,0.148,0.1127,0.1127,0.1127,0.1127,0.505,0.1127,0.1127,0.10297,0.1127,0.1127,0.1036,0.1127,0.1127,0.1127,0.1127,0.1127,0.1127,0.1127,0.1067,0.1127,0.09155,0.1127,0.1127,0.1127,0.1127,0.1127,0.2269,0.0873,0.1127,0.1127,0.1127,0.2018,0.1127,0.1127,0.1015,0.759,0.1127,0.2385,0.3284,0.1127,0.1127,0.1127,0.1127,0.5933,0.1127,0.1936,0.1127,0.1127,0.1127,0.1127,0.12305,0.09753,0.10187,0.1127,0.1127,0.1127,0.4402,0.1123,0.1127,0.09564,0.1127,0.1127,0.10315,0.09644,0.1127,0.1127,0.1127,0.34,0.1127,0.1127,0.1127,0.2169,0.1127,0.1562,0.923,0.1127,0.1127,0.1034,0.1942,0.1127,0.10547,0.683,0.834,0.1127,0.0781,0.4138,0.1127,0.1127,0.1127,0.11914,0.1127,0.1127,0.1127,0.1127,0.1015,0.1127,0.1127,0.2001,0.25,0.1127,0.1127,0.1127,0.1136,0.1127,0.0681,0.1127,0.1127,0.1127,0.372,0.4146,0.1127,0.1127,0.1003,0.1127,0.969,0.9624,0.1127,0.1127,0.1127,0.1127,0.1127,0.3174,0.1309,0.1127,0.11096,0.1127,0.1087,0.1127,0.1127,0.0996,0.2399,0.1127,0.859,1.218,0.1127,0.1088,0.2363,0.4792,0.1127,0.1127,0.1127,0.507,0.1127,0.1127,0.1127,0.1547,0.1127,0.1127,0.1127,0.1127,0.1127,0.2568,0.1127,0.1127,0.527,0.1127,0.1127,0.1127,0.1127,0.1127,0.1127,0.1127,0.1127,0.1127,0.1127,0.10895,0.2019,0.1105,0.1127,1.301,0.1127,0.858,0.0966,0.1127,0.1127,0.1127,0.1127,0.11914,0.1127,0.1127,0.1127,0.2783,0.1127,0.1127,0.1127,0.5283,0.1127,0.1127,0.1207,0.1127,0.1127,0.1127,0.8257,0.1127,0.5044,0.1127,0.1127,0.6963,0.798,0.1127,0.07446,0.1127,0.1127,0.456,0.1565,0.1356,0.1127,0.1127,0.1127,0.1127,0.1127,0.1127,0.1127,0.1127,0.1127,0.625,0.1127,0.1127,0.1127,0.103,0.09424,0.1127,0.2551,0.1127,0.1064,0.1368,0.1127,0.3264,0.1127,0.1127,0.736,0.1127,0.1127,0.1127,0.1127,0.8364,0.1127,0.1127,0.1127,0.1127,0.2615,0.1127,0.12036,0.1127,0.1127,0.1127,0.1127,0.0917,0.676,0.7603,0.1757,0.1127,0.1127,0.10565,0.1127,1.534,0.1127,0.1127,0.1134,0.1663,0.455,0.3662,0.1127,0.23,0.1127,0.1127,0.1127,0.1127,0.152,0.1127,0.1127,0.1127,0.1127,0.09283,0.9883,0.1127,0.1127,0.1127,0.1127,1.051,0.1127,0.1127,0.1127,0.1127,0.1127,0.1127,1.55,0.1127,0.1058,0.1127,0.1127,0.1127,0.0848,0.1127,0.1127,0.1127,0.1039,0.1127,0.1127,0.1127,0.1127,0.1115,0.1127,0.1127,0.1127,0.1127,0.1127,0.1127,0.1127,0.1127,0.1127,0.1127,0.1127,0.2004,0.1127,0.1127,0.1127,0.1127,0.1127,0.251,0.1127,0.2069,0.1127,0.1127,0.3909,0.1107,0.1127,0.3962,0.07074,0.1127,0.1127,0.1127,0.2145,0.2344,0.1127,0.097,0.8496,0.1127,0.0915,1.187,0.1127,0.803,0.0816,0.1127,0.1127,0.1127,0.0782,0.1127,0.1127,0.1127,0.1127,0.1127,0.1127,0.1127,0.1127,0.1127,0.104,0.1127,0.1127,0.1127,0.1127,0.1127,0.1127,0.1127,0.1127,0.1127,0.5464,0.1127,0.1038,0.3403,0.1309,0.1127,0.1127,0.1127,0.1127,0.1127,0.1127,0.1127,0.1127,0.1127,0.1127,0.1127,0.1127,0.1127,0.3948,0.1127,0.1127,0.0898,0.2075,0.2206,0.1127,0.09393,0.1127,0.1127,0.1127,0.1127,0.1127,0.1127,0.1127,0.1127,0.1127,0.1127,0.1127,0.1874,1.358,0.1127,0.1127,0.1127,0.1042,0.1127,0.1127,0.1127,0.1127,0.1127,0.1127,0.11005,0.1127,0.1127,0.1127,0.1127,0.1127,0.1127,0.1127,0.0994,0.1127,0.1127,0.404,0.1127,0.672,0.1127,0.1127,0.1127,0.1127,0.4216,0.1127,0.1127,0.1188,0.1127,0.1127,0.0944,0.1127,0.1127,0.1127,0.1127,0.1963,0.1127,0.1017,0.1127,0.10834,0.1127,0.1074,0.1127,0.1127,0.0947,0.1127,0.1127,0.1467,0.1127,0.1127,0.2308,0.1127,0.1127,0.1127,0.1254,0.4292,0.1261,0.2225,0.1127,0.1127,0.1127,0.1127,0.1127,0.2278,0.0987,0.1127,0.1127,0.2169,0.1127,0.1127,0.1127,0.1127,0.1127,0.0904,0.1127,0.1127,0.1119,1.215,0.1127,0.1127,0.1127,0.1127,0.1127,0.1127,0.0973,0.1127,0.1127,0.1127,0.10486,0.1125,0.1127,0.1127,0.1127,0.1127,0.1127,0.1127,0.09283,0.1071,0.406,0.1127,0.1603,0.1127,0.1127,0.1127,0.1127,0.1127,0.1305,0.1127,0.5454,0.1127,0.1127,0.1127,0.1127,0.1127,0.9897,0.1127,0.64,0.1127,0.1127,0.1127,0.1127,0.1833,0.1127,0.1127,0.1127,0.1048,0.1127,0.1127,0.10266,0.1127,0.1127,0.1127,0.1127,0.2573,0.1127,0.1127,0.0978,1.28,0.0933,0.1127,0.1127,0.1039,0.0882,0.1127,0.09796,0.1127,0.4548,0.1127,0.0933,0.1609,0.1127,0.2046,0.10645,0.1365,0.1127,0.1127,0.1127,0.1127,0.1127,0.1127,0.1127,0.1127,0.1024,0.1127,0.1561,0.6494,0.1127,0.1127,0.1127,0.1127,0.1127,0.2157,0.1127,0.1127,0.1127,0.11,0.1127,0.1127,0.1127,0.1127,0.1127,0.1127,0.1127,0.1127,0.1127,0.1127,0.1127,0.1127,0.1127,0.1127,0.1127,0.1127,0.1127,0.1127,0.1127,0.6416,0.1127,0.09015,0.1127,0.1616,0.1127,0.1127,0.1127,0.1127,0.1127,0.1101,0.1127,0.1127,0.0928,0.1085,0.1127,0.6343,0.1127,0.1127,0.3506,0.1127,0.1127,0.1127,0.09607,0.1127,0.1277,0.1127,0.1127,0.1127,0.1127,0.111,0.1127,0.246,0.2444,0.10767,0.1127,0.1127,0.1127,0.1127,0.1127,0.5723,0.10474,0.1127,0.1367,0.10297,0.1127,0.1127,0.1508,0.1036,0.4983,0.1248,0.1127,0.4287,0.1106,0.1127,0.1127,0.1127,0.1127,0.3318,0.1127,0.1127,0.1127,0.0988,0.1127,0.1127,0.1127,0.1127,0.1127,0.1127,0.1127,0.1127,0.1127,0.7583,0.1109,0.1127,0.1127,0.1127,0.10095,0.1127,0.1127,0.1127,0.1127,0.3218,0.1127,0.1127,0.1127,0.1127,0.1127,0.1127,0.1127,0.527,0.1127,0.1154,0.1127,0.1731,0.1127,0.1127,0.1127,0.1127,0.1035,0.1127,0.1127,0.0843,0.1127,0.1127,0.1127,0.1127,0.1127,0.159,0.1127,0.1127,0.634,0.1127,0.1127,0.10095,0.1055,0.1127,0.1127,0.1127,0.10455,0.09406,0.1127,0.1328,0.1127,0.1127,0.0981,0.1127,0.1185,0.1127,0.1127,0.1062,0.1127,0.1127,0.0713,0.0797,0.1127,0.1127,0.1127,0.1127,0.1127,0.1127,0.1127,0.1127,0.1127,0.1127,0.1127,0.1127,0.1127,0.1127,0.1127,0.1127,0.1127,0.1127,0.1127,0.1127,0.1127,0.1127,0.1127,0.1508,0.1127,0.1127,0.0885,0.1127,0.1127,0.1127,0.112,0.889,0.176,0.1792,0.1127,0.657,0.1127,0.1127,0.1127,0.1127,0.1127,0.1127,0.1127,0.1127,0.1127,0.832,0.1127,0.1127,0.1127,0.1772,0.1127,0.1127,0.1127,0.1127,0.1127,0.649,0.1127,0.1127,0.1127,0.1127,0.1127,0.10114,0.1127,0.1127,0.1127,0.10767,0.1219,0.1127,0.1127,0.1053,0.1127,0.1127,0.1127,0.1127,0.1127,0.1127,0.1003,0.1127,0.1127,0.1127,0.1127,0.1127,0.107,0.126,0.1127,0.1127,1.324,0.4512,0.1127,0.5454,0.1127,0.1127,0.1127,0.1127,0.1127,0.703,0.1127,0.1127,0.0713,0.1127,0.1127,0.1401,0.2471,0.807,0.1127,0.1127,0.09106,0.1127,0.1127,0.1127,0.1127,1.886,0.0859,0.1127,0.1127,0.1127,0.1127,0.4504,0.312,0.1127,0.1127,0.1127,0.1127,0.1127,0.1127,0.1127,0.1127,0.1127,0.1127,0.1127,0.1127,0.1127,0.10956,0.1127,0.1127,0.168,0.1127,0.1127,0.1127,0.1127,0.1127,0.10657,0.1127,0.1127,0.1127,0.1127,0.1127,0.6553,0.1127,0.1127,0.1127,0.102,0.1127,0.10864,0.1127,0.1127,0.1127,0.1127,0.1127,0.1127,0.1127,0.1127,0.2056,0.1127,0.5293,0.1127,0.1127,0.1127,0.1127,0.1127,0.1127,0.1127,0.1127,0.1127,0.1127,0.1127,0.1127,0.1893,0.1127,0.1127,0.1127,0.1127,0.1127,0.1127,0.1581,0.1127,0.1127,0.1127,0.1127,0.1127,0.1127,0.1127,0.1267,0.1127,0.072,0.1127,0.1127,0.1127,0.1127,0.1127,0.1059,0.1127,0.1127,0.1127,0.2837,0.1127,0.9634,0.567,0.1127,0.1127,0.1127,0.1127,0.1127,0.1127,0.4624,0.1127,0.1127,0.1127,0.1127,0.0805,0.1761,1.268,0.1127,0.1127,0.1127,0.1953,0.1993,0.1127,0.1127,0.1127,0.3154,1.434,0.1127,0.1077,0.1127,0.09515,0.2461,0.1127,0.10236,0.1127,0.1127,0.507,0.1127,0.1127,0.1768,0.1127,0.1127,0.10156,0.1366,0.1127,0.1127,0.1127,0.1127,0.1224,0.1127,0.1057,0.7266,0.307,0.1127,0.07947,0.1127,0.1284,0.1127,0.1127,0.1127,0.1127,0.1127,0.1127,0.1536,0.111,0.1127,0.1127,0.1127,0.1473,0.1127,0.1127,0.4622,0.1127,0.2278,0.897,0.1127,0.1041,0.1127,0.1127,0.1127,0.1127,0.1127,0.1106,0.12024,1.332,0.1127,0.1127,0.1127,0.1127,0.1127,0.1127,0.2908,0.1127,0.1127,0.1127,0.1127,0.1127,0.1127,0.2976,0.1127,0.1127,0.1127,0.10925,0.1127,0.1127,0.1127,0.1127,0.1127,0.1127,0.1127,0.1127,0.1186,0.1127,0.1127,0.07776,0.1127,0.08856,0.1127,0.2399,0.1127,0.1127,0.1127,0.1127,0.1127,0.1127,0.1127,0.1127,0.1127,0.1127,0.0625,0.1346,0.1127,0.1647,0.1127,0.1127,0.1127,0.1731,0.1127,0.4548,0.1127,0.11,0.1127,0.5747,0.0961,0.1127,0.10815
20,0.1191,0.1191,0.4673,0.1191,0.4646,0.84,0.1191,0.1191,0.1191,0.1191,0.1191,0.1191,0.1191,0.1191,0.3801,0.1191,0.1586,0.975,0.10004,0.1191,0.1191,0.1174,0.3037,0.0996,0.1191,0.2244,0.1191,0.4321,0.2805,0.09235,0.1736,0.1191,0.1191,0.1191,0.1191,0.152,0.1191,0.1191,0.1191,0.1191,0.1191,0.1191,0.2474,0.293,0.1191,0.1191,0.1191,0.1191,0.1191,1.84,0.1191,0.1191,0.0736,0.084,0.1191,0.8975,0.10565,0.1191,0.672,0.1191,0.75,0.1191,0.1191,0.3887,0.1191,0.1191,0.7153,0.1191,0.1191,0.1191,0.1191,0.1191,0.1191,0.1023,0.1191,1.092,0.1191,0.2455,0.1191,0.1191,0.1191,0.1191,0.1191,0.1191,0.1139,0.1191,0.1191,0.1191,0.1191,0.1191,0.1191,0.1191,0.608,0.2042,0.1191,0.0996,0.1191,0.08105,0.07886,0.1929,0.1191,0.1191,0.1033,0.1191,0.1191,0.1191,0.1191,0.1191,0.3213,0.1191,0.1191,0.1191,0.1191,0.1191,0.1191,1.353,0.09314,0.1191,0.1191,0.1191,0.3176,0.1191,0.1191,0.1191,0.1191,0.1144,0.1104,0.1191,0.1075,0.1191,0.1191,0.1191,0.1191,0.1191,0.1191,0.1191,0.1191,0.1191,0.4521,0.1191,0.1191,0.1191,0.1191,0.218,0.1191,0.1191,0.1191,0.1191,0.1191,0.1191,0.11536,0.1191,0.1191,0.1191,0.1191,0.1191,0.1191,1.119,0.1191,0.1455,0.1191,0.4119,0.1191,0.1191,0.1191,0.1191,0.1191,0.11426,0.1191,0.1321,0.1191,0.1191,0.1191,0.1191,0.2605,0.1191,0.1191,0.701,0.05923,0.1191,0.1191,0.1191,0.1191,0.1191,0.1191,0.51,0.1191,0.303,0.1191,0.1191,0.1191,0.1191,0.1191,0.3625,0.0898,0.1191,0.1191,0.1191,1.44,0.1191,0.1055,0.1191,0.1191,1.877,0.0863,0.1786,0.1191,0.1191,0.1191,0.3745,0.1191,0.0996,0.1191,0.1191,0.1191,0.138,0.1191,0.1191,0.1191,0.1191,0.1191,0.947,0.3726,0.1191,0.1191,0.0936,0.1191,0.1191,0.1191,0.2979,0.2615,0.0705,0.3645,0.1191,0.1191,0.1191,0.2458,0.1191,0.1191,0.1191,0.2181,0.1191,0.1023,0.1191,0.1191,0.1191,0.097,0.1191,0.1191,0.1191,0.1191,0.1191,0.10986,1.379,0.1272,0.3225,0.1191,0.1191,0.1191,0.102,0.1191,0.1191,0.1191,0.1191,0.1191,0.3054,0.1191,0.52,0.7656,0.1191,0.0954,0.1191,0.1191,0.1191,0.1191,0.1191,0.1191,0.1191,0.1191,0.1191,0.1191,0.1191,0.1191,0.0867,0.1191,0.1191,0.1191,0.1191,0.1191,0.1191,0.1191,0.1191,0.1191,0.3816,0.1191,0.1191,0.1191,0.1191,0.1191,0.1097,0.1191,0.0972,0.5767,0.1191,0.132,0.6113,0.1191,0.1191,0.1191,0.1191,0.1167,0.1191,0.1191,0.1191,0.12054,0.1741,0.1191,0.1191,0.1191,1.425,0.1191,0.1191,0.567,1.783,0.1191,0.1191,0.7554,0.1191,0.1191,0.1191,0.1191,0.1191,0.1191,0.1191,0.1191,0.0741,0.531,0.1191,0.1191,0.1191,0.1191,0.09705,0.1501,1.448,0.1191,0.109,0.1191,0.1191,0.1034,0.1191,0.1191,0.1191,0.1191,0.1191,0.1103,0.0661,0.1098,0.1191,0.1191,0.1191,0.8403,0.0877,0.1191,0.1191,0.1191,0.1191,0.1191,1.052,0.901,0.07764,0.1191,0.1191,0.1191,0.1191,0.5024,0.2035,0.1191,0.1191,0.1191,0.7715,0.1191,0.1191,0.1158,1.119,0.1191,0.10187,0.1116,0.1191,0.1191,0.1191,0.1191,0.1191,0.10956,0.1191,0.1191,0.1191,0.6655,0.1191,0.0951,0.1191,1.219,0.1191,0.1191,0.1191,0.1191,0.09247,0.1191,0.1322,0.1191,0.1191,0.0846,0.9443,0.1191,0.1191,0.1191,0.1191,0.343,0.1191,0.1191,0.1191,0.1191,0.1191,0.10815,0.1191,0.1191,0.0778,0.1191,0.1191,0.1191,0.1191,0.3398,0.1191,0.1191,0.1191,0.25,0.1191,0.1191,0.1191,0.4468,0.1191,0.1191,0.1191,0.1109,0.285,0.1191,0.1079,0.1787,0.10333,0.1191,0.1191,0.1191,0.1191,0.12024,0.1191,0.1191,0.1191,0.1191,0.1191,0.1802,0.1191,0.1191,0.1191,0.3022,0.1191,0.1191,0.1191,0.1191,0.1191,0.3037,0.1191,0.1191,0.1191,0.2476,0.1191,0.1191,0.1096,0.0737,0.1191,0.11414,0.1191,0.1191,0.928,0.2668,0.1191,0.1191,0.1191,0.1191,0.1313,0.1191,0.1191,0.1191,0.3118,0.256,0.1191,0.1191,0.1191,0.1191,0.1191,0.1191,0.1191,0.1191,0.1191,0.1191,0.1191,0.1191,0.1191,0.1191,0.1191,0.1191,0.1191,0.1191,0.1191,0.2046,0.333,0.073,0.1191,0.1191,0.1191,0.1191,0.1191,0.0935,0.1191,0.1176,0.4946,0.2935,0.1191,0.1191,0.1191,0.1191,0.1191,0.1191,0.1191,0.1191,0.1191,0.1191,0.1191,0.1191,0.1191,0.2218,0.1191,0.1191,0.1191,0.1191,0.1311,0.08466,0.3247,0.1191,0.1191,0.09467,0.4768,0.1191,0.1191,0.1191,0.7236,0.1191,0.674,0.1191,0.1191,0.1191,0.1191,0.1191,0.1191,0.1191,0.1191,0.1191,0.11316,0.1191,0.1151,0.11237,0.1191,0.1092,0.1191,0.1191,0.4138,0.108,0.1191,0.953,0.1191,0.2532,0.1191,0.1191,0.115,0.1191,0.1191,0.1191,0.1191,0.1191,0.1191,0.1164,0.1191,0.3186,0.08185,0.1191,0.1191,0.1191,0.1191,0.394,0.10175,0.1191,0.1191,0.1191,0.1191,0.1191,0.1191,0.1191,0.1726,0.1191,0.07916,0.1719,0.1191,0.714,0.1191,0.1191,0.1191,0.324,0.738,0.1191,0.1191,0.2708,0.1191,0.1191,0.1191,0.7847,0.1194,0.119,0.2874,0.1191,0.1191,0.1149,0.10297,0.1191,0.4912,0.0866,0.1191,0.1191,0.1191,0.503,0.1636,0.1191,0.1191,0.1191,0.1191,0.8506,0.1191,0.1191,0.1191,0.1191,0.1191,1.242,0.1191,0.1191,0.1191,0.1191,0.3213,0.1191,0.9194,0.1191,0.1191,0.1191,0.1191,0.1868,0.1191,0.3184,0.1191,0.1191,0.1191,0.1191,0.2896,0.1191,0.521,0.1191,0.1191,0.1191,0.1191,0.1191,0.1191,0.1191,0.1191,0.1348,0.1191,0.11664,0.1191,0.1191,0.1191,0.399,0.1191,0.1191,0.6577,0.1191,0.1191,0.5596,0.0872,0.1191,0.1191,0.1191,0.11273,0.1191,0.1659,0.06354,0.1191,0.1191,0.1191,0.1191,0.1191,0.1191,0.1191,0.366,0.1191,0.1191,0.11176,0.1191,0.719,0.1191,0.1191,0.1191,0.1191,0.1191,1.987,0.1255,0.1191,0.1191,0.1191,0.841,0.1191,0.1191,0.1191,0.1191,0.1191,0.5254,0.1191,0.4453,0.1044,0.1191,0.1191,0.1077,0.1191,0.1191,0.3062,0.1191,0.1191,0.1191,0.1191,0.1191,0.1191,0.1191,0.1191,0.6553,0.1191,0.1191,0.1191,0.1191,0.1191,0.4253,0.602,0.1191,0.1191,0.1191,0.1191,0.1191,0.1191,0.1191,0.9707,0.1191,0.1191,0.1191,0.1191,0.1191,0.1191,1.152,0.1191,0.1268,0.1191,1.072,0.1191,0.10455,0.1191,0.11285,0.1191,0.1191,0.1191,0.1191,0.1191,0.1191,0.54,0.1191,0.1191,0.1173,0.1191,0.1191,0.8384,0.1191,0.1191,0.1191,0.1191,0.4329,0.1191,0.1191,0.2605,0.1191,0.1191,0.1191,0.1191,0.661,0.1191,0.1191,0.1191,0.1191,0.1191,0.1191,0.1191,0.1191,0.1191,0.3723,0.1191,0.1191,0.1191,0.1191,0.1191,0.1191,1.284,0.1191,0.1462,0.1116,0.1191,1.4795,1.049,0.1191,0.1191,0.1191,0.2773,0.1191,0.1191,0.1191,0.1191,0.866,0.1675,0.1191,0.1191,0.1191,0.0966,0.1191,0.1191,1.1875,0.1191,0.1191,0.1191,0.1191,0.10974,0.1266,0.1134,0.1191,0.1191,0.1191,0.1191,0.1191,0.1191,0.1191,0.1191,0.1191,0.1191,0.2072,0.1191,0.1191,0.1191,0.1191,0.2168,0.1191,0.1104,0.1191,0.1191,0.1191,0.1191,0.1191,0.1191,0.1191,0.1191,0.1191,0.1191,0.1191,0.1191,0.1191,0.1191,0.1191,0.686,0.0853,0.3752,0.1191,0.2174,0.1191,0.1191,0.1191,0.1191,0.1191,0.6587,0.1191,0.1191,0.1191,0.1454,0.1191,0.1191,0.1128,0.1191,0.598,0.1191,0.11395,0.1191,0.1191,0.1191,0.09717,0.1191,0.1191,0.3455,0.1868,0.379,0.1009,0.1191,0.1191,0.1191,0.1191,0.1191,0.1191,0.1191,0.1191,0.1191,0.447,0.1191,0.1191,0.1191,0.1191,0.1406,0.1191,0.1191,0.1099,0.1857,0.1191,0.1191,0.1946,0.1191,0.1354,0.11053,0.1191,0.551,0.1191,0.0945,0.5566,0.09937,0.11847,0.1707,0.1191,0.1191,0.1191,0.1302,0.1191,0.10864,0.1191,0.1191,0.1191,0.1146,0.1191,0.135,0.1191,0.1177,0.1318,0.1191,0.1191,0.7363,0.1191,0.0789,0.1191,0.1191,0.1191,0.1191,0.1191,0.1191,0.1191,0.1191,0.2097,0.1191,0.1191,0.1191,0.1191,0.1191,0.1191,0.1191,0.683,0.636,0.1191,0.46,0.1191,0.1191,0.1191,0.1395,0.1191,0.1191,0.1191,0.1191,0.1191,0.1191,0.4885,0.1191,0.1191,0.1191,0.1191,0.1191,0.0878,0.1191,0.1191,0.0773,0.1191,0.09393,0.1191,0.1191,0.1191,0.1191,0.1191,0.1191,0.1191,0.1191,0.1191,0.1191,0.1191,0.78,0.1191,0.1191,0.10535,1.128,0.1191,0.3174,0.1191,0.11444,0.1191,0.1191,0.8364,0.1191,0.1191,0.4094,0.1191,0.1191,0.1191,0.882,1.109,0.1191,0.1191,0.1191,0.1191,0.1191,0.1191,0.1399,0.0991,0.1191,0.1191,0.1191,0.1191,0.1191,0.4995,0.1191,0.4285,0.1191,0.5703,0.1191,0.1191,0.1191,0.1191,0.1191,0.1191,0.1191,0.2313,0.1191,0.1191,0.1191,0.1191,0.1191,0.1191,0.1191,0.2179,0.1191,0.3113,0.1191,0.1191,0.1191,0.1191,0.1191,0.1191,0.4233,0.1122,0.1191,0.1191,0.1093,0.2388,0.1191,0.1191,0.1191,0.1191,0.1191,0.1191,0.1191,0.1191,0.1186,0.1191,0.1191,0.1191,0.1191,0.1191,0.3604,0.10815,0.1191,0.1191,0.1191,1.751,0.1191,0.1191,0.637,0.1191,0.1191,0.514,0.1101,0.1191,2.258,0.11597,0.1191,0.1191,0.1191,0.1191,0.1191,0.1191,0.1191,0.1191,0.1191,0.1191,0.1024,0.1191,0.1191,0.1191,0.1191,0.1191,0.1191,0.1191,0.10004,0.1191,0.3577,0.1032,0.1191,0.1191,0.1191,0.1191,0.1191,0.1191,0.1191,0.1191,0.1191,0.1191,0.1191,0.1191,0.1191,0.1191,0.1191,0.2151,0.1191,0.1191,0.1191,0.1191,0.1438,0.1516,0.1162,0.3083,0.1191,0.1191,0.1191,1.348,0.2324,0.1191,0.1191,0.7817,0.1191,0.1191,0.12085,0.1072,0.1191,1.084,0.1191,0.12177,0.1545,0.1191,0.1191,0.1191,0.1191,0.1201,0.1191,0.1191,0.2156,0.1191,0.5845,0.3103,0.1228,0.5767,0.1191,0.1191,0.1191,0.1191,0.1191,0.1191,0.1191,0.1191,0.1191,0.1191,0.11365,0.1191,0.1191,0.1191,0.11206,0.1191,0.1191,0.1383,0.1002,0.1191,0.1191,0.1191,0.10846,0.1191,0.5854,0.4111,0.1191,0.1191,0.1191,0.747,0.1054,0.1191,0.1191,0.194,0.1191,0.1191,0.1191,0.5166,0.1191,0.1191,0.1191,0.1191,0.1191,0.1191,0.1191,0.1191,0.1191,0.091,0.11285,0.2235,0.1191,0.1191,0.1191,0.1191,0.1191,0.1191,0.1191,0.1191,0.2384,0.1191,0.1191,0.1191,0.1191,0.1056,0.1282,0.1191,0.6084,0.0938,0.1191,0.1191,0.1191,0.1191,0.1191,0.1191,0.0722,0.1191,0.1191,0.1191,0.1191,0.1649,0.1576,0.1191,0.1191,0.5874,0.1191,0.1191,0.1191,0.1666,0.1191,0.1191,0.1191,0.1191,0.1141,0.1191,0.1191,0.4736,0.302,0.11865,0.1191,0.1191,0.1191,0.1191,0.1191,0.1191,0.1191,0.1191,0.5884,0.11053,0.1191,0.1191,0.3408,0.1191,0.1191,0.1191,0.1191,0.1191,0.406,0.1191,0.1191,0.1191,0.1191,0.1237,0.0766,0.1191,0.1191,0.1191,0.1191,0.2396,0.1104,0.09296,0.1191,0.2229,0.1191,0.1191,0.1007,0.1191,0.1191,0.5415,0.1191,0.11835,0.1191,0.2034,0.1191,0.1191,0.1191,0.5205,0.1191,0.0817,0.1191,0.1191,0.1191,0.9272,0.1191,0.1191,0.1191,0.1191,0.1068,0.4856,0.1191,0.1191,0.1191,0.1191,0.1958,0.1191,0.1191,0.1191,0.1191,0.1099,0.1191,0.1191,0.1133,0.7007,0.1191,0.4407,0.1191,0.1191,0.1191,0.1191,0.1191,0.1191,0.1191,0.1191,0.1191,0.1191,0.1191,0.0892,0.1191,0.1191,0.1772,0.1191,0.0956,0.1191,0.1191,0.1191,0.1191,0.10626,2.09,0.1191,0.1191,0.1191,0.2318,0.1191,0.1191,0.06177,0.1191,0.1191,0.1191,0.1191,0.1191,0.1191,0.1191,0.1191,0.1191,0.1191,0.3667,0.1191,0.41,0.1191,1.309,0.1191,0.1191,0.1191,0.1191,0.0976,0.1191,0.1254,0.2269,0.1191,1.194,0.1191,0.1191,0.0701,0.1189,0.3196,0.1191,0.1191,0.1191,0.3774,1.733,0.10443,0.1191,0.1191,0.1191,0.1191,0.1191,0.1191,0.1191,0.1191,0.1191,0.1288,0.1191,0.0944,0.1191,0.1191,0.1191,0.1191,0.1191,0.1191,0.3264,0.1191,0.1191,0.11554,0.1191,0.1191,0.428,0.1132,0.1191,0.1191,0.1191,0.10834,0.1191,0.1191,0.11847,0.1191,0.789,0.715,0.1191,0.1342,0.1191,0.0831,0.1191,0.1191,0.1191,0.7886,0.1191,0.1191,0.1191,0.08496,0.1191,0.1344,0.1191,0.4727,0.1191,0.1191,0.1191,1.053,0.1191,0.1191,0.1191,0.672,0.1083,0.1191,0.7764,0.1191,0.1191,0.408,0.1191,0.1191,0.1191,0.1168,0.1191,1.356,0.2279,0.2795,0.1191,0.075,0.1191,0.1191,0.1013,0.1191,0.3804,0.1191,0.1191,0.1191,0.1191,0.1191,0.3677,0.1191,0.1191,1.895,0.2336,0.1191,0.1191,1.227,0.1191,0.5435,0.1191,0.1191,0.0732,0.1191,0.9736,0.1191,0.11755,0.08264,0.1191,0.1191,0.0911,0.11237,0.1091,0.7017,0.1191,0.129,0.1191,0.1191,0.1191,0.1191,0.1191,0.1191,0.1191,0.1191,0.1759,0.1191,0.2152,0.1191,1.078,0.1191,0.1191,0.07227,0.1191,0.1191,0.1043,0.1191,0.1191,0.1191,0.1191,0.1191,0.1191,0.1191,0.1191,0.1191,1.006,0.1191,0.1246,0.1191,0.1191,0.1191,0.1191,0.1191,0.1191,0.1191,1.727,0.1191,0.1191,0.1191,0.0832,0.1191,0.1191,0.4326,0.1191,0.1191,0.1191,0.1191,0.1191,0.1191,0.1025,0.3394,0.1191,0.1191,0.1091,0.1191,0.1191,0.1191,0.1191,0.1191,0.1114,0.0725,0.1191,0.1191,1.318,0.1191,0.1191,0.1191,0.1191,0.1191,0.1191,0.1191,0.1191,0.1191,0.0829,0.1191,0.1191,0.1191,0.1191,2.283,0.2913,0.1191,0.1191,0.1191,0.10956,0.1191,0.1191,0.11127,0.1191,1.075,0.2214,0.1191,0.1191,0.5728,0.1191,0.1191,0.1191,0.1191,0.2239,0.1191,0.1191,0.0781,0.1191,0.11865,0.1191,0.1191,0.0856,0.1191,0.1191,0.09924,0.0951,0.1191,0.1191,0.1191,0.11847,0.2191,0.1191,0.7373,0.3508,0.1191,0.1191,0.1193,0.1191,0.1191,0.1191,1.299,0.1053,0.10944,0.1191,0.1191,0.1191,0.8555,0.1127,0.1191,0.10077,0.1191,0.1191,0.1191,0.1191,0.167,0.1191,1.742,0.1191,0.1191,0.1191,0.515,0.1191,0.1191,0.1191,0.1191,0.1191,0.1191,0.0963,0.1661,0.684,0.1191,0.1191,0.4626,0.1191,0.1191,0.4167,0.1191,0.1191,0.1191,0.1191,0.1191,0.1191,0.1191,0.4607,0.1191,0.1191,0.1191,0.2668,0.1191,0.1191,0.1191,0.1191,0.1156,0.1191,0.1191,0.1191,0.1191,0.168,0.1191,0.1135,0.1191,0.1191,0.1191,0.1191,0.1191,0.234,0.2537,0.1191,0.1191,0.1191,0.1191,0.1191,0.4392,0.1895,1.363,0.1191,0.1191,0.1073,2.338,0.1191,0.1191,0.1191,0.1131,0.1191,0.1191,0.1191,0.1191,0.2229,0.1191,0.1191,0.1191,0.1191,0.1191,0.097,0.1191,0.1191,0.1191,0.1191,0.1191,0.1191,0.1191,0.2566,0.08563,0.1372,0.1191,0.11566,0.0777,0.1511,0.1191,1.336,0.1191,0.1191,0.4915,0.1191,0.8145,0.4978,0.1191,0.1603,0.1191,0.1191,0.1191,0.1191,0.1191,0.1191,0.1191,0.1191,0.1191,0.1191,0.1659,0.1191,0.1348,0.1191,0.1191,0.1191,0.1191,0.10205,0.1191,0.1191,0.547,0.11475,0.1191,0.6797,0.1191,0.1191,0.10034,0.1191,0.1095,0.1191,0.3865,0.1191,0.1191,0.1191,0.1191,0.1565,0.1092,0.0814,0.1191,0.1191,0.1191,0.2303,0.11383,0.1191,0.9014,0.1191,0.173,0.1191,0.5776,0.1191,0.11383,0.1191,0.1191,0.1191,0.1191,0.1191,0.1191,0.1191,0.1191,0.1191,0.1191,0.1152,0.3606,0.1173,0.1191,0.1191,0.11505,0.1191,0.10645,0.1538,0.1191,0.558,0.2133,0.1191,0.1191,0.1191,0.1191,0.1191,0.0788,0.1191,0.1191,0.1191,0.0954,0.1191,0.1191,0.1165,0.1088,0.1191,0.1191,0.11273,0.1191,0.1191,1.653,0.4988,0.9995,0.1191,0.1191,0.1191,0.1586,0.1191,0.1191,0.09717,0.1228,0.1191,0.4932,0.09595,0.332,0.1191,0.5923,0.1122,0.1191,0.1191,0.1191,0.1191,0.558,0.1191,0.1191,1.354,0.1191,0.1191,0.1191,0.1191,0.1191,0.0973,0.1191,0.1191,1.655,0.1191,1.011,0.1191,0.1121,0.1191,0.1191,0.1191,0.1191,0.1191,0.1191,0.4539,0.1191,0.10834,0.1191,0.1191,0.1191,0.1191,0.1191,1.227,0.2162,0.1306,0.1191,0.2452,0.1191,0.1191,0.1191,0.268,0.1191,0.1191,0.1191,0.1191,0.1191,0.1191,0.1191,0.089,0.1191,0.2988,0.1191,0.1191,0.1191,0.1191,0.1006,0.75,0.1191,0.1191,0.1191,0.1191,0.1191,0.1191,0.522,0.1191,0.893,0.4524,0.10095,0.1191,0.1191,0.08777,1.046,0.11395,0.4365,0.1191,0.1525,0.1191,0.1191,0.1191,0.1191,0.1191,0.1191,0.1191,0.1191,0.1191,0.182,0.1191,0.4822,0.1191,0.1191,0.1191,0.1191,0.1191,0.1191,0.1191,0.1191,0.1191,0.1191,0.09644,0.39,0.1191,1.016,0.1774,0.09106,0.1191,0.1191,0.1191,0.1191,0.1191,0.12396,0.1191,0.1245,0.1191,0.1191,0.1191,0.0829,0.09735,0.1191,0.1001,0.1191,0.1191,0.2421,0.1191,0.1344,0.1191,0.1191,0.1191,0.1191,0.1191,0.419,0.1191,0.10364,0.8086,0.1178,0.4238,0.1191,0.5864,0.1191,0.1191,0.5737,0.1191,0.1191,0.401,0.4236,0.1191,0.0963,0.1191,0.1191,0.1191,0.1191,0.1191,0.1191,0.1368,0.1191,0.1191,0.237,0.5117,0.1191,0.1191,0.1191,0.2512,0.489,0.1191,0.1191,0.1191,0.1191,0.0886,0.1191,0.1191,0.1117,0.1191,0.4622,0.1191,0.2365,0.1191,0.2482,0.1191,0.1191,0.1191,2.268,0.1191,0.1191,0.1191,0.992,0.9717,0.1191,0.1191,0.5107,0.1191,0.1191,0.1191,0.2864,0.795,0.3835,0.1191,0.1191,0.1191,0.1191,0.1191,0.1191,0.1191,0.3455,0.1191,0.1191,0.1191,0.579,0.1191,0.1191,0.1191,1.204,0.1191,0.2471,0.1191,0.1191,0.1191,1.177,0.1191,0.1191,0.3713,0.1191,0.1168,0.1191,0.1191,0.10126,0.1191,0.1191,0.11676,0.2338,0.1191,0.1191,0.1191,0.1191,0.1191,0.1191,0.1191,0.1191,0.1114,0.1191,0.1191,0.1191,0.1191,0.1086,0.1191,0.1191,0.1191,0.1191,0.1099,0.1191,0.1107,0.1172,0.1191,0.1191,0.1191,0.1191,0.1191,0.6655,0.1118,0.1191,0.6953,0.1191,0.1191,0.601,0.1191,0.2698,0.0861,0.097,0.1191,0.1191,0.3547,0.1191,0.1191,0.1191,0.1191,0.1191,0.4722,0.1191,0.1945,0.1191,0.1191,0.1191,0.1191,0.1191,0.1191,0.1191,0.0843,0.2031,0.10974,0.1191,0.1191,0.11414,0.1191,0.1191,0.09607,0.11725,0.1191,0.1191,0.1191,0.582,0.1191,0.1191,0.1799,0.1191,0.1191,0.1191,0.2869,0.1191,0.1191,0.1191,0.1191,0.10974,0.10406,0.1191,2.295,0.1191,0.1191,0.6196,0.1191,1.17,0.1028,0.5034,0.1191,0.1191,0.1191,0.1191,0.1191,0.1633,0.1191,0.1191,0.1191,0.1191,0.1148,0.1191,0.1191,0.1191,0.1191,0.6914,1.81,0.1191,0.1191,0.1191,1.383,0.1761,0.3652,0.0973,0.1191,0.1191,0.1191,0.1191,0.1191,0.717,0.1191,0.1191,0.1191,0.634,0.1191,0.1191,0.1191,0.1293,0.1191,0.1191,0.1191,0.1191,0.1191,0.1191,0.1191,0.1191,0.09924,0.1191,0.1191,0.1191,0.1191,0.0981,0.1191,0.1191,0.1191,0.7593,0.1191,0.1191,0.1191,0.1191,0.4036,0.1191,0.1191,0.1191,0.1191,0.1191,0.1191,0.1191,0.1191,0.1191,0.1191,0.1587,0.889,0.1191,0.1035,0.1191,0.1191,0.9043,2.207,0.1191,0.1191,0.1191,0.1191,0.1191,0.1191,0.1191,0.1191,0.1191,0.1191,0.1191,0.1191,0.4539,0.2551,0.1191,0.1191,0.1191,0.05978,0.109,0.1191,1.272,0.1191,0.0789,0.1191,0.1191,0.1191,0.1191,0.1191,0.1191,0.1191,0.1191,0.1904,0.0974,0.1191,0.1191,0.1191,0.1191,0.1191,0.1191,0.1191,0.2078,0.1191,0.1191,0.1191,0.1191,0.1061,0.1191,0.2334,0.1191,0.1191,0.1191,0.3389,0.119,0.1191,0.1191,0.2505,0.1191,0.10364,0.1191,0.1191,0.1191,0.1191,0.11884,0.575,0.1191,0.5757,0.12384,0.292,0.1191,0.1191,0.1191,0.1191,0.1191,0.724,0.1191,0.4128,0.1191,0.1191,0.1191,0.1191,0.1142,0.1191,0.4424,0.1191,0.2568,0.1188,1.075,0.1191,0.1433,0.1191,0.1191,0.1191,0.4197,0.1534,0.1191,0.1191,0.1191,0.3938,0.1191,0.1191,0.1214,0.1191,0.1191,0.1191,0.09143,0.1191,0.1191,0.1191,0.1191,1.401,0.1191,0.1191,0.1191,0.1191,0.1191,0.1191,0.1191,0.1191,0.1361,0.1191,0.1191,0.4133,0.1191,0.1191,0.1191,0.1178,0.1191,0.1078,0.11115,0.5996,0.1191,0.1191,0.11774,0.11755,0.1191,0.1191,0.0911,0.1191,0.1189,0.573,0.1191,0.1191,0.1191,0.1191,0.1356,0.0728,0.1191,0.1191,0.1191,0.1191,0.1191,0.4927,0.1191,0.1191,0.1191,0.1191,0.1191,0.1191,0.1191,0.1191,0.1097,0.1191,0.1191,0.1191,0.1191,0.1191,0.11053,0.1191,0.09357,0.1191,0.1191,0.1191,0.1191,0.1191,0.1191,0.3022,0.1191,0.1191,0.1191,0.1191,0.7085,0.1191,0.08276,0.06464,0.516,0.1191,0.1191,0.754,0.1191,0.1191,0.11084,0.1191,0.1266,0.1191,0.1191,0.1191,0.1191,0.1191,0.1191,0.1191,0.1059,0.1191,0.1191,0.1191,0.1257,0.1191,0.1191,0.1191,0.1191,0.1191,0.11444,0.1191,0.0711,0.1191,0.146,0.178,0.1191,0.1191,0.1191,0.1191,0.7397,0.1191,0.0896,0.10767,0.1191,0.1191,0.1191,0.0962,0.1191,0.1191,0.1191,0.1191,0.1191,0.1191,0.1191,0.1191,0.1263,0.2698,1.05,0.1191,0.1191,0.12067,0.1191,1.772,0.1191,0.1046,0.1191,0.3013,0.1191,0.1191,0.1191,0.11615,0.5034,0.1191,0.1715,0.1191,0.1191,0.3174,0.2424,0.1191,0.1191,0.1191,0.5396,0.0897,0.08466,0.1191,0.1191,0.1191,0.1191,0.1191,1.223,0.1191,0.1191,0.1191,0.4473,0.3967,1.331,0.1191,0.1191,0.2532,0.1191,0.1191,0.1191,0.1191,0.338,0.1476,0.1527,0.3071,0.1191,0.1191,0.1094,0.1191,0.1191,0.1191,0.1191,0.4087,0.1191,0.1191,0.1191,0.1191,0.1191,0.1191,0.1191,0.1191,0.1191,0.4502,0.1191,0.1191,0.1191,0.1191,0.0946,0.08405,0.232,0.1191,0.1191,0.1191,0.1191,0.1191,0.1191,0.1191,0.8237,0.1191,0.1191,0.1191,0.2206,0.6245,0.3164,0.1191,0.1191,0.399,0.1191,0.1191,2.053,0.1191,0.1191,0.1191,0.1191,0.1191,0.1191,0.1191,0.1191,0.1191,0.1186,0.1191,0.1191,0.1191,0.1191,0.1191,0.1191,0.1191,0.1191,0.549,0.1191,0.4473,0.1191,0.1191,0.1191,0.1191,0.1191,0.1191,0.386,0.1191,0.4844,0.1191,0.1191,0.0953,0.09784,0.59,0.1191,0.1191,0.1191,0.1191,0.1191,0.10974,0.1296,0.1191,0.1936,0.1191,0.1191,0.452,0.1191,0.1191,0.1191,0.1191,0.182,0.1191,0.1191,0.1191,0.4082,0.4226,0.1191,0.1191,0.10925,0.1191,0.1191,0.1191,0.6753,0.11365,0.1191,0.11346,0.1191,0.1191,0.1191,0.1191,0.3813,0.1191,0.1191,0.1191,0.1191,0.1191,0.1191,0.1191,0.09143,0.1191,0.11646,0.1862,0.1191,0.1191,0.1191,0.1191,0.1191,0.1191,0.1191,0.1191,0.1191,0.1191,0.1191,0.1858,0.1191,0.1191,0.2961,0.105,0.1191,0.1191,0.3628,0.4736,0.603,0.1191,0.1582,0.1016,0.1191,0.1191,0.0939,0.6484,0.1191,0.1191,0.1191,0.1191,0.1191,0.1191,0.1191,1.347,0.4736,0.1191,0.1191,0.1191,0.1191,0.1191,0.1191,0.2097,0.3313,0.1191,0.1191,0.1191,0.1191,0.1191,0.1191,0.1068,0.1191,0.1191,0.6123,0.1191,0.1191,0.8906,0.09924,0.1191,0.10046,0.1191,0.1425,0.1191,0.1191,0.1191,0.1428,0.4114,0.9175,0.1191,0.5146,0.1191,0.1545,0.1191,0.1191,0.3125,0.1191,0.1191,0.1194,0.1191,0.1191,0.09204,0.1191,0.1191,0.683,0.1191,0.09204,0.1191,0.1191,0.1191,0.1191,0.10986,0.1191,0.1191,0.1191,0.1191,0.1191,0.1191,0.1191,0.1191,0.1191,0.1191,0.1191,0.1191,0.1191,0.3628,0.1191,0.1142,0.937,0.1191,0.1191,0.2319,0.1191,0.10443,0.1191,0.10815,0.1636,0.1191,0.1191,0.1191,0.411,0.1191,0.1293,0.1191,0.1191,0.1191,0.1191,0.1191,0.1191,0.1191,0.1191,0.09814,0.165,0.71,0.1191,0.1191,0.1191,0.2961,0.616,0.1191,0.0955,0.3032,0.1191,0.1191,0.1191,0.1191,0.11,0.10004,0.1191,0.1191,0.1191,0.1191,0.2017,0.1191,0.1191,0.09283,0.1511,0.1191,0.1191,0.1191,0.1191,0.1191,0.512,0.1191,0.1191,0.1191,0.1263,0.1191,0.1191,0.1191,0.1191,0.1191,0.1191,0.3232,0.1191,0.1227,0.648,0.1191,0.1191,0.1191,0.1191,0.1191,0.1191,0.0917,0.1191,0.1191,0.1191,0.1191,0.1191,0.1191,0.2329,0.1191,0.1191,0.1191,0.1191,0.0752,0.1191,0.1191,0.1191,0.1046,0.11145,0.1191,0.1191,0.1191,0.1191,0.1191,0.1191,0.1191,0.4343,0.1191,0.1145,0.1191,0.1191,0.3096,0.1191,0.08685,0.1191,0.10864,0.1191,0.1191,0.1191,0.1158,0.1191,0.1191,0.1356,0.1191,0.1191,0.1191,1.867,0.1191,0.899,0.1901,0.1191,0.2651,0.1191,0.1191,0.1394,0.1191,0.1191,0.1191,0.1191,0.1013,0.1191,0.7056,0.1191,0.1191,0.8477,0.3135,0.1191,0.2014,0.1191,0.286,0.1191,0.116,0.1191,0.1191,0.09607,0.1124,0.1981,0.4004,0.1191,0.1191,0.1113,0.1191,0.07556,0.1191,0.1191,0.1191,0.1191,0.3801,0.1191,0.1191,0.3118,0.1017,0.1191,0.1191,0.1191,0.1191,0.1191,0.1191,0.1191,0.0949,0.1191,0.1191,1.205,0.142,0.1191,0.1191,0.1191,0.1191,0.4036,0.1191,0.11743,0.1091,0.1191,0.1191,0.077,0.1191,0.1191,0.1191,0.1191,0.1191,0.1191,0.1191,0.1191,0.1191,0.2085,0.1191,0.1191,0.1191,0.1191,0.1191,0.3306,0.103,0.1191,0.1191,0.1191,0.1711,0.1191,0.1191,0.1191,0.907,0.1191,0.08795,0.1869,0.1191,0.1191,0.1191,0.1191,0.5283,0.1191,0.09393,0.1191,0.1191,0.11456,0.1191,0.1251,0.1191,0.1168,0.1191,0.1191,0.1191,0.4492,0.1564,0.1191,0.1191,0.1191,0.1191,0.1191,0.0854,0.1191,0.1191,0.1191,0.4995,0.1191,0.1191,0.1191,0.0921,0.1191,0.136,1.104,0.1191,0.1191,0.10364,0.1497,0.1191,0.1191,0.7935,0.8467,0.1191,0.1049,0.585,0.1191,0.1191,0.10236,0.1426,0.1191,0.1191,0.1191,0.1191,0.10004,0.07794,0.1191,0.2153,0.1688,0.1191,0.1191,0.1191,0.08765,0.1191,0.1726,0.1191,0.1191,0.1191,0.4932,0.351,0.1191,0.1191,0.1191,0.1191,1.013,0.9355,0.1191,0.1191,0.1191,0.1191,0.1191,0.2869,0.3486,0.0915,0.113,0.1191,0.1082,0.1191,0.1191,0.1191,0.504,0.1191,0.9214,0.9976,0.1191,0.1124,0.1875,0.4395,0.1191,0.1191,0.1191,0.8623,0.1191,0.1191,0.1191,0.4172,0.1191,0.1191,0.1191,0.1191,0.1191,0.3723,0.1191,0.1191,0.612,0.1191,0.1191,0.1086,0.1191,0.1191,0.1191,0.1191,0.1191,0.1191,0.1191,0.11395,0.5225,0.1165,0.1191,1.335,0.1191,1.188,0.1055,0.1191,0.085,0.1191,0.1191,0.0928,0.1191,0.1191,0.1191,0.2227,0.11115,0.1191,0.1191,0.264,0.1191,0.1191,0.12445,0.1191,0.1191,0.1191,0.9263,0.1191,0.3447,0.1191,0.1191,0.5986,0.983,0.1191,0.0786,0.11786,0.1191,0.4932,0.3652,0.0931,0.1191,0.1191,0.1191,0.1191,0.1191,0.1191,0.0827,0.1191,0.1191,0.508,0.1191,0.1191,0.1191,0.1191,0.2112,0.1099,0.6406,0.1101,0.1191,0.1191,0.1191,0.744,0.11383,0.1191,0.7188,0.1191,0.1191,0.1191,0.1191,0.9062,0.1191,0.1191,0.09735,0.1191,0.1418,0.0994,0.1125,0.1191,0.1191,0.1191,0.1191,0.1167,0.9995,0.646,0.0955,0.1191,0.1191,0.1672,0.1191,1.456,0.1191,0.1191,0.0887,0.1315,0.318,0.4714,0.1191,0.10376,0.1191,0.1191,0.1191,0.1191,0.4863,0.1191,0.1191,0.1191,0.1191,0.2339,1.266,0.1191,0.1191,0.1191,0.1191,1.008,0.1191,0.1191,0.1191,0.1191,0.1284,0.1191,1.207,0.1191,0.1191,0.1131,0.1191,0.1191,0.10944,0.1191,0.1191,0.1191,0.1191,0.1191,0.1191,0.1191,0.08685,0.1191,0.1191,0.1191,0.1191,0.1191,0.1191,0.1191,0.1191,0.1191,0.1191,0.1191,0.1191,0.11755,0.1191,0.1191,0.1191,0.1191,0.1191,0.5566,0.1191,0.1465,0.1191,0.1191,0.1702,0.1021,0.1191,0.698,0.1014,0.1191,0.1191,0.1191,0.1027,0.2216,0.1191,0.1191,0.958,0.1191,0.0962,1.357,0.1191,1.076,0.1224,0.1191,0.1191,0.1191,0.1332,0.1191,0.1191,0.1191,0.1191,0.1191,0.1191,0.1191,0.1191,0.1191,0.07465,0.1191,0.1191,0.1191,0.1191,0.1191,0.1191,0.1191,0.1191,0.1191,0.7983,0.1191,0.1176,0.2227,0.1093,0.1191,0.1191,0.1191,0.1191,0.1191,0.1191,0.1191,0.1191,0.1191,0.1191,0.1191,0.1191,0.1191,0.4512,0.1191,0.1191,0.1152,0.10583,0.4448,0.1191,0.1191,0.1191,0.1191,0.1191,0.1191,0.1191,0.1191,0.1191,0.1191,0.1191,0.1191,0.1191,0.2484,1.321,0.1191,0.1191,0.1191,0.1038,0.1191,0.1191,0.1191,0.1191,0.11273,0.1191,0.11755,0.1191,0.1191,0.1191,0.1191,0.1191,0.1191,0.1191,0.1191,0.1191,0.1191,0.2544,0.11523,1.034,0.1191,0.1191,0.1191,0.1191,0.5786,0.1191,0.1191,0.1115,0.1191,0.1191,0.0957,0.1191,0.1191,0.1191,0.1191,0.236,0.1191,0.1191,0.1191,0.1191,0.1191,0.1076,0.1191,0.1191,0.319,0.1191,0.1191,0.1598,0.1191,0.1191,0.5093,0.1191,0.1191,0.1191,0.0806,0.337,0.1114,0.3384,0.1191,0.1191,0.1191,0.1191,0.1191,0.1406,0.1123,0.11255,0.1191,0.5967,0.1191,0.1191,0.1191,0.1191,0.1191,0.1444,0.1191,0.1191,0.1098,1.347,0.1191,0.1191,0.1191,0.1191,0.1191,0.1191,0.09436,0.1191,0.1191,0.1191,0.1672,0.1191,0.1191,0.1191,0.1191,0.1191,0.1191,0.1191,0.1191,0.1243,0.1214,0.1191,0.1621,0.1191,0.1191,0.1191,0.1191,0.1191,0.1484,0.1191,0.4553,0.1191,0.1191,0.1191,0.1191,0.1191,0.9287,0.1191,0.6978,0.1191,0.1191,0.1191,0.1191,0.2106,0.1191,0.1191,0.1191,0.07697,0.1191,0.1191,0.1191,0.1191,0.1191,0.1191,0.1191,0.0875,0.1191,0.1191,0.2238,1.259,0.0933,0.1191,0.1191,0.09033,0.08734,0.1191,0.2542,0.1166,0.3926,0.1191,0.11005,0.1119,0.1191,0.4038,0.09625,0.1089,0.1191,0.1191,0.1191,0.1191,0.1191,0.1191,0.1191,0.1191,0.1191,0.1191,0.1149,0.6157,0.1191,0.1359,0.1191,0.1191,0.1191,0.1794,0.1191,0.1191,0.1191,0.0908,0.1191,0.1191,0.1191,0.1191,0.1191,0.1191,0.1191,0.1191,0.1191,0.1191,0.1191,0.1191,0.1191,0.1191,0.1191,0.1191,0.1191,0.1191,0.1191,0.944,0.1191,0.127,0.1191,0.1726,0.1191,0.1191,0.1191,0.1191,0.111,0.10944,0.1191,0.1191,0.1191,0.1191,0.1191,0.5723,0.1191,0.1191,0.2021,0.1191,0.1191,0.1191,0.1482,0.1191,0.11475,0.1191,0.1191,0.1191,0.1191,0.1191,0.1191,0.3682,0.3635,0.11383,0.1191,0.1191,0.1191,0.1191,0.1191,0.892,0.1876,0.1191,0.11053,0.09717,0.1191,0.1191,0.097,0.0958,0.6934,0.1191,0.1191,0.2301,0.1279,0.1191,0.1111,0.1191,0.108,0.5166,0.1191,0.1191,0.1191,0.1355,0.1191,0.1191,0.1191,0.1191,0.0839,0.1191,0.1191,0.1191,0.1191,0.7554,0.1191,0.1191,0.1191,0.1191,0.1191,0.1191,0.1191,0.1191,0.1191,0.2578,0.1191,0.1191,0.1191,0.1191,0.1191,0.125,0.1191,0.2952,0.1191,0.11,0.1191,0.1488,0.1191,0.1191,0.1191,0.1191,0.11835,0.1191,0.1191,0.1456,0.1191,0.1191,0.1191,0.1191,0.1191,0.1132,0.1191,0.1191,0.655,0.1191,0.1191,0.1826,0.1103,0.1191,0.1191,0.1191,0.10846,0.082,0.1191,0.1144,0.1191,0.1191,0.1083,0.1191,0.1166,0.1191,0.1191,0.1191,0.1191,0.1191,0.2998,0.1191,0.1191,0.1191,0.1191,0.1191,0.1191,0.1191,0.1191,0.1191,0.1191,0.1191,0.1191,0.1191,0.1191,0.1191,0.1191,0.1191,0.1203,0.1191,0.1191,0.1191,0.1191,0.1191,0.1191,0.2167,0.1191,0.1191,0.1191,0.1191,0.1191,0.1191,0.11285,0.865,0.317,0.1699,0.1191,0.873,0.1191,0.1191,0.1191,0.1191,0.1191,0.1191,0.1191,0.1191,0.1191,1.066,0.1191,0.1191,0.1191,0.1191,0.1191,0.1191,0.1191,0.1191,0.1191,0.821,0.1191,0.1191,0.1191,0.1191,0.1191,0.1151,0.1191,0.1191,0.1191,0.0974,0.1114,0.1191,0.1191,0.07544,0.1191,0.1191,0.1191,0.1191,0.1191,0.1191,0.0966,0.10986,0.1191,0.1191,0.1191,0.1191,0.1191,0.1255,0.1191,0.1191,1.26,0.49,0.1191,0.5103,0.1191,0.1191,0.1191,0.1191,0.1191,0.77,0.1191,0.1191,0.1134,0.1191,0.1191,0.1191,0.1351,0.8813,0.1191,0.1191,0.1538,0.1191,0.1191,0.1191,0.1191,2.303,0.126,0.1191,0.1191,0.1191,0.1191,0.5205,0.5107,0.1191,0.1191,0.1191,0.1191,0.1191,0.1191,0.1191,0.1191,0.1191,0.1191,0.1191,0.1191,0.1191,0.1191,0.1532,0.1191,0.10913,0.1191,0.1191,0.1191,0.1191,0.1191,0.1191,0.1191,0.1191,0.1115,0.1191,0.1191,0.675,0.1191,0.1191,0.1191,0.1191,0.1191,0.1356,0.1191,0.1191,0.1092,0.1191,0.1191,0.1191,0.1191,0.1191,0.1816,0.1191,0.4114,0.1191,0.1191,0.1191,0.1191,0.1191,0.1191,0.1191,0.1191,0.11206,0.1191,0.1191,0.1191,0.1141,0.1191,0.1191,0.1191,0.1191,0.1191,0.1191,0.10175,0.1191,0.1191,0.1191,0.1191,0.1191,0.1191,0.1191,0.12085,0.1191,0.1191,0.1191,0.1191,0.1191,0.1191,0.1191,0.09424,0.2893,0.1191,0.1191,0.09155,0.1191,1.013,0.6475,0.1191,0.1191,0.1191,0.1191,0.1191,0.1191,0.6416,0.1191,0.1191,0.113,0.10895,0.1191,0.1351,1.139,0.1191,0.1191,0.1191,0.1101,0.0937,0.1191,0.1191,0.137,0.1721,1.421,0.1191,0.1191,0.1191,0.1176,0.1858,0.1191,0.0929,0.1191,0.1191,0.5493,0.1191,0.1191,0.1375,0.1191,0.1191,0.1191,0.1148,0.0913,0.1191,0.1191,0.1191,0.3435,0.1191,0.1191,0.8286,0.4995,0.1191,0.3708,0.1191,0.5103,0.1191,0.1191,0.1191,0.1191,0.1191,0.1191,0.1191,0.1191,0.1191,0.1191,0.1191,0.0877,0.1191,0.1191,0.1595,0.1191,0.2155,0.8823,0.1191,0.3267,0.1191,0.1191,0.1191,0.1191,0.1191,0.1191,0.1071,1.373,0.1191,0.1191,0.1191,0.1191,0.1191,0.1191,0.1456,0.1191,0.1191,0.1191,0.1191,0.1191,0.1191,0.2908,0.1191,0.1191,0.1191,0.1191,0.1191,0.1191,0.1191,0.1191,0.1191,0.1191,0.1191,0.1191,0.2664,0.1191,0.1191,0.1414,0.1191,0.1045,0.1191,0.09247,0.1191,0.1191,0.1191,0.1191,0.10974,0.1191,0.1191,0.1191,0.1191,0.1191,0.0886,0.376,0.1191,0.2551,0.1191,0.1191,0.09656,0.207,0.1191,0.2277,0.1191,0.112,0.1191,0.5103,0.1244,0.1191,0.1704
21,0.1226,0.1226,0.51,0.1226,0.4824,0.9575,0.1226,0.1226,0.1226,0.1226,0.1226,0.1226,0.1226,0.1226,0.534,0.1226,0.1616,0.929,0.11316,0.1226,0.1226,0.1226,0.3347,0.122,0.1226,0.2524,0.1226,0.5005,0.146,0.12164,0.1844,0.1226,0.1226,0.1226,0.1226,0.3186,0.1226,0.1226,0.1226,0.1226,0.1226,0.1226,0.2477,0.165,0.1226,0.1226,0.11914,0.1226,0.1226,1.924,0.1226,0.1226,0.09436,0.0773,0.1226,1.198,0.2196,0.1226,0.4822,0.1226,0.704,0.1226,0.1188,0.2654,0.1226,0.1226,0.7344,0.1226,0.1226,0.1226,0.1226,0.1226,0.1226,0.1099,0.1226,1.013,0.1226,0.1171,0.1226,0.1226,0.1226,0.1226,0.1226,0.1226,0.11035,0.1226,0.1226,0.1226,0.1226,0.1226,0.1226,0.1226,0.6772,0.1436,0.1226,0.0794,0.1226,0.104,0.10315,0.2169,0.1226,0.1226,0.1104,0.1226,0.1226,0.1226,0.1226,0.1226,0.454,0.1226,0.1226,0.1226,0.1226,0.1226,0.1226,1.622,0.09155,0.1226,0.1226,0.1226,0.3127,0.1226,0.1226,0.1226,0.1226,0.1226,0.1156,0.1226,0.11304,0.1226,0.1226,0.1357,0.1226,0.2532,0.1226,0.1226,0.1226,0.1226,0.4878,0.1226,0.1226,0.1226,0.1226,0.2397,0.1226,0.1226,0.1226,0.1226,0.1226,0.1226,0.1226,0.1226,0.1226,0.1226,0.1226,0.1226,0.1226,1.341,0.1226,0.1395,0.1226,0.333,0.1226,0.1226,0.1226,0.1226,0.1226,0.1226,0.1226,0.10925,0.1226,0.1226,0.1226,0.1226,0.309,0.1226,0.1226,0.7153,0.0876,0.1226,0.1226,0.1226,0.1226,0.1226,0.1226,0.62,0.1226,0.4272,0.1226,0.1226,0.1226,0.1226,0.1226,0.3987,0.1194,0.1226,0.1226,0.1226,1.709,0.1226,0.0845,0.1226,0.1226,1.659,0.1048,0.1438,0.1226,0.1226,0.1226,0.584,0.1226,0.1226,0.1226,0.1226,0.1226,0.2122,0.1226,0.1226,0.11206,0.1226,0.1226,1.05,0.4082,0.1226,0.1226,0.11395,0.1226,0.1226,0.1126,0.47,0.1512,0.1151,0.4617,0.1226,0.1226,0.1226,0.151,0.1226,0.1226,0.1226,0.1848,0.1226,0.1216,0.1226,0.1226,0.1226,0.10266,0.1226,0.1226,0.1133,0.1226,0.1226,0.1226,1.307,0.2595,0.3335,0.1226,0.1226,0.1226,0.1226,0.1226,0.1226,0.1226,0.1226,0.1226,0.1092,0.1226,0.3167,0.8267,0.1226,0.09796,0.1226,0.1226,0.1226,0.1226,0.1226,0.1226,0.1226,0.1226,0.1226,0.1226,0.1226,0.1226,0.2291,0.1226,0.1226,0.1226,0.1226,0.1226,0.09973,0.1226,0.1226,0.1226,0.1919,0.1226,0.1226,0.1226,0.1226,0.1226,0.1226,0.1226,0.11884,0.598,0.1226,0.1138,0.864,0.1226,0.1226,0.1226,0.1226,0.1019,0.1226,0.1226,0.1226,0.09644,0.1226,0.1226,0.1226,0.1226,1.163,0.1226,0.1226,0.5986,1.954,0.1226,0.1226,0.836,0.1226,0.1226,0.1226,0.1226,0.1226,0.1226,0.1226,0.1226,0.1465,0.4763,0.1226,0.1226,0.1226,0.1226,0.066,0.082,1.541,0.1226,0.1149,0.1226,0.1226,0.1126,0.1226,0.1011,0.1226,0.1226,0.1075,0.09863,0.09216,0.10406,0.1226,0.1226,0.1198,0.908,0.0927,0.1226,0.1226,0.1226,0.1226,0.1226,0.8013,1.041,0.2727,0.1226,0.1226,0.1226,0.1226,0.2786,0.1436,0.1226,0.1226,0.1226,0.7515,0.1226,0.11896,0.1226,1.038,0.1226,0.19,0.12225,0.1226,0.1226,0.1226,0.1226,0.1226,0.1226,0.1226,0.1226,0.1226,0.7876,0.1226,0.1345,0.1226,1.054,0.1226,0.1226,0.1226,0.1137,0.10266,0.1128,0.156,0.1226,0.1226,0.133,0.7285,0.1226,0.1226,0.1226,0.1226,0.2593,0.1226,0.1226,0.1226,0.1226,0.1226,0.1026,0.1226,0.1226,0.06836,0.1226,0.1226,0.1226,0.1226,0.3691,0.1226,0.1226,0.1226,0.2554,0.1226,0.1226,0.1226,0.4473,0.1226,0.1226,0.1226,0.1226,0.3726,0.1092,0.1158,0.413,0.11096,0.1226,0.1226,0.1226,0.1226,0.1681,0.1226,0.1226,0.1226,0.1226,0.1226,0.316,0.1226,0.1226,0.1226,0.1964,0.1226,0.1226,0.1226,0.1226,0.1226,0.4324,0.1226,0.1226,0.1226,0.2754,0.1226,0.1226,0.1226,0.08734,0.1226,0.1197,0.1226,0.1226,0.8833,0.1759,0.1226,0.1226,0.1226,0.1226,0.1562,0.11926,0.1226,0.1226,0.3967,0.2307,0.1226,0.1226,0.1226,0.1226,0.1226,0.1226,0.1226,0.1226,0.1226,0.1226,0.1226,0.1226,0.1226,0.1226,0.1214,0.1226,0.1226,0.1226,0.1226,0.276,0.2054,0.134,0.1226,0.1226,0.1226,0.1226,0.1226,0.07104,0.1226,0.1226,0.5527,0.4114,0.1226,0.1226,0.1226,0.1226,0.1226,0.1226,0.1226,0.1226,0.1226,0.1226,0.1226,0.1226,0.1226,0.10486,0.1226,0.1226,0.1226,0.1226,0.1113,0.11615,0.4934,0.1226,0.1226,0.1226,0.2522,0.1226,0.1226,0.1226,0.783,0.1226,0.4622,0.1226,0.1226,0.1226,0.1118,0.1196,0.1226,0.1226,0.1226,0.1226,0.1191,0.1226,0.1226,0.1201,0.1226,0.1204,0.1226,0.1226,0.4895,0.11676,0.1226,0.7534,0.1226,0.3394,0.1226,0.1226,0.1226,0.1226,0.1226,0.1226,0.1226,0.1226,0.1226,0.1226,0.1226,0.1499,0.08276,0.1226,0.1226,0.1226,0.1226,0.3015,0.1004,0.1226,0.1226,0.1226,0.1226,0.1226,0.1226,0.1226,0.1219,0.1226,0.1226,0.1819,0.1226,0.9614,0.1226,0.1226,0.1226,0.2874,0.6753,0.1226,0.1226,0.2727,0.1226,0.1226,0.1226,0.687,0.1045,0.0801,0.4004,0.1226,0.1226,0.11163,0.1226,0.1226,0.7617,0.1125,0.1226,0.1226,0.1226,0.5356,0.275,0.1226,0.1226,0.1226,0.1226,0.9033,0.1226,0.1226,0.1226,0.1226,0.1226,1.192,0.1226,0.1226,0.1226,0.1226,0.12274,0.1226,0.8545,0.1226,0.1226,0.1226,0.1226,0.10876,0.1226,0.4907,0.1226,0.1226,0.1226,0.1226,0.4075,0.11414,0.5635,0.1226,0.1226,0.1226,0.1226,0.1226,0.1226,0.1226,0.1226,0.0873,0.1226,0.1226,0.1226,0.1129,0.1226,0.1992,0.1226,0.1226,0.471,0.11835,0.1226,0.637,0.1226,0.1226,0.1226,0.1226,0.1681,0.1226,0.1229,0.151,0.1226,0.1226,0.1226,0.1226,0.1226,0.1226,0.1226,0.1827,0.102,0.1226,0.194,0.1226,0.7754,0.1226,0.1226,0.1226,0.122,0.1226,1.745,0.2527,0.1226,0.1226,0.1226,0.7705,0.1226,0.1226,0.1226,0.1226,0.1226,0.6494,0.1226,0.527,0.11945,0.1226,0.1226,0.1298,0.1226,0.1226,0.2632,0.1226,0.1226,0.1226,0.1226,0.1195,0.1226,0.1226,0.1226,0.5537,0.1226,0.1226,0.1226,0.1226,0.1226,0.3074,0.682,0.1226,0.1226,0.1226,0.1226,0.1226,0.1226,0.1226,0.7925,0.1226,0.1226,0.1226,0.1226,0.1226,0.1226,1.013,0.1226,0.08295,0.1226,0.9155,0.1226,0.06335,0.1226,0.1226,0.1226,0.1226,0.1226,0.1226,0.1226,0.1226,0.5635,0.1226,0.1226,0.268,0.1226,0.1226,0.7515,0.1226,0.1226,0.1226,0.1226,0.7197,0.1226,0.1226,0.2377,0.1226,0.1226,0.1226,0.1226,0.782,0.1226,0.1226,0.1226,0.1226,0.1226,0.1226,0.1226,0.1226,0.1226,0.4336,0.1226,0.1226,0.1226,0.1226,0.1226,0.1226,1.323,0.1226,0.1511,0.1119,0.1226,1.179,1.101,0.1226,0.1226,0.1226,0.2812,0.1226,0.1226,0.1226,0.1226,1.13,0.3281,0.1226,0.1226,0.1226,0.06287,0.139,0.1226,1.194,0.1226,0.1122,0.1226,0.1226,0.113,0.1226,0.1226,0.1226,0.1226,0.1226,0.1226,0.1226,0.1226,0.1226,0.1226,0.1226,0.1226,0.2317,0.1226,0.1226,0.1192,0.1226,0.1917,0.1226,0.1226,0.1226,0.1226,0.1226,0.1226,0.1226,0.1226,0.1226,0.1226,0.1226,0.1226,0.1226,0.1122,0.1226,0.1226,0.1226,0.6045,0.2168,0.255,0.1226,0.1405,0.1226,0.1226,0.08154,0.1226,0.1226,0.885,0.1226,0.1226,0.1226,0.0795,0.1226,0.1226,0.1226,0.1226,0.583,0.1226,0.1226,0.1226,0.1226,0.1226,0.10986,0.1226,0.1226,0.5723,0.166,0.366,0.0834,0.1226,0.1226,0.1226,0.1226,0.1226,0.1226,0.1226,0.1226,0.1226,0.3193,0.1226,0.1226,0.1226,0.1226,0.1173,0.1226,0.1226,0.1226,0.1082,0.1226,0.1226,0.1318,0.1226,0.136,0.1226,0.1226,0.6016,0.1226,0.2037,0.6885,0.1154,0.0947,0.4253,0.1226,0.1226,0.1226,0.10504,0.1226,0.1349,0.1226,0.1226,0.1226,0.1226,0.1226,0.1123,0.1226,0.11597,0.1589,0.1226,0.1226,1.081,0.1226,0.08575,0.1226,0.1226,0.1226,0.1226,0.1226,0.1226,0.1226,0.1226,0.2637,0.1226,0.1226,0.1226,0.1226,0.1226,0.1226,0.1226,0.895,0.951,0.1226,0.3054,0.1226,0.1226,0.1226,0.3738,0.1226,0.1226,0.1226,0.1226,0.1226,0.1226,0.317,0.1226,0.1226,0.1226,0.1226,0.1226,0.0907,0.1226,0.1226,0.11865,0.1226,0.231,0.1226,0.1226,0.1226,0.1226,0.1226,0.1226,0.1226,0.1226,0.1226,0.1226,0.1226,1.171,0.1226,0.1226,0.1069,1.024,0.1226,0.4148,0.1226,0.1226,0.1226,0.1226,0.903,0.1226,0.1226,0.375,0.1226,0.0747,0.1226,0.529,1.238,0.1226,0.1226,0.1226,0.1226,0.1226,0.1226,0.0865,0.11005,0.1226,0.1226,0.1226,0.1226,0.1226,0.4475,0.1226,0.3142,0.1226,0.4744,0.1226,0.1226,0.1159,0.1226,0.1226,0.0874,0.1226,0.271,0.1226,0.1226,0.0985,0.1226,0.1226,0.1226,0.1226,0.1515,0.1226,0.3179,0.1226,0.1226,0.1226,0.1226,0.1226,0.1226,0.2717,0.12213,0.1226,0.1226,0.1226,0.4922,0.1226,0.1226,0.1226,0.1226,0.1226,0.1226,0.1226,0.1226,0.10736,0.1226,0.1226,0.1226,0.1226,0.1226,0.3198,0.1135,0.1226,0.1226,0.1226,1.779,0.1226,0.1226,0.801,0.1226,0.1226,0.4932,0.1226,0.1226,2.215,0.1226,0.1226,0.1226,0.1226,0.1226,0.1226,0.1226,0.1226,0.1226,0.1226,0.1226,0.11487,0.1226,0.1226,0.1226,0.1226,0.1226,0.1226,0.08954,0.10034,0.1226,0.1431,0.1462,0.1226,0.1226,0.11847,0.1226,0.1226,0.1226,0.1226,0.1226,0.1226,0.1226,0.1226,0.1226,0.1226,0.1226,0.1226,0.1115,0.1226,0.1226,0.1226,0.1226,0.088,0.1263,0.11194,0.3916,0.1226,0.1226,0.1226,1.357,0.1382,0.1226,0.1226,0.6455,0.1226,0.1226,0.1111,0.1226,0.1226,0.9473,0.1226,0.07263,0.1102,0.1226,0.1226,0.1226,0.1226,0.1614,0.1226,0.1226,0.2151,0.1226,0.553,0.1172,0.1504,0.6475,0.1226,0.1226,0.1226,0.1226,0.1226,0.1226,0.1226,0.1226,0.1226,0.1226,0.11725,0.1226,0.0841,0.1226,0.1182,0.1226,0.1226,0.1226,0.0996,0.1226,0.1226,0.1226,0.1025,0.1226,0.8364,0.3125,0.1226,0.1226,0.1226,0.7354,0.08325,0.1226,0.1226,0.10004,0.1396,0.1226,0.1226,0.693,0.1226,0.1226,0.1226,0.1226,0.1226,0.11664,0.1226,0.1226,0.1226,0.1432,0.0991,0.1032,0.1226,0.1055,0.1226,0.1226,0.1226,0.1226,0.1226,0.1226,0.2037,0.1226,0.1226,0.1226,0.1226,0.1584,0.134,0.1226,0.586,0.1175,0.1226,0.1226,0.1226,0.1226,0.1226,0.1226,0.1159,0.1226,0.1226,0.1226,0.1226,0.2825,0.237,0.1226,0.1226,0.5957,0.1226,0.1226,0.1226,0.3308,0.1226,0.1226,0.1226,0.1226,0.11304,0.1226,0.1226,0.601,0.2491,0.0925,0.1226,0.1226,0.1226,0.1226,0.1226,0.1226,0.1226,0.1226,0.784,0.1242,0.1226,0.1226,0.4207,0.1226,0.1226,0.1226,0.1226,0.1226,0.3071,0.1226,0.1226,0.1226,0.1226,0.1165,0.0959,0.1226,0.1226,0.1226,0.1226,0.2137,0.1226,0.11835,0.1226,0.0844,0.1226,0.1226,0.0831,0.1226,0.1226,0.7227,0.1226,0.1112,0.1226,0.145,0.1226,0.1226,0.1226,0.489,0.1226,0.0841,0.1226,0.1226,0.1226,0.8384,0.1226,0.1226,0.1226,0.1226,0.09753,0.3599,0.1226,0.1226,0.1226,0.1226,0.10486,0.1226,0.1226,0.1226,0.1226,0.1263,0.1226,0.1226,0.12244,0.729,0.1226,0.469,0.1226,0.1226,0.1226,0.1226,0.1226,0.1226,0.1226,0.1226,0.1226,0.1226,0.1226,0.1023,0.1226,0.1226,0.1626,0.1226,0.1226,0.1008,0.1226,0.1226,0.1226,0.1226,2.295,0.1226,0.1226,0.1226,0.2698,0.1226,0.1226,0.2097,0.1226,0.1226,0.1226,0.1226,0.1226,0.1226,0.1226,0.1226,0.1226,0.1226,0.1423,0.1226,0.324,0.1226,1.239,0.1226,0.1226,0.1226,0.1226,0.1598,0.1226,0.1067,0.2242,0.1226,1.23,0.1226,0.1226,0.12054,0.1226,0.572,0.1226,0.1226,0.1226,0.2314,1.7295,0.0709,0.1226,0.1226,0.1226,0.1226,0.1226,0.1226,0.1226,0.1226,0.1226,0.11237,0.1226,0.1636,0.1226,0.1226,0.1226,0.1226,0.1226,0.1226,0.336,0.1226,0.1226,0.11383,0.1226,0.1226,0.3916,0.10803,0.1226,0.1226,0.1226,0.1184,0.1226,0.1226,0.0942,0.1226,0.4482,0.595,0.1226,0.1106,0.1226,0.10284,0.1226,0.1226,0.1226,0.9106,0.1226,0.1226,0.1226,0.09796,0.1226,0.2986,0.1226,0.4912,0.1226,0.1226,0.1226,0.744,0.1226,0.1226,0.1226,0.7524,0.1226,0.1226,0.8076,0.1226,0.1163,0.6084,0.1226,0.1226,0.1226,0.1226,0.1226,1.225,0.12427,0.2659,0.1226,0.12006,0.1226,0.1226,0.1081,0.1226,0.3154,0.1226,0.1226,0.1226,0.1226,0.1226,0.357,0.1226,0.1226,2.064,0.2668,0.1226,0.1226,0.827,0.1226,0.3975,0.1226,0.1226,0.1226,0.1226,0.8564,0.1226,0.0905,0.1198,0.1226,0.1226,0.156,0.11444,0.1226,0.712,0.1226,0.1262,0.1226,0.1226,0.1226,0.1226,0.1226,0.1226,0.1226,0.1226,0.1414,0.1226,0.4058,0.1226,1.209,0.1226,0.1226,0.0962,0.1226,0.1226,0.1488,0.1226,0.1226,0.1226,0.1226,0.1226,0.1226,0.1158,0.1209,0.1226,0.9785,0.1226,0.0751,0.1226,0.1226,0.1226,0.1226,0.1131,0.1226,0.1226,1.817,0.1226,0.1226,0.1226,0.166,0.1226,0.1226,0.558,0.1226,0.1226,0.1226,0.1226,0.1226,0.1226,0.08167,0.4834,0.1226,0.1226,0.1226,0.1226,0.1226,0.1226,0.1226,0.1226,0.1733,0.146,0.1226,0.1226,1.367,0.1226,0.1226,0.1226,0.1226,0.1226,0.1226,0.1226,0.1226,0.1226,0.1226,0.1226,0.1226,0.1226,0.1226,2.34,0.2864,0.1226,0.1226,0.1226,0.1226,0.1226,0.1226,0.1226,0.1226,0.996,0.3213,0.1226,0.1226,0.4631,0.1226,0.1226,0.1226,0.1226,0.3196,0.1226,0.1226,0.09735,0.1226,0.11224,0.1226,0.1226,0.168,0.1226,0.1226,0.0993,0.0954,0.1226,0.1226,0.11005,0.1226,0.3093,0.1226,0.7236,0.3762,0.1226,0.1226,0.1226,0.1226,0.1226,0.1226,1.125,0.1226,0.08887,0.11456,0.1226,0.1226,1.06,0.1226,0.1066,0.2903,0.1226,0.1226,0.1226,0.1226,0.1975,0.1226,1.628,0.1226,0.1226,0.1226,0.508,0.1226,0.1226,0.1226,0.1226,0.1226,0.1226,0.10046,0.3093,0.6685,0.1226,0.1226,0.5176,0.1226,0.1226,0.4348,0.1226,0.1226,0.1226,0.1226,0.1226,0.1226,0.11865,0.2979,0.1226,0.1226,0.1226,0.5884,0.1226,0.1226,0.1226,0.1226,0.11694,0.1226,0.1226,0.1226,0.1226,0.3965,0.1226,0.1226,0.1226,0.1226,0.1226,0.1226,0.1226,0.2002,0.1133,0.1226,0.1226,0.1178,0.1226,0.1226,0.7886,0.3186,1.219,0.1226,0.1226,0.10913,2.006,0.1226,0.1226,0.1226,0.1226,0.1226,0.1226,0.1226,0.1226,0.1222,0.1226,0.1226,0.1226,0.1226,0.1226,0.09485,0.1226,0.1226,0.1226,0.1226,0.1226,0.1226,0.1226,0.3323,0.0963,0.1918,0.1226,0.11664,0.11383,0.2068,0.1226,1.245,0.1226,0.1226,0.3643,0.1226,0.646,0.15,0.1226,0.1027,0.1226,0.1226,0.1226,0.1226,0.1226,0.1226,0.1226,0.1226,0.1226,0.1226,0.1677,0.1226,0.11536,0.1226,0.1226,0.1226,0.1226,0.12103,0.1003,0.1226,0.503,0.1226,0.1226,0.5513,0.1226,0.1226,0.1056,0.1226,0.1226,0.1226,0.515,0.1226,0.1226,0.1226,0.1226,0.1171,0.11774,0.08575,0.1226,0.1226,0.1226,0.4548,0.11096,0.1226,0.7856,0.1226,0.1854,0.1226,0.4482,0.1226,0.1226,0.1226,0.1226,0.1226,0.1226,0.1226,0.1226,0.1226,0.1226,0.1226,0.1226,0.11,0.2408,0.1226,0.1226,0.1226,0.1226,0.1226,0.0824,0.07166,0.1226,0.3906,0.1824,0.11615,0.1226,0.1226,0.1226,0.1226,0.10223,0.1226,0.12067,0.1226,0.114,0.1226,0.1226,0.11597,0.1226,0.1226,0.1226,0.10016,0.1226,0.1226,1.291,0.2466,1.025,0.1226,0.1226,0.1226,0.1271,0.1226,0.1226,0.0535,0.08716,0.1226,0.4043,0.1813,0.1816,0.1226,0.644,0.09436,0.1226,0.1226,0.10223,0.1226,0.2983,0.1226,0.1226,1.244,0.1226,0.1226,0.1226,0.1226,0.119,0.1226,0.12103,0.1226,1.314,0.1226,0.9365,0.1226,0.1123,0.1226,0.1226,0.1226,0.1226,0.1226,0.1226,0.4158,0.1226,0.1074,0.1226,0.1226,0.07996,0.1226,0.10095,1.187,0.1963,0.0964,0.1226,0.1339,0.1226,0.1226,0.1226,0.2141,0.1226,0.1226,0.1226,0.1226,0.1226,0.1226,0.1226,0.1032,0.1226,0.4646,0.1226,0.1226,0.1226,0.1226,0.093,0.647,0.1226,0.1226,0.1226,0.1226,0.1226,0.1226,0.6294,0.1226,0.8506,0.4792,0.189,0.1226,0.1226,0.1062,1.069,0.11694,0.5776,0.1226,0.2281,0.1226,0.1226,0.1226,0.1226,0.1226,0.1226,0.1226,0.1226,0.1226,0.184,0.1226,0.433,0.1226,0.1226,0.1226,0.1226,0.1226,0.1226,0.1226,0.1226,0.1226,0.1226,0.1388,0.3972,0.12067,0.755,0.2686,0.1997,0.1226,0.1226,0.1226,0.1226,0.1226,0.1226,0.1226,0.1907,0.1226,0.1226,0.1226,0.1003,0.1226,0.1226,0.1059,0.1226,0.1226,0.2,0.1226,0.0664,0.1226,0.1226,0.1226,0.1226,0.1226,0.512,0.1226,0.0992,0.911,0.112,0.4097,0.1226,0.4902,0.1226,0.1226,0.7656,0.1226,0.1226,0.414,0.663,0.1226,0.1433,0.1226,0.1226,0.1226,0.1226,0.1226,0.1226,0.10345,0.1226,0.1226,0.1709,0.2603,0.11633,0.1226,0.1226,0.133,0.3604,0.1226,0.1226,0.1226,0.1226,0.1225,0.1226,0.1226,0.1226,0.1226,0.756,0.1226,0.08826,0.1226,0.1052,0.1226,0.1226,0.1226,2.004,0.1226,0.1226,0.1226,1.134,1.096,0.1226,0.1226,0.6133,0.1226,0.1226,0.1226,0.10474,0.5796,0.2443,0.1226,0.1226,0.1226,0.1226,0.1226,0.1226,0.1226,0.1562,0.1226,0.1226,0.1226,0.9175,0.1226,0.1226,0.1226,1.054,0.1226,0.2014,0.1226,0.1226,0.1226,1.212,0.1226,0.1226,0.5024,0.1226,0.1226,0.1226,0.1226,0.11597,0.1226,0.1226,0.09344,0.1731,0.1226,0.1226,0.1226,0.1226,0.1226,0.11725,0.1226,0.1226,0.11334,0.1226,0.1226,0.1226,0.1226,0.1226,0.1226,0.1226,0.1226,0.1226,0.16,0.1226,0.1226,0.1226,0.1226,0.1226,0.1226,0.1226,0.1226,0.555,0.09973,0.1226,0.636,0.1226,0.1226,0.8022,0.1226,0.2319,0.1176,0.1226,0.1226,0.1226,0.435,0.1226,0.1226,0.1226,0.1226,0.1226,0.349,0.1226,0.2346,0.1226,0.1226,0.1226,0.1226,0.1226,0.1226,0.1226,0.186,0.11566,0.1226,0.1226,0.1226,0.1226,0.1226,0.1226,0.08856,0.1025,0.1226,0.1226,0.1226,0.3792,0.1226,0.06934,0.1418,0.1226,0.1226,0.1226,0.2285,0.1226,0.1226,0.1226,0.1226,0.10895,0.1164,0.1226,2.379,0.1226,0.1226,0.5293,0.1226,1.089,0.1036,0.409,0.1226,0.1226,0.1226,0.1226,0.1226,0.1501,0.1226,0.1226,0.1226,0.1226,0.1226,0.1226,0.1226,0.1226,0.1226,0.8345,1.723,0.1226,0.1226,0.1226,1.399,0.1226,0.4143,0.10486,0.1226,0.1226,0.1226,0.1226,0.1226,0.8667,0.1129,0.1226,0.1226,0.7275,0.1226,0.1226,0.1226,0.08435,0.1226,0.1226,0.1226,0.1226,0.1226,0.1175,0.1226,0.1226,0.2296,0.1226,0.1226,0.1226,0.1226,0.1226,0.1226,0.1226,0.1226,0.4917,0.1226,0.1226,0.1226,0.1226,0.386,0.1226,0.1226,0.1226,0.1226,0.1226,0.1226,0.1226,0.1226,0.1226,0.1226,0.05515,1.029,0.1226,0.1201,0.1226,0.1226,0.721,2.08,0.1226,0.1226,0.1226,0.1226,0.116,0.1226,0.1226,0.1226,0.1226,0.1226,0.1226,0.1226,0.603,0.2217,0.1226,0.1226,0.1226,0.1713,0.1034,0.1226,1.331,0.1226,0.0927,0.1226,0.1226,0.1226,0.1226,0.1226,0.1226,0.1226,0.1226,0.413,0.08777,0.1226,0.1206,0.1226,0.1226,0.1226,0.1226,0.1226,0.1742,0.1226,0.1226,0.1226,0.1226,0.1226,0.1226,0.3547,0.1226,0.1226,0.1226,0.5273,0.1333,0.1226,0.09937,0.2393,0.1226,0.10016,0.1226,0.1226,0.1226,0.1226,0.11646,0.566,0.1226,0.489,0.1115,0.3074,0.1461,0.1226,0.1226,0.1226,0.1226,0.537,0.11414,0.2673,0.1226,0.1226,0.1226,0.1226,0.1226,0.1226,0.4026,0.1226,0.1587,0.1121,1.146,0.1226,0.10974,0.1226,0.1226,0.1226,0.3892,0.231,0.1226,0.1226,0.1226,0.3188,0.1226,0.1226,0.1191,0.1226,0.1226,0.1226,0.09784,0.1226,0.1226,0.1226,0.1226,1.502,0.1226,0.1226,0.1226,0.1226,0.1226,0.1226,0.1226,0.1226,0.1124,0.1226,0.1226,0.3555,0.1226,0.1226,0.1226,0.1226,0.1226,0.2627,0.1226,0.7666,0.1226,0.1226,0.1057,0.1226,0.1226,0.1226,0.1226,0.1226,0.10565,0.5903,0.11194,0.1226,0.1226,0.1226,0.1187,0.09576,0.1226,0.1226,0.1226,0.1226,0.1054,0.7188,0.1226,0.0916,0.1226,0.1226,0.1226,0.1226,0.1226,0.1226,0.1226,0.1226,0.1226,0.1226,0.1226,0.1226,0.1157,0.1226,0.102,0.1226,0.1226,0.1226,0.1226,0.1226,0.1226,0.2313,0.1226,0.1226,0.1226,0.1226,0.7837,0.1226,0.1033,0.1365,0.514,0.1226,0.1226,0.6694,0.1226,0.1226,0.0757,0.1226,0.06158,0.1226,0.1226,0.1226,0.1226,0.1226,0.1226,0.1226,0.0952,0.1226,0.1226,0.1226,0.1165,0.1226,0.1226,0.1226,0.1226,0.1226,0.1226,0.1226,0.1226,0.1226,0.2123,0.2106,0.1226,0.1226,0.1226,0.1226,0.7373,0.1226,0.11865,0.1226,0.1226,0.1226,0.1226,0.08685,0.1226,0.1226,0.1226,0.1226,0.1226,0.1226,0.1226,0.1226,0.1059,0.125,1.139,0.1226,0.1226,0.1226,0.1226,1.733,0.1226,0.10144,0.1226,0.5146,0.1226,0.1226,0.1226,0.0892,0.5483,0.1226,0.10144,0.1226,0.1226,0.2576,0.1437,0.1226,0.1226,0.1226,0.5273,0.115,0.0938,0.1226,0.1226,0.1226,0.1226,0.1226,1.409,0.1226,0.1226,0.1226,0.3503,0.287,1.2295,0.1226,0.1226,0.1147,0.1226,0.1226,0.1226,0.1226,0.0769,0.1093,0.318,0.244,0.1226,0.1226,0.09344,0.1226,0.1226,0.1226,0.1226,0.4644,0.1226,0.1226,0.1226,0.1226,0.1226,0.1226,0.11597,0.1226,0.1226,0.544,0.1226,0.1226,0.1226,0.1226,0.1095,0.0853,0.1938,0.1226,0.1226,0.1226,0.1113,0.1226,0.1226,0.1226,0.8447,0.1226,0.1226,0.1226,0.4248,0.55,0.31,0.1226,0.1226,0.3967,0.1226,0.1226,1.934,0.1226,0.1226,0.1226,0.1226,0.1226,0.1226,0.1226,0.1111,0.1226,0.1226,0.1226,0.1226,0.1226,0.1226,0.1226,0.1226,0.1226,0.1226,0.511,0.1226,0.3462,0.1226,0.1226,0.1119,0.1226,0.1226,0.1226,0.5083,0.1226,0.537,0.1226,0.1226,0.1421,0.1226,0.705,0.1226,0.1226,0.1226,0.1226,0.1226,0.1226,0.11194,0.1226,0.1967,0.1226,0.1226,0.4302,0.1226,0.1226,0.1226,0.1226,0.2301,0.1226,0.1226,0.1226,0.5537,0.856,0.1226,0.1226,0.1123,0.1226,0.1226,0.1226,0.7856,0.2169,0.1226,0.0742,0.1226,0.1226,0.1125,0.1226,0.2964,0.1226,0.1226,0.1226,0.1226,0.1226,0.1226,0.1226,0.2346,0.1226,0.1431,0.1443,0.1226,0.1226,0.1226,0.1226,0.1226,0.1226,0.1226,0.1226,0.1226,0.1226,0.1226,0.3086,0.1226,0.1226,0.203,0.1177,0.1226,0.1226,0.3853,0.6484,0.827,0.1226,0.255,0.0658,0.1226,0.1226,0.1072,0.9243,0.1226,0.1226,0.1226,0.1226,0.1226,0.1226,0.1226,1.216,0.6284,0.1226,0.1226,0.1226,0.1226,0.1226,0.1226,0.1808,0.2164,0.1226,0.1226,0.1226,0.1226,0.1226,0.1226,0.105,0.1226,0.1226,1.045,0.1226,0.1226,0.5713,0.2815,0.1226,0.0929,0.1226,0.05377,0.1226,0.1125,0.1226,0.1136,0.2063,0.8813,0.119,0.4448,0.1226,0.2368,0.1226,0.1226,0.3462,0.1226,0.1226,0.10486,0.1226,0.1226,0.1226,0.1226,0.1226,0.5645,0.1226,0.1427,0.1226,0.1226,0.1226,0.1226,0.1226,0.1226,0.1226,0.1226,0.1226,0.1226,0.1226,0.1226,0.1226,0.1226,0.1226,0.1226,0.1226,0.1226,0.1218,0.1226,0.11505,1.006,0.1226,0.1226,0.1265,0.1226,0.0978,0.1226,0.11237,0.067,0.1226,0.1226,0.1226,0.4126,0.1226,0.1193,0.1226,0.1226,0.1226,0.1226,0.1226,0.1226,0.1083,0.1226,0.0953,0.0745,0.5786,0.1226,0.1226,0.1226,0.2212,0.7065,0.1226,0.3413,0.1885,0.1226,0.1226,0.1226,0.1226,0.1226,0.10376,0.1226,0.1226,0.1226,0.1226,0.331,0.1226,0.1226,0.09076,0.3184,0.1226,0.1226,0.1226,0.1226,0.11755,0.414,0.1226,0.1226,0.1226,0.10724,0.1226,0.1226,0.1226,0.1226,0.1226,0.1226,0.4504,0.1226,0.2463,0.6104,0.1226,0.1226,0.1226,0.1226,0.1226,0.1226,0.10626,0.1226,0.1226,0.1226,0.1226,0.1226,0.1226,0.1454,0.1226,0.1226,0.1226,0.1226,0.08307,0.1226,0.1226,0.1226,0.11346,0.1226,0.1226,0.1226,0.1226,0.1226,0.1226,0.1226,0.1226,0.354,0.1226,0.1226,0.1226,0.1226,0.4785,0.1226,0.10345,0.1226,0.115,0.1226,0.1226,0.1226,0.1226,0.1226,0.1226,0.2754,0.1226,0.1226,0.1226,1.618,0.1226,0.9756,0.0971,0.1226,0.2474,0.1226,0.1226,0.268,0.1226,0.1226,0.1226,0.1226,0.1226,0.1226,1.044,0.1226,0.1226,0.9097,0.08435,0.1226,0.23,0.1226,0.2969,0.1226,0.0798,0.1226,0.1226,0.1141,0.1235,0.2578,0.562,0.1226,0.1226,0.1226,0.1226,0.1226,0.1226,0.1226,0.1226,0.1226,0.288,0.1226,0.1226,0.515,0.1874,0.1226,0.1226,0.1226,0.1226,0.1226,0.1226,0.1226,0.077,0.1226,0.1226,1.339,0.1033,0.1226,0.1226,0.1226,0.1226,0.3252,0.1226,0.1226,0.1226,0.1226,0.1226,0.095,0.1226,0.1226,0.1226,0.1226,0.1226,0.1226,0.1226,0.1226,0.1226,0.2312,0.1226,0.1226,0.1226,0.1226,0.1226,0.1539,0.11743,0.1226,0.1226,0.1226,0.2893,0.1226,0.1226,0.1132,1.045,0.1226,0.085,0.1221,0.1226,0.1226,0.1226,0.1226,0.381,0.1201,0.12085,0.1226,0.1226,0.1226,0.1226,0.1188,0.1226,0.1226,0.1226,0.1226,0.1226,0.322,0.11554,0.1226,0.1115,0.11926,0.1226,0.1226,0.10535,0.1226,0.1226,0.1226,0.4468,0.1226,0.1226,0.1226,0.0957,0.1226,0.1589,1.177,0.1226,0.1226,0.1226,0.1032,0.1226,0.1226,0.834,0.887,0.1226,0.1226,0.647,0.1226,0.1226,0.1002,0.1226,0.1226,0.1226,0.1226,0.1226,0.1119,0.1226,0.1226,0.10126,0.1792,0.1226,0.1226,0.1226,0.12463,0.1226,0.11206,0.1226,0.1226,0.1226,0.3665,0.391,0.1226,0.1226,0.1152,0.1226,1.129,1.073,0.1226,0.1226,0.1158,0.1226,0.1226,0.5166,0.2275,0.1042,0.12,0.1226,0.1128,0.1226,0.1226,0.1226,0.6216,0.1226,0.965,0.976,0.1226,0.0992,0.1074,0.6187,0.1226,0.1226,0.11993,0.7686,0.1226,0.1226,0.1226,0.4385,0.1226,0.1226,0.1226,0.1226,0.1226,0.3152,0.1226,0.1226,0.7085,0.1226,0.1226,0.1226,0.1226,0.1226,0.1226,0.1226,0.1226,0.1226,0.1226,0.1226,0.46,0.1088,0.1226,1.201,0.1226,1.08,0.1283,0.1226,0.1122,0.1226,0.1226,0.1918,0.1226,0.1226,0.1226,0.3696,0.12024,0.1226,0.1226,0.3464,0.1226,0.1226,0.1009,0.1226,0.1226,0.1226,0.7954,0.1226,0.2678,0.1226,0.1226,0.721,0.7915,0.1226,0.11774,0.1226,0.1226,0.628,0.2744,0.1109,0.1226,0.1226,0.1226,0.1226,0.1226,0.1226,0.1226,0.1226,0.1226,0.4087,0.1226,0.1226,0.1226,0.1226,0.1617,0.1226,0.5063,0.12054,0.1226,0.1111,0.1226,0.659,0.1226,0.1226,0.5977,0.1226,0.1226,0.1226,0.1226,0.794,0.1226,0.1226,0.1472,0.1226,0.177,0.1226,0.0829,0.1226,0.1226,0.1226,0.1226,0.114,0.7256,0.813,0.09863,0.1226,0.1226,0.1663,0.1226,1.821,0.1226,0.1226,0.0811,0.1586,0.6504,0.4778,0.1226,0.1792,0.1226,0.1226,0.1226,0.1226,0.2,0.1199,0.1226,0.1226,0.1226,0.1071,1.405,0.1226,0.1226,0.1226,0.1226,1.144,0.1226,0.1226,0.1226,0.1226,0.088,0.1226,1.334,0.1226,0.145,0.1226,0.1226,0.1226,0.1226,0.1226,0.1226,0.1226,0.1226,0.1226,0.1226,0.1226,0.09314,0.1226,0.1226,0.1226,0.1226,0.1226,0.1226,0.1226,0.1226,0.1226,0.1226,0.1226,0.1226,0.1226,0.1226,0.1226,0.1226,0.1226,0.1226,0.3787,0.1226,0.4172,0.1226,0.1226,0.3115,0.10443,0.1226,0.6387,0.1335,0.1226,0.1226,0.1226,0.2032,0.3801,0.1226,0.1226,1.054,0.1226,0.1174,1.216,0.1226,1.046,0.134,0.1226,0.1226,0.1226,0.10284,0.1226,0.1226,0.1226,0.1226,0.1226,0.1226,0.1226,0.1226,0.1226,0.1226,0.1226,0.1226,0.1226,0.1226,0.1226,0.1226,0.1226,0.1226,0.1226,0.795,0.1226,0.11755,0.237,0.1226,0.1226,0.1226,0.1226,0.1226,0.1226,0.1226,0.1226,0.1226,0.1226,0.1226,0.1226,0.1226,0.1226,0.675,0.1226,0.1226,0.1226,0.0827,0.7173,0.1226,0.1226,0.1226,0.1226,0.1226,0.1226,0.1226,0.1226,0.1226,0.1226,0.1226,0.1226,0.1226,0.1774,1.155,0.1226,0.1226,0.1226,0.1357,0.1226,0.1226,0.1125,0.1226,0.1318,0.1226,0.1226,0.1226,0.1226,0.1226,0.1226,0.1226,0.1226,0.1226,0.1226,0.1226,0.1226,0.349,0.1226,0.763,0.1226,0.1226,0.1226,0.1226,0.4844,0.1226,0.1226,0.11774,0.1226,0.1226,0.1101,0.1226,0.1226,0.1226,0.1226,0.0953,0.1226,0.0885,0.1226,0.121,0.1226,0.1226,0.1226,0.1226,0.2072,0.1226,0.1226,0.1344,0.1226,0.1226,0.6562,0.1226,0.1226,0.1226,0.0884,0.2676,0.12036,0.2651,0.1226,0.1226,0.1226,0.1226,0.1226,0.11444,0.1226,0.1226,0.1226,0.5586,0.1226,0.1226,0.1226,0.1226,0.1226,0.157,0.1226,0.1226,0.1193,1.236,0.1226,0.1226,0.1226,0.1226,0.1226,0.1226,0.08954,0.1226,0.1226,0.1226,0.2224,0.118,0.1226,0.1226,0.1226,0.1226,0.1226,0.1226,0.1172,0.1744,0.3718,0.1226,0.097,0.1226,0.1226,0.1226,0.1226,0.1226,0.2306,0.1226,0.54,0.1226,0.1226,0.1226,0.1226,0.1226,0.739,0.1226,0.788,0.1226,0.1215,0.1226,0.1226,0.248,0.1226,0.1226,0.1226,0.0843,0.1226,0.1226,0.1226,0.1226,0.1226,0.1226,0.1226,0.1564,0.1226,0.1226,0.1522,1.38,0.10986,0.1226,0.1226,0.1226,0.1226,0.1226,0.1082,0.1226,0.3394,0.1226,0.1804,0.137,0.1226,0.561,0.0943,0.09576,0.1226,0.1226,0.1226,0.1226,0.1226,0.1226,0.1226,0.1226,0.11456,0.1226,0.1754,0.68,0.1226,0.1226,0.1226,0.1226,0.1226,0.234,0.1226,0.1226,0.1226,0.123,0.1226,0.1226,0.1226,0.1226,0.1226,0.1226,0.1226,0.1226,0.1226,0.1226,0.1226,0.1226,0.1226,0.1226,0.1226,0.1226,0.1226,0.1226,0.1226,0.9595,0.1226,0.2266,0.1226,0.369,0.1226,0.1226,0.1226,0.1226,0.0889,0.09204,0.1226,0.1226,0.1226,0.1226,0.1226,0.4058,0.1226,0.1226,0.1932,0.1226,0.1226,0.1226,0.084,0.1226,0.2195,0.1226,0.1226,0.1164,0.1226,0.1226,0.1226,0.2015,0.3076,0.10516,0.1226,0.1226,0.1226,0.1226,0.1226,0.7173,0.3748,0.1226,0.1119,0.1226,0.1226,0.1226,0.11975,0.09875,0.8965,0.06396,0.1226,0.6367,0.1251,0.1226,0.1226,0.1226,0.1226,0.5093,0.1226,0.1226,0.1226,0.2686,0.1226,0.1226,0.1226,0.1226,0.0932,0.1226,0.1226,0.1226,0.1226,0.7705,0.1226,0.1226,0.1226,0.1226,0.1226,0.1226,0.1226,0.1226,0.1226,0.2544,0.1226,0.1226,0.1226,0.1226,0.1226,0.10614,0.1226,0.3289,0.1226,0.11237,0.1226,0.0778,0.1226,0.1226,0.1226,0.1226,0.1226,0.1226,0.1226,0.10284,0.1226,0.1226,0.1226,0.1226,0.1226,0.1633,0.1226,0.1226,0.791,0.1226,0.1226,0.1008,0.11084,0.1226,0.1226,0.1226,0.09766,0.10095,0.1226,0.11633,0.1226,0.1226,0.1313,0.1226,0.1226,0.1226,0.1226,0.1226,0.1226,0.1226,0.3699,0.1124,0.1226,0.1226,0.1226,0.1226,0.1226,0.1226,0.1226,0.1226,0.1226,0.1226,0.1226,0.1226,0.1226,0.1226,0.1226,0.1226,0.1226,0.1226,0.1226,0.1226,0.1226,0.1226,0.1226,0.06445,0.1226,0.1226,0.11847,0.1226,0.1226,0.1226,0.1257,0.905,0.1312,0.2517,0.1226,0.9067,0.1226,0.1226,0.1226,0.1226,0.1226,0.1226,0.1226,0.1226,0.1226,1.164,0.1226,0.1226,0.1226,0.1226,0.1226,0.1226,0.1226,0.1226,0.1226,0.7036,0.1226,0.1226,0.1226,0.1226,0.1226,0.11664,0.1226,0.1226,0.1226,0.1192,0.1251,0.1226,0.1226,0.12067,0.1226,0.1226,0.1226,0.1226,0.1226,0.1226,0.1835,0.1019,0.1226,0.1226,0.1226,0.1226,0.1226,0.11334,0.1226,0.1226,1.246,0.4626,0.1226,0.6665,0.1226,0.1226,0.1226,0.1226,0.1226,0.7637,0.1226,0.1226,0.10614,0.1226,0.1226,0.1226,0.1858,0.793,0.1226,0.1226,0.1478,0.1226,0.1226,0.1226,0.1226,2.299,0.1226,0.1226,0.1226,0.1226,0.1226,0.4377,0.715,0.1226,0.1226,0.1226,0.1226,0.1226,0.1226,0.1226,0.1226,0.1226,0.1226,0.1226,0.1226,0.1226,0.1226,0.1104,0.1226,0.1161,0.1226,0.1226,0.1226,0.1226,0.1226,0.1226,0.1226,0.1226,0.1226,0.1226,0.1226,0.8525,0.1226,0.1226,0.1226,0.114,0.1226,0.242,0.1226,0.1226,0.1226,0.1226,0.1226,0.1226,0.1226,0.1226,0.261,0.1226,0.4824,0.1226,0.1226,0.1226,0.1226,0.1226,0.1226,0.1226,0.1226,0.1226,0.1226,0.1226,0.1226,0.0826,0.1226,0.1226,0.1226,0.1226,0.1226,0.1226,0.1226,0.1226,0.1226,0.1226,0.1226,0.1226,0.1226,0.1226,0.1295,0.1226,0.1226,0.1226,0.1226,0.1226,0.1226,0.1226,0.1226,0.2737,0.1226,0.1226,0.2607,0.1226,0.882,0.8223,0.1226,0.1226,0.1226,0.1226,0.1226,0.1226,0.4966,0.1226,0.1226,0.1226,0.11237,0.1226,0.3274,0.979,0.1226,0.1226,0.1226,0.1142,0.1135,0.1226,0.1226,0.10297,0.1035,1.524,0.1226,0.1226,0.1226,0.1008,0.2157,0.1226,0.09515,0.1226,0.1226,0.5693,0.1226,0.1226,0.12445,0.1226,0.1129,0.10254,0.11127,0.0935,0.1226,0.1226,0.1226,0.1832,0.1226,0.1122,0.6895,0.4912,0.1226,0.295,0.1226,0.422,0.1226,0.1226,0.1226,0.1226,0.1226,0.1226,0.1226,0.1226,0.1226,0.1226,0.1226,0.0973,0.1226,0.1226,0.12384,0.1226,0.1107,1.162,0.1226,0.4602,0.1226,0.1226,0.1226,0.1226,0.1226,0.10144,0.1145,1.506,0.1226,0.1226,0.1226,0.1226,0.1135,0.1226,0.1003,0.1226,0.1226,0.1226,0.1226,0.1226,0.1226,0.387,0.1226,0.1226,0.1226,0.1226,0.1226,0.1226,0.1226,0.1226,0.1226,0.1226,0.1226,0.1226,0.4565,0.1226,0.1226,0.08405,0.1226,0.1226,0.1226,0.1508,0.1226,0.1226,0.1226,0.1226,0.1226,0.1226,0.1226,0.1226,0.1226,0.1226,0.11365,0.3157,0.1226,0.2261,0.1226,0.1226,0.1259,0.4717,0.1226,0.3472,0.1226,0.1316,0.1226,0.3523,0.1226,0.1226,0.327
22,0.11273,0.11273,0.556,0.11273,0.3828,0.8535,0.11273,0.11273,0.11273,0.11273,0.11273,0.11273,0.11273,0.11273,0.2717,0.11273,0.1318,1.053,0.0872,0.11273,0.11273,0.0958,0.1729,0.1768,0.11273,0.2135,0.11273,0.482,0.3892,0.0925,0.1837,0.11273,0.1252,0.11273,0.11273,0.1301,0.11273,0.11273,0.11273,0.11273,0.11273,0.11273,0.1884,0.0937,0.11273,0.11273,0.1074,0.11273,0.11273,1.535,0.1124,0.11273,0.148,0.0994,0.11273,1.312,0.1659,0.11273,0.657,0.11273,0.6953,0.11273,0.09436,0.2092,0.11273,0.11273,0.766,0.11273,0.11273,0.108,0.11273,0.1426,0.11273,0.11273,0.11273,1.306,0.11273,0.3347,0.11273,0.11273,0.11273,0.11273,0.11273,0.11273,0.1543,0.11273,0.11273,0.11273,0.11273,0.11273,0.11273,0.11273,0.611,0.10345,0.11273,0.0806,0.11273,0.1174,0.11273,0.4133,0.11273,0.11273,0.0955,0.11273,0.11273,0.11273,0.0828,0.11273,0.2908,0.11273,0.11273,0.11273,0.11273,0.11273,0.11273,1.102,0.10815,0.11273,0.11273,0.11273,0.5327,0.11273,0.11273,0.11273,0.11273,0.1731,0.0998,0.11273,0.11273,0.10504,0.11273,0.1617,0.11273,0.1055,0.11273,0.11273,0.11273,0.11273,0.8076,0.11273,0.11273,0.11273,0.11273,0.1808,0.11273,0.11273,0.11273,0.11273,0.11273,0.11273,0.11273,0.11273,0.11273,0.11273,0.11273,0.11273,0.11273,1.179,0.11273,0.0791,0.11273,0.267,0.11273,0.11273,0.11273,0.11273,0.1048,0.1348,0.11273,0.3184,0.11273,0.11273,0.11273,0.11273,0.09796,0.11273,0.11273,0.644,0.3008,0.11273,0.11273,0.11273,0.11273,0.11273,0.11273,0.62,0.11273,0.2245,0.11273,0.106,0.11273,0.11273,0.11273,0.511,0.1521,0.11273,0.11273,0.11273,1.291,0.11273,0.1051,0.11273,0.11273,1.637,0.0989,0.3262,0.11273,0.11273,0.11273,0.4465,0.11273,0.0769,0.11273,0.11273,0.11273,0.3577,0.11273,0.11273,0.11273,0.11273,0.11273,0.8667,0.2869,0.11273,0.11273,0.11273,0.11273,0.11273,0.1229,0.1691,0.4148,0.11273,0.6255,0.11273,0.11273,0.11273,0.278,0.11273,0.11273,0.11273,0.2155,0.10706,0.11273,0.11273,0.11273,0.11273,0.11273,0.11273,0.11273,0.11273,0.11273,0.11273,0.1123,1.359,0.07996,0.2147,0.11273,0.11273,0.11273,0.11273,0.11273,0.11273,0.11273,0.11273,0.11273,0.144,0.11273,0.1569,0.678,0.11273,0.10266,0.11273,0.11273,0.11273,0.11273,0.11273,0.11273,0.11273,0.11273,0.11273,0.11273,0.11273,0.11273,0.1274,0.11273,0.11273,0.11273,0.11273,0.11273,0.108,0.11273,0.11273,0.11273,0.09717,0.11273,0.11273,0.11273,0.11273,0.11273,0.11273,0.11273,0.1025,0.5107,0.11273,0.1037,0.67,0.11273,0.11273,0.11273,0.11273,0.1971,0.11273,0.11273,0.11273,0.2969,0.1481,0.11273,0.11273,0.11273,1.324,0.11273,0.11273,0.501,1.6455,0.11273,0.11273,0.9453,0.11273,0.11273,0.11273,0.11273,0.10406,0.11273,0.11273,0.11273,0.2228,0.6685,0.11273,0.11273,0.11273,0.11273,0.10547,0.11273,1.359,0.11273,0.11273,0.11273,0.11273,0.1239,0.11273,0.11273,0.11273,0.11273,0.1021,0.1394,0.2214,0.2603,0.11273,0.11273,0.12103,0.7773,0.1411,0.11273,0.11273,0.11273,0.11273,0.11273,0.6714,0.755,0.0931,0.11273,0.11273,0.1733,0.11273,0.3525,0.301,0.11273,0.11273,0.11273,0.6,0.11273,0.11273,0.11273,1.185,0.11273,0.1409,0.109,0.1047,0.11273,0.11273,0.11273,0.11273,0.11273,0.11273,0.1021,0.11273,0.865,0.11273,0.2023,0.11273,1.231,0.11273,0.11273,0.11273,0.11273,0.1565,0.1625,0.1327,0.11273,0.11273,0.1744,0.807,0.11273,0.11273,0.11273,0.11273,0.313,0.11273,0.11273,0.11273,0.11273,0.11273,0.2482,0.11273,0.11273,0.083,0.11273,0.11273,0.11273,0.11273,0.537,0.11273,0.11273,0.11273,0.0921,0.11273,0.11273,0.11273,0.3167,0.11273,0.11273,0.11273,0.0816,0.165,0.2876,0.11273,0.33,0.1027,0.11273,0.11273,0.11273,0.11273,0.297,0.11273,0.11273,0.1043,0.11273,0.11273,0.09766,0.11273,0.11273,0.11273,0.1891,0.11273,0.11273,0.11273,0.11273,0.11273,0.284,0.11273,0.11273,0.11273,0.1942,0.11273,0.11273,0.10046,0.1115,0.11273,0.0976,0.11273,0.11273,0.813,0.0891,0.11273,0.11273,0.11273,0.11273,0.157,0.1076,0.11273,0.11273,0.1261,0.3855,0.11273,0.11273,0.11273,0.11273,0.11273,0.11273,0.11273,0.11273,0.11273,0.11273,0.11273,0.11273,0.11273,0.11273,0.10614,0.11273,0.11273,0.11273,0.11273,0.3853,0.1991,0.1833,0.11273,0.11273,0.11273,0.11273,0.11273,0.1685,0.11273,0.11273,0.3389,0.55,0.11273,0.11273,0.11273,0.11273,0.11273,0.11273,0.11273,0.11273,0.11273,0.11273,0.11273,0.11273,0.11273,0.11273,0.11273,0.11273,0.11273,0.11273,0.11273,0.11273,0.2637,0.1109,0.11273,0.1304,0.5215,0.2817,0.11273,0.11273,0.6797,0.11273,0.592,0.11273,0.11273,0.11273,0.11017,0.11273,0.11273,0.11273,0.11273,0.11273,0.12286,0.11273,0.10425,0.11273,0.11273,0.11273,0.11273,0.11273,0.584,0.1017,0.11273,0.675,0.11273,0.1423,0.11273,0.11273,0.11273,0.105,0.11273,0.11273,0.11273,0.11273,0.11273,0.11804,0.11273,0.10626,0.12335,0.11273,0.11273,0.11017,0.11273,0.437,0.10565,0.11273,0.11273,0.11273,0.11273,0.11273,0.11273,0.11273,0.07635,0.11273,0.099,0.1775,0.11273,0.781,0.11273,0.11273,0.11273,0.097,0.4683,0.11273,0.11273,0.1162,0.11273,0.11273,0.11273,0.5874,0.11273,0.2043,0.598,0.11273,0.11273,0.0991,0.1062,0.11163,0.9873,0.1807,0.11273,0.11273,0.11273,0.365,0.1527,0.11273,0.1121,0.11273,0.11273,0.6655,0.11273,0.11273,0.11273,0.11273,0.11273,1.243,0.11273,0.11273,0.11273,0.11273,0.1677,0.11273,0.7485,0.11273,0.11273,0.11273,0.11273,0.2405,0.11273,0.513,0.11273,0.11273,0.11273,0.11273,0.2429,0.11273,0.4817,0.11273,0.11273,0.11273,0.11273,0.11273,0.11273,0.11273,0.11273,0.1641,0.11273,0.11273,0.11273,0.11273,0.10614,0.3738,0.11273,0.11273,0.2334,0.11273,0.11273,0.489,0.1032,0.11273,0.11273,0.11273,0.0872,0.1609,0.4048,0.258,0.11273,0.11273,0.11273,0.11273,0.10474,0.11273,0.11273,0.5264,0.1009,0.11273,0.11273,0.11273,0.8115,0.11273,0.11273,0.11273,0.11273,0.11273,1.285,0.09186,0.11273,0.11273,0.11273,0.643,0.11273,0.11273,0.11273,0.11273,0.10675,0.829,0.11273,0.2441,0.344,0.11273,0.11273,0.07904,0.11273,0.11273,0.102,0.11273,0.11273,0.11273,0.11273,0.11273,0.11273,0.11273,0.11273,0.3386,0.11273,0.11273,0.11273,0.11273,0.11273,0.5156,0.8096,0.11273,0.11273,0.11273,0.0935,0.11273,0.11273,0.11273,0.992,0.11273,0.11273,0.11273,0.11273,0.10767,0.11273,0.7285,0.11273,0.0753,0.11273,0.6855,0.11273,0.11273,0.11273,0.11273,0.11273,0.11273,0.11273,0.11273,0.11273,0.11273,0.3694,0.11273,0.11273,0.148,0.11273,0.11273,1.035,0.11273,0.11273,0.11005,0.11273,0.466,0.11273,0.11273,0.2898,0.11273,0.11273,0.11273,0.11273,0.801,0.11273,0.11273,0.11273,0.11273,0.11273,0.11273,0.11273,0.11273,0.11273,0.234,0.11273,0.11273,0.11273,0.11273,0.11273,0.11273,1.115,0.11273,0.2104,0.0734,0.11273,1.586,1.103,0.11273,0.1127,0.11273,0.0895,0.11273,0.11273,0.11273,0.11273,0.726,0.2302,0.11273,0.11273,0.11273,0.0911,0.104,0.11273,1.462,0.11273,0.11273,0.11273,0.11273,0.11273,0.1882,0.11273,0.11273,0.11273,0.11273,0.11273,0.11273,0.11273,0.11273,0.11273,0.11273,0.11273,0.568,0.11273,0.11273,0.10364,0.11273,0.0849,0.11273,0.11273,0.11273,0.11273,0.11273,0.11273,0.11273,0.11273,0.11273,0.11273,0.11273,0.11273,0.11273,0.11273,0.11273,0.11273,0.11273,0.7744,0.2717,0.5566,0.11273,0.1266,0.11273,0.11273,0.11273,0.11273,0.11273,0.794,0.11273,0.11273,0.11273,0.0662,0.11273,0.11273,0.11273,0.11273,0.456,0.11273,0.1122,0.11273,0.11273,0.11273,0.11273,0.10364,0.11273,0.2113,0.212,0.2578,0.1151,0.11273,0.11273,0.11273,0.11273,0.11273,0.11273,0.11273,0.11273,0.11273,0.4275,0.11273,0.11273,0.11273,0.11273,0.281,0.11273,0.11273,0.11273,0.08374,0.11273,0.11273,0.1599,0.11273,0.11273,0.0985,0.11273,0.4426,0.11273,0.09326,0.6665,0.132,0.3894,0.2198,0.11273,0.11273,0.11273,0.1367,0.11273,0.11273,0.11273,0.11273,0.11273,0.1077,0.11273,0.10815,0.11255,0.11273,0.2098,0.1084,0.11273,0.9966,0.11273,0.152,0.11273,0.11273,0.11273,0.11273,0.11273,0.11273,0.1095,0.11273,0.1951,0.11273,0.11273,0.11273,0.1126,0.11273,0.11273,0.11273,1.168,0.5835,0.11273,0.12085,0.11273,0.11273,0.11273,0.257,0.106,0.11273,0.11273,0.11273,0.11273,0.11273,0.3088,0.11273,0.11273,0.11273,0.11273,0.11273,0.12317,0.11273,0.11273,0.253,0.11273,0.1076,0.11273,0.11273,0.11273,0.11273,0.11273,0.11273,0.11273,0.11273,0.11273,0.11273,0.11273,0.915,0.11273,0.11273,0.10846,1.137,0.11273,0.4707,0.11273,0.10486,0.11273,0.11273,1.066,0.11273,0.11273,0.3647,0.11273,0.11273,0.11273,0.4504,1.073,0.11273,0.11273,0.11273,0.11273,0.11273,0.11273,0.342,0.1057,0.11273,0.11273,0.11273,0.11273,0.11273,0.4395,0.11273,0.08716,0.11273,0.649,0.11273,0.11273,0.178,0.11273,0.11273,0.0836,0.11273,0.3948,0.11273,0.11273,0.10297,0.11273,0.11273,0.11273,0.11273,0.1542,0.11273,0.2122,0.11273,0.11273,0.11273,0.11273,0.11273,0.11273,0.7026,0.09894,0.11273,0.11273,0.11273,0.4495,0.11273,0.11273,0.11273,0.11273,0.09973,0.11273,0.11273,0.11273,0.1112,0.11273,0.11273,0.11273,0.11273,0.11273,0.538,0.0989,0.11273,0.11273,0.11273,1.673,0.11273,0.11273,0.994,0.11273,0.11273,0.5127,0.1035,0.11273,1.881,0.11273,0.11273,0.11273,0.10034,0.11273,0.11273,0.11273,0.11273,0.11273,0.11273,0.11273,0.11273,0.11273,0.11273,0.11273,0.11273,0.11273,0.11273,0.10345,0.11273,0.11273,0.3928,0.10266,0.11273,0.11273,0.09644,0.10034,0.11273,0.11273,0.11273,0.11273,0.11273,0.11273,0.11273,0.11273,0.11273,0.11273,0.11273,0.2903,0.11273,0.11273,0.11273,0.11273,0.06256,0.3777,0.09344,0.27,0.11273,0.1034,0.11273,1.156,0.4102,0.11273,0.11273,1.111,0.11273,0.11273,0.0792,0.0907,0.11273,0.771,0.11273,0.1832,0.1505,0.11273,0.11273,0.11273,0.11273,0.09985,0.11273,0.11273,0.1136,0.11273,0.7417,0.10565,0.3232,1.082,0.11273,0.11273,0.11273,0.11273,0.11273,0.11273,0.11273,0.11273,0.11273,0.11273,0.1422,0.11273,0.1033,0.11273,0.11273,0.11273,0.11273,0.098,0.1011,0.11273,0.11273,0.11273,0.11273,0.11273,0.7466,0.287,0.11273,0.11273,0.11273,0.638,0.11273,0.11273,0.11273,0.095,0.07794,0.11273,0.11273,0.4773,0.1125,0.11273,0.11273,0.11273,0.11273,0.10925,0.11273,0.11273,0.11273,0.0979,0.11273,0.34,0.11273,0.1218,0.11273,0.11273,0.11273,0.11273,0.11273,0.11273,0.5,0.11273,0.11273,0.11273,0.11273,0.1473,0.1593,0.1034,0.4773,0.12134,0.11273,0.11273,0.11273,0.11273,0.11273,0.11273,0.134,0.11273,0.11273,0.11273,0.11273,0.312,0.5103,0.11273,0.11273,0.475,0.11273,0.11273,0.10846,0.1141,0.11273,0.11273,0.11273,0.11273,0.11273,0.11273,0.11273,0.2817,0.22,0.0994,0.11273,0.11273,0.11273,0.11273,0.1343,0.11273,0.11273,0.11273,0.838,0.0934,0.11273,0.108,0.614,0.11273,0.11273,0.11273,0.11273,0.11273,0.506,0.11273,0.11273,0.11273,0.11273,0.11273,0.10376,0.11273,0.11273,0.11273,0.11273,0.2228,0.09814,0.2358,0.11273,0.07056,0.11273,0.11273,0.10394,0.11273,0.11273,0.4385,0.11273,0.0931,0.11273,0.10254,0.11273,0.11273,0.11273,0.599,0.11273,0.11273,0.11273,0.11273,0.11273,0.724,0.11273,0.11273,0.11273,0.11273,0.1901,0.0969,0.11273,0.11273,0.11273,0.11273,0.11273,0.1091,0.11273,0.11273,0.11273,0.2137,0.11273,0.11273,0.1123,0.8154,0.11273,0.3198,0.11273,0.11273,0.11273,0.10535,0.11273,0.11273,0.11273,0.11273,0.11273,0.11273,0.11273,0.11804,0.11273,0.11273,0.3293,0.11273,0.1946,0.1605,0.11273,0.11273,0.11273,0.1064,2.191,0.11273,0.11273,0.11273,0.1184,0.11273,0.11273,0.2656,0.11273,0.11273,0.11273,0.1037,0.11273,0.11273,0.11273,0.11395,0.11273,0.11273,0.127,0.11273,0.0777,0.11273,0.9814,0.11273,0.11273,0.11273,0.11273,0.1451,0.11273,0.12244,0.1917,0.11273,1.233,0.11273,0.11273,0.0957,0.1309,0.3074,0.11273,0.11273,0.11273,0.579,1.575,0.0926,0.11273,0.1068,0.11273,0.11273,0.11273,0.11273,0.11273,0.11273,0.11273,0.11273,0.11273,0.473,0.11273,0.11273,0.11273,0.11273,0.11273,0.11273,0.266,0.11273,0.11273,0.11273,0.11273,0.11273,0.3376,0.2466,0.11273,0.11273,0.11273,0.11273,0.11273,0.11273,0.08234,0.11273,0.5635,0.5933,0.11273,0.0939,0.1106,0.1362,0.11273,0.11273,0.11273,0.7964,0.11273,0.11273,0.11273,0.0982,0.11273,0.1799,0.11273,0.423,0.11273,0.11273,0.11273,0.7373,0.11273,0.11273,0.0904,0.478,0.11273,0.11273,0.9673,0.11273,0.11273,0.4382,0.11273,0.11273,0.11273,0.11273,0.11273,1.332,0.1918,0.1466,0.11273,0.11273,0.11273,0.11273,0.2627,0.11273,0.4128,0.11273,0.11273,0.11273,0.11273,0.11273,0.3987,0.11273,0.11273,1.809,0.5083,0.11273,0.11273,0.8213,0.11273,0.4724,0.11273,0.11273,0.08167,0.11273,0.977,0.11273,0.09735,0.11273,0.11273,0.11273,0.4236,0.11273,0.1482,0.803,0.11273,0.1691,0.11273,0.11273,0.11273,0.11273,0.11273,0.11273,0.11273,0.11273,0.0836,0.11273,0.4124,0.11273,1.005,0.11273,0.11273,0.09,0.11273,0.11273,0.2131,0.11273,0.11273,0.11273,0.11273,0.11273,0.11273,0.11273,0.11273,0.11273,0.614,0.11273,0.1261,0.11273,0.11273,0.11273,0.11273,0.1036,0.11273,0.11273,1.727,0.11273,0.11273,0.11273,0.1888,0.11273,0.11273,0.4414,0.11273,0.11273,0.11273,0.11273,0.11273,0.11273,0.10236,0.3506,0.11273,0.11273,0.0984,0.11273,0.11273,0.11273,0.11273,0.11273,0.2507,0.0896,0.11273,0.11066,1.393,0.0991,0.11273,0.11273,0.11273,0.11273,0.11273,0.11273,0.11273,0.11273,0.11273,0.11273,0.11273,0.11273,0.10675,2.14,0.2155,0.11273,0.11273,0.11273,0.11273,0.11273,0.11273,0.1036,0.11273,0.6743,0.4778,0.11273,0.0931,0.3008,0.11273,0.11273,0.11273,0.109,0.3123,0.11273,0.11273,0.1039,0.11273,0.1772,0.11273,0.11273,0.0722,0.11273,0.11273,0.1334,0.0853,0.11273,0.11273,0.11273,0.09924,0.1647,0.10864,0.693,0.2778,0.10443,0.11273,0.1277,0.11273,0.11273,0.11273,0.887,0.1339,0.11273,0.1027,0.11273,0.11273,0.7515,0.11273,0.11273,0.1016,0.11273,0.11273,0.11273,0.11273,0.1567,0.11273,1.194,0.11273,0.11273,0.11273,0.4387,0.11273,0.10425,0.11273,0.11273,0.11273,0.11273,0.0906,0.361,0.727,0.11273,0.11273,0.7153,0.11273,0.11273,0.2426,0.11273,0.11273,0.11273,0.11273,0.11273,0.11273,0.0794,0.538,0.11273,0.11273,0.11273,0.1936,0.11273,0.11273,0.11273,0.11273,0.11273,0.11273,0.11273,0.11273,0.11273,0.4146,0.11273,0.1039,0.11273,0.0941,0.11273,0.11273,0.11273,0.1652,0.1954,0.11273,0.11273,0.11273,0.11273,0.11273,0.4648,0.1212,0.842,0.11273,0.11273,0.11273,1.661,0.11273,0.11273,0.11273,0.11273,0.11273,0.11273,0.11273,0.11273,0.077,0.11273,0.11273,0.11273,0.11273,0.11273,0.11273,0.11273,0.11273,0.11273,0.11273,0.11273,0.11273,0.11273,0.1641,0.1085,0.1659,0.11273,0.1031,0.0853,0.2822,0.11273,0.8877,0.11273,0.11273,0.422,0.11273,0.633,0.3975,0.11273,0.1735,0.11273,0.11273,0.11273,0.11273,0.11273,0.11273,0.0947,0.11273,0.11273,0.11273,0.1205,0.11273,0.1346,0.11273,0.11273,0.11273,0.11273,0.3062,0.183,0.11273,0.6455,0.11273,0.11273,0.4048,0.11273,0.11273,0.1299,0.11273,0.09155,0.11273,0.1897,0.11273,0.11273,0.11273,0.11273,0.2028,0.11273,0.379,0.11273,0.11273,0.11273,0.5684,0.08435,0.11273,0.5947,0.11273,0.3223,0.11273,0.2783,0.11273,0.0595,0.11273,0.11273,0.11273,0.11273,0.11273,0.11273,0.11273,0.11273,0.11273,0.11273,0.11584,0.0906,0.11273,0.11273,0.11273,0.11273,0.11273,0.1505,0.2651,0.11273,0.6455,0.174,0.1768,0.11273,0.11273,0.11273,0.10284,0.10187,0.11273,0.11273,0.11273,0.08813,0.1037,0.11273,0.1076,0.11273,0.11273,0.11273,0.1143,0.11273,0.11273,1.052,0.299,0.5923,0.11273,0.11273,0.11273,0.2448,0.11273,0.11273,0.1085,0.10284,0.11273,0.504,0.1498,0.559,0.11273,0.553,0.156,0.11273,0.11273,0.07495,0.11273,0.0938,0.1108,0.11273,1.008,0.11273,0.11273,0.11273,0.11273,0.10376,0.10614,0.11273,0.11273,1.074,0.11273,0.614,0.09564,0.11273,0.11273,0.11273,0.11273,0.11273,0.11273,0.11273,0.4133,0.11273,0.326,0.11273,0.11273,0.1869,0.11273,0.11273,0.9893,0.1224,0.0964,0.11273,0.1048,0.11273,0.11273,0.11273,0.2114,0.11273,0.11273,0.11273,0.11273,0.11273,0.11273,0.11273,0.0854,0.11273,0.251,0.11273,0.11273,0.11273,0.11273,0.11273,0.532,0.11273,0.1261,0.11273,0.11273,0.11273,0.11273,0.2275,0.10925,0.8765,0.2861,0.1292,0.11273,0.11273,0.0785,0.7495,0.1063,0.668,0.11273,0.117,0.11273,0.11273,0.11273,0.11273,0.11273,0.11273,0.11273,0.11273,0.11273,0.1167,0.11273,0.538,0.11273,0.11273,0.11273,0.11273,0.11273,0.11273,0.11273,0.11273,0.11273,0.11273,0.1082,0.3394,0.11273,1.1045,0.1431,0.1552,0.11273,0.11273,0.11273,0.11273,0.10364,0.10077,0.11273,0.0975,0.11273,0.11273,0.11273,0.11273,0.11273,0.11273,0.0947,0.10895,0.11273,0.07983,0.11273,0.1021,0.11273,0.11273,0.11273,0.11273,0.11273,0.284,0.11273,0.2847,0.813,0.11273,0.1533,0.11273,0.3506,0.11273,0.11273,0.4172,0.11273,0.11273,0.416,0.566,0.11273,0.1052,0.11273,0.11273,0.10583,0.11273,0.11273,0.11273,0.2583,0.11273,0.11273,0.1833,0.1565,0.11273,0.11273,0.11273,0.0981,0.2252,0.11273,0.11273,0.11273,0.11273,0.11273,0.11273,0.11273,0.11273,0.11273,0.4924,0.11273,0.09406,0.0955,0.1351,0.11273,0.11273,0.11273,2.006,0.11273,0.11273,0.11273,0.6836,0.859,0.11273,0.10345,0.4236,0.11273,0.11273,0.11273,0.09607,0.8145,0.5645,0.11273,0.11273,0.11273,0.11273,0.11273,0.11273,0.11273,0.2454,0.11273,0.11273,0.11273,1.15,0.11273,0.11273,0.11273,1.071,0.11273,0.1398,0.11273,0.11273,0.11273,0.9775,0.11273,0.11273,0.414,0.11273,0.1144,0.11273,0.11273,0.0847,0.11273,0.11273,0.10236,0.0907,0.11273,0.11273,0.11273,0.11273,0.11273,0.1242,0.11273,0.11273,0.1054,0.11273,0.11273,0.10925,0.11273,0.11273,0.11273,0.11273,0.11273,0.11273,0.1414,0.10675,0.1226,0.11273,0.11273,0.11273,0.11273,0.11273,0.11273,0.5166,0.1032,0.11273,0.572,0.11273,0.11273,1.154,0.11273,0.09393,0.09076,0.11273,0.11273,0.11273,0.321,0.11273,0.1111,0.11273,0.11273,0.11273,0.3032,0.11273,0.126,0.11273,0.11273,0.11273,0.11273,0.11273,0.11273,0.11273,0.4358,0.1549,0.10535,0.11273,0.11273,0.0924,0.11273,0.11273,0.11273,0.109,0.11273,0.11273,0.11273,0.3606,0.11273,0.10815,0.2064,0.11273,0.11273,0.11273,0.2803,0.11273,0.11273,0.11414,0.11273,0.11273,0.1018,0.11273,1.999,0.11273,0.11273,0.3274,0.11273,0.932,0.11273,0.779,0.11273,0.11273,0.11273,0.11273,0.11273,0.2654,0.11273,0.1065,0.11273,0.11273,0.1117,0.11273,0.11273,0.11273,0.11273,0.7617,1.313,0.11273,0.11273,0.11273,1.297,0.0945,0.368,0.10046,0.11273,0.11273,0.11273,0.11273,0.11273,0.901,0.1072,0.11273,0.11273,0.8896,0.11273,0.11273,0.11273,0.1406,0.11273,0.11273,0.11273,0.11273,0.11273,0.09296,0.11273,0.11273,0.06445,0.11273,0.11273,0.11273,0.11273,0.11273,0.09503,0.11273,0.11273,0.5913,0.11273,0.11273,0.11273,0.11273,0.3865,0.11273,0.11273,0.1154,0.11273,0.11273,0.11273,0.11273,0.11273,0.11273,0.11273,0.27,0.837,0.11273,0.1061,0.11273,0.11273,0.8374,2.32,0.11273,0.11273,0.11273,0.11273,0.1383,0.11273,0.11273,0.11273,0.11273,0.11273,0.11273,0.11273,0.254,0.2231,0.11273,0.11273,0.11273,0.1686,0.1221,0.11273,1.313,0.11273,0.10345,0.11273,0.11273,0.11273,0.11273,0.11273,0.11273,0.11273,0.11273,0.318,0.1841,0.11273,0.09814,0.1103,0.11273,0.11273,0.11273,0.11273,0.09576,0.11273,0.11273,0.11273,0.11273,0.201,0.11273,0.2426,0.11273,0.11273,0.11273,0.4075,0.3213,0.11273,0.1459,0.1469,0.11273,0.1107,0.11273,0.11273,0.11273,0.11273,0.0957,0.4211,0.11273,0.3442,0.4438,0.4216,0.0968,0.11273,0.11273,0.11273,0.11273,0.8633,0.11273,0.2014,0.11273,0.11273,0.11273,0.11273,0.1064,0.11273,0.6953,0.11273,0.286,0.1029,0.855,0.11273,0.102,0.11273,0.1077,0.11273,0.4343,0.2388,0.11273,0.11273,0.11273,0.2092,0.11273,0.11273,0.08636,0.11273,0.11273,0.11273,0.0942,0.11273,0.11273,0.11273,0.11273,1.279,0.11273,0.11273,0.11273,0.11127,0.11273,0.11273,0.11273,0.11273,0.1024,0.11273,0.11273,0.1785,0.11273,0.11273,0.11273,0.11273,0.11273,0.134,0.1041,0.7944,0.11273,0.11273,0.11273,0.1048,0.11273,0.11273,0.1121,0.11273,0.096,0.763,0.11273,0.10895,0.11273,0.11273,0.219,0.2876,0.11273,0.11273,0.11273,0.11273,0.105,0.4946,0.11273,0.11273,0.11273,0.0965,0.11273,0.11273,0.11273,0.11273,0.11273,0.11273,0.11273,0.11273,0.11273,0.11273,0.1127,0.11273,0.0894,0.11273,0.11273,0.11273,0.11273,0.11273,0.11273,0.4663,0.11273,0.11273,0.11273,0.11273,0.753,0.11273,0.0888,0.11273,0.2656,0.11273,0.11273,0.73,0.11273,0.11273,0.09827,0.11273,0.10205,0.11273,0.1224,0.11273,0.11273,0.11273,0.11273,0.11273,0.1096,0.1177,0.11273,0.11273,0.12006,0.11273,0.11273,0.11273,0.11273,0.1142,0.11273,0.11273,0.1711,0.11273,0.1932,0.572,0.11273,0.11273,0.11273,0.10645,0.6074,0.11273,0.1028,0.1729,0.11273,0.11273,0.11273,0.1061,0.11273,0.11273,0.11273,0.11273,0.11273,0.11273,0.11273,0.11273,0.09564,0.1444,1.23,0.11273,0.10364,0.11456,0.11273,1.395,0.1115,0.11273,0.11273,0.1644,0.11273,0.11273,0.11273,0.1516,0.7217,0.11273,0.2114,0.11273,0.11273,0.344,0.1782,0.11273,0.11273,0.11273,0.6147,0.1273,0.079,0.1081,0.11273,0.1086,0.11273,0.11273,1.173,0.11273,0.11273,0.11273,0.406,0.10736,0.9146,0.11273,0.11273,0.1803,0.11273,0.11273,0.11273,0.10376,0.1294,0.1744,0.2864,0.2411,0.11273,0.11273,0.1135,0.11273,0.11273,0.11273,0.132,0.3855,0.11273,0.11273,0.11273,0.11273,0.11273,0.09717,0.11273,0.11273,0.11273,0.6787,0.11273,0.11273,0.1061,0.11273,0.087,0.10754,0.2059,0.11273,0.11273,0.11273,0.11273,0.11273,0.11273,0.11273,0.8823,0.11273,0.11273,0.11273,0.4395,0.6963,0.282,0.1027,0.11273,0.2394,0.11273,0.11273,1.691,0.1037,0.11273,0.11273,0.11273,0.11273,0.11273,0.11273,0.09985,0.11273,0.11273,0.11273,0.11273,0.11273,0.11273,0.11273,0.11273,0.11273,0.11273,0.5566,0.104,0.483,0.11273,0.11273,0.0887,0.11273,0.11273,0.11273,0.2356,0.11273,0.3186,0.0929,0.11273,0.0961,0.0864,0.792,0.1504,0.11273,0.10693,0.11273,0.11273,0.11273,0.0915,0.11273,0.1249,0.11273,0.11273,0.2961,0.11273,0.11273,0.11273,0.1099,0.2133,0.11273,0.11273,0.11273,0.4805,0.613,0.11273,0.11273,0.0958,0.11273,0.11273,0.11273,0.793,0.1663,0.11273,0.1306,0.11273,0.11273,0.2404,0.11273,0.4395,0.11273,0.11273,0.11273,0.11273,0.11273,0.11273,0.11273,0.1043,0.11273,0.2142,0.1025,0.2087,0.11273,0.11273,0.11273,0.11273,0.11273,0.10175,0.11273,0.11273,0.11273,0.11273,0.1647,0.11273,0.11273,0.511,0.0933,0.11273,0.11273,0.2424,0.2925,0.705,0.11273,0.277,0.1522,0.11273,0.11273,0.1005,0.7266,0.11273,0.11273,0.11273,0.0945,0.11273,0.102,0.1114,1.169,0.48,0.11273,0.11273,0.11273,0.11273,0.11273,0.11273,0.2306,0.2908,0.11273,0.11273,0.11273,0.11273,0.11273,0.11273,0.1022,0.11273,0.11273,0.722,0.11273,0.11273,0.657,0.3254,0.11273,0.11273,0.11273,0.2664,0.11273,0.11273,0.11273,0.0544,0.4055,0.8516,0.11273,0.5127,0.11273,0.1832,0.11273,0.11273,0.326,0.11273,0.10956,0.097,0.11273,0.11273,0.11273,0.11273,0.11273,0.423,0.11273,0.1702,0.11273,0.11273,0.11273,0.11273,0.2598,0.11273,0.11273,0.11273,0.11273,0.11273,0.11273,0.11273,0.11273,0.11273,0.11273,0.11273,0.11273,0.11273,0.11273,0.11273,0.1016,0.9526,0.11273,0.11273,0.10913,0.11273,0.1089,0.11273,0.11273,0.214,0.11273,0.11273,0.1178,0.342,0.11273,0.1037,0.11273,0.11273,0.11273,0.11273,0.11273,0.11273,0.11273,0.11273,0.09485,0.1805,0.891,0.11273,0.11273,0.11035,0.376,0.6025,0.11273,0.1976,0.11847,0.11273,0.11273,0.11273,0.11273,0.11273,0.1691,0.11273,0.11273,0.11273,0.11273,0.3118,0.11273,0.11273,0.1107,0.09705,0.11273,0.11273,0.11273,0.11273,0.1082,0.2012,0.11273,0.11273,0.11273,0.1125,0.11273,0.11273,0.11273,0.11273,0.11273,0.11273,0.319,0.11273,0.148,0.5645,0.11273,0.11273,0.11273,0.11273,0.11273,0.11273,0.1394,0.10986,0.11273,0.11273,0.11273,0.11273,0.11273,0.4966,0.11273,0.11273,0.11273,0.11273,0.0807,0.11273,0.11273,0.11273,0.10614,0.08527,0.11273,0.11273,0.11273,0.11273,0.11273,0.11273,0.11273,0.2961,0.11273,0.11273,0.11273,0.11273,0.1882,0.11273,0.11273,0.11273,0.1074,0.11273,0.11273,0.11273,0.1013,0.11273,0.11273,0.1135,0.11273,0.11273,0.11273,1.553,0.11273,0.91,0.2559,0.11273,0.574,0.11273,0.11273,0.2722,0.102,0.11273,0.11273,0.11273,0.11273,0.11273,0.8965,0.11273,0.11273,0.6655,0.0922,0.11273,0.11707,0.11273,0.4128,0.11273,0.11273,0.11273,0.11273,0.11273,0.1032,0.358,0.67,0.11273,0.11273,0.10645,0.11273,0.0963,0.11273,0.11273,0.11273,0.11273,0.1722,0.11273,0.11273,0.3499,0.1765,0.11273,0.11273,0.11273,0.11273,0.11273,0.11273,0.11273,0.2362,0.11273,0.1333,1.085,0.1361,0.11273,0.11273,0.11273,0.10315,0.2998,0.11273,0.11273,0.11273,0.11273,0.11273,0.1396,0.11273,0.11273,0.11273,0.11273,0.11273,0.11273,0.11273,0.11273,0.11273,0.285,0.11273,0.1037,0.11273,0.11273,0.11273,0.1015,0.1377,0.11273,0.11273,0.11273,0.0998,0.11273,0.11273,0.11273,0.6895,0.11273,0.0961,0.10565,0.11273,0.11273,0.11273,0.11273,0.3765,0.11273,0.0971,0.11273,0.11273,0.11273,0.11273,0.11273,0.11273,0.11273,0.11273,0.11273,0.11273,0.2284,0.1061,0.11273,0.11273,0.0897,0.11273,0.1244,0.0936,0.11273,0.1086,0.11273,0.4824,0.11273,0.11273,0.11273,0.2147,0.11273,0.0996,0.9937,0.11273,0.11273,0.0972,0.1655,0.11273,0.1991,0.951,0.803,0.11273,0.1049,0.4841,0.10724,0.11273,0.11273,0.1849,0.11273,0.11273,0.11273,0.11273,0.09674,0.11273,0.09485,0.11273,0.379,0.11273,0.11273,0.11273,0.1049,0.11273,0.0917,0.11273,0.11273,0.11273,0.4395,0.0723,0.1119,0.11273,0.11273,0.11273,1.1045,0.817,0.11273,0.11273,0.11707,0.11273,0.11273,0.4734,0.07733,0.09546,0.11066,0.11273,0.11273,0.11273,0.11273,0.1096,0.484,0.11273,0.5566,0.9536,0.11273,0.1052,0.1458,0.5273,0.11273,0.11273,0.1058,0.786,0.11273,0.11273,0.11273,0.2566,0.11273,0.11273,0.11273,0.11273,0.11273,0.4324,0.11273,0.11273,0.3547,0.11273,0.11273,0.11273,0.11273,0.11273,0.11273,0.11273,0.11273,0.11273,0.11273,0.2296,0.4421,0.11273,0.11273,1.01,0.11273,0.9336,0.0922,0.1036,0.09845,0.11273,0.11273,0.10913,0.11273,0.11273,0.11273,0.2301,0.11273,0.11273,0.11273,0.2537,0.1008,0.11273,0.1098,0.11273,0.11273,0.11273,0.7734,0.11273,0.4167,0.11273,0.11273,0.8555,1.176,0.11273,0.0929,0.11273,0.11273,0.7036,0.3154,0.1252,0.11273,0.11273,0.11273,0.11273,0.11273,0.11273,0.10144,0.11273,0.11273,0.4187,0.11273,0.11273,0.11273,0.11273,0.1016,0.11273,0.3896,0.11273,0.11273,0.1753,0.11273,0.2732,0.09753,0.11273,0.568,0.11273,0.11273,0.11273,0.11273,0.823,0.11273,0.11273,0.11273,0.11273,0.1632,0.11237,0.1311,0.11273,0.11273,0.11273,0.11273,0.1067,0.789,0.6533,0.1112,0.11273,0.11273,0.2216,0.11273,1.365,0.11273,0.11273,0.09,0.1278,0.6724,0.104,0.11273,0.103,0.11273,0.10876,0.11273,0.11273,0.3762,0.11273,0.11273,0.11273,0.11273,0.097,1.099,0.11273,0.11273,0.1074,0.11273,1.219,0.11273,0.11273,0.11273,0.11273,0.10614,0.11273,1.443,0.11273,0.10297,0.11273,0.11273,0.11273,0.1009,0.11273,0.11273,0.11273,0.1038,0.11273,0.11273,0.11273,0.1075,0.11273,0.11273,0.11273,0.11273,0.11273,0.11273,0.11273,0.11273,0.11273,0.11273,0.11273,0.11273,0.2142,0.11273,0.11273,0.11273,0.11273,0.11273,0.3572,0.11273,0.4302,0.11273,0.11273,0.1548,0.0789,0.1086,0.4277,0.1683,0.11273,0.11273,0.11273,0.3335,0.342,0.11273,0.11273,1.154,0.11273,0.11273,1.049,0.11273,0.4368,0.10254,0.11273,0.11273,0.11273,0.1394,0.10535,0.11273,0.11273,0.11273,0.11273,0.11273,0.11273,0.11273,0.11273,0.071,0.11273,0.11273,0.11273,0.11273,0.11273,0.11273,0.11273,0.11273,0.11273,0.564,0.11273,0.08966,0.1649,0.1411,0.11273,0.11273,0.11273,0.0944,0.11273,0.11273,0.11273,0.11273,0.11273,0.11273,0.11273,0.11273,0.11273,0.53,0.11273,0.11273,0.10516,0.07983,0.3545,0.11273,0.11273,0.11273,0.11273,0.11273,0.11273,0.11273,0.0939,0.11273,0.11273,0.11273,0.11273,0.10345,0.344,0.8916,0.11273,0.11273,0.11273,0.1665,0.11273,0.11273,0.11273,0.11273,0.0868,0.11273,0.11273,0.1048,0.11273,0.11273,0.11273,0.11273,0.11273,0.11273,0.11273,0.11273,0.11273,0.1153,0.11273,0.731,0.11273,0.10376,0.11273,0.11273,0.6763,0.11273,0.11273,0.09375,0.11273,0.11273,0.1096,0.11273,0.11273,0.11273,0.11273,0.1022,0.11273,0.1317,0.11273,0.11273,0.11273,0.11273,0.11273,0.11273,0.1083,0.11273,0.11273,0.1031,0.11273,0.11273,0.687,0.1138,0.11273,0.11273,0.11273,0.2385,0.1869,0.1372,0.11273,0.11273,0.11273,0.11273,0.11273,0.0837,0.11273,0.1107,0.11273,0.617,0.11273,0.11273,0.11273,0.11273,0.11273,0.0941,0.11273,0.11273,0.11273,0.8604,0.11273,0.11273,0.11273,0.11273,0.11273,0.11273,0.0991,0.11273,0.11273,0.11273,0.192,0.11273,0.11273,0.11273,0.11273,0.11273,0.11273,0.11273,0.0988,0.1559,0.3303,0.11273,0.169,0.11273,0.11273,0.11273,0.11273,0.11273,0.1902,0.11273,0.2869,0.11273,0.11273,0.1051,0.11273,0.11273,1.055,0.11273,0.9595,0.11273,0.098,0.11273,0.11273,0.1466,0.11273,0.11273,0.11273,0.09186,0.11273,0.11273,0.1114,0.11273,0.11273,0.11273,0.11273,0.1765,0.11273,0.11273,0.1473,1.02,0.11273,0.11273,0.11273,0.0936,0.1577,0.11273,0.256,0.10895,0.2842,0.11273,0.2896,0.3071,0.11273,0.2952,0.1278,0.1101,0.11273,0.11273,0.11273,0.11273,0.11273,0.11273,0.11273,0.11273,0.11273,0.11273,0.4148,0.254,0.11273,0.09735,0.11273,0.1039,0.11273,0.1425,0.11273,0.11273,0.11273,0.09845,0.11273,0.11273,0.11273,0.11273,0.11273,0.11273,0.11273,0.1062,0.11273,0.11273,0.11273,0.11273,0.11273,0.11273,0.11273,0.11273,0.11273,0.11273,0.11273,0.8745,0.11273,0.11804,0.11273,0.226,0.11273,0.11273,0.11273,0.11273,0.10333,0.1079,0.11273,0.11273,0.1122,0.11273,0.11273,0.492,0.11273,0.11273,0.1135,0.11273,0.11273,0.11273,0.11273,0.11273,0.2202,0.11273,0.11273,0.09985,0.11273,0.11273,0.11273,0.2595,0.1317,0.1168,0.11273,0.11273,0.11273,0.11273,0.11273,0.5254,0.195,0.11273,0.0716,0.11273,0.11273,0.11273,0.2524,0.11273,0.45,0.11273,0.11273,0.5186,0.2131,0.11273,0.11273,0.11273,0.11273,0.5444,0.11273,0.11273,0.11273,0.1676,0.11273,0.11273,0.11273,0.11273,0.11273,0.11273,0.11273,0.11273,0.11273,0.729,0.11273,0.11273,0.11273,0.11273,0.11273,0.11273,0.11273,0.11273,0.11273,0.4087,0.11273,0.11273,0.11273,0.11273,0.11273,0.11273,0.11273,0.4426,0.11273,0.11273,0.11273,0.0898,0.11273,0.11273,0.11273,0.11273,0.11273,0.11273,0.11273,0.1014,0.11273,0.11273,0.11273,0.11273,0.11273,0.10284,0.11273,0.11273,0.6216,0.11273,0.11273,0.1431,0.1326,0.11273,0.11273,0.11273,0.1313,0.0982,0.11273,0.0832,0.11273,0.0939,0.1201,0.11273,0.09546,0.11273,0.11273,0.11273,0.11273,0.11273,0.1321,0.11273,0.11273,0.11273,0.11273,0.11273,0.11273,0.11273,0.11273,0.11273,0.11273,0.0933,0.11273,0.11273,0.11273,0.11273,0.11273,0.11273,0.11273,0.11273,0.11273,0.11273,0.11273,0.11273,0.11273,0.1589,0.11273,0.11273,0.10614,0.11273,0.11273,0.11273,0.1131,0.8154,0.1046,0.1644,0.11273,0.6724,0.11273,0.11273,0.11273,0.11273,0.11273,0.11273,0.11273,0.11273,0.10803,1.107,0.1045,0.11273,0.11273,0.0847,0.10785,0.11273,0.11273,0.11273,0.1027,0.617,0.11273,0.11273,0.11273,0.11273,0.1081,0.11273,0.11273,0.11273,0.11273,0.1118,0.1104,0.10443,0.11273,0.2979,0.11273,0.11273,0.11273,0.11273,0.11273,0.11273,0.1017,0.1056,0.11273,0.11273,0.11273,0.11273,0.11273,0.1912,0.11273,0.11273,1.279,0.5854,0.11273,0.4985,0.11273,0.11273,0.11273,0.11273,0.11273,0.6865,0.11273,0.11273,0.07,0.11273,0.11273,0.11273,0.1454,0.837,0.11273,0.11273,0.199,0.11273,0.11273,0.11273,0.11273,1.913,0.1102,0.11273,0.11273,0.11273,0.11273,0.2532,0.528,0.11273,0.11273,0.11273,0.11273,0.11273,0.11273,0.11273,0.10315,0.11273,0.11273,0.11273,0.11273,0.11273,0.11273,0.1048,0.11273,0.0956,0.0955,0.11273,0.11273,0.11273,0.11273,0.1054,0.11273,0.11273,0.1423,0.11273,0.11273,0.6353,0.11273,0.11273,0.11273,0.09656,0.11273,0.1236,0.11273,0.11273,0.1052,0.11273,0.11273,0.11273,0.11273,0.11273,0.408,0.11273,0.5166,0.11273,0.11273,0.11273,0.11273,0.11273,0.11273,0.11273,0.11273,0.1041,0.11273,0.11273,0.11273,0.11273,0.11273,0.11273,0.11273,0.11273,0.11273,0.11273,0.09924,0.11273,0.11273,0.11273,0.11273,0.11273,0.11273,0.11273,0.10236,0.11273,0.11273,0.11273,0.11273,0.11273,0.11273,0.11273,0.09485,0.09576,0.11273,0.11273,0.074,0.11273,1.016,0.7983,0.11273,0.11273,0.11273,0.11273,0.11273,0.11273,0.2203,0.11273,0.11273,0.11273,0.11273,0.10626,0.2803,1.121,0.11273,0.11273,0.11273,0.1268,0.0997,0.11273,0.11273,0.11273,0.1234,1.349,0.11273,0.1061,0.11273,0.131,0.294,0.11273,0.11273,0.11273,0.11273,0.681,0.11273,0.11273,0.0684,0.11273,0.11273,0.1769,0.1178,0.0989,0.11273,0.11273,0.11273,0.152,0.11273,0.11273,0.6123,0.555,0.11273,0.1948,0.1108,0.2986,0.11273,0.11273,0.11273,0.11273,0.11273,0.11273,0.11273,0.11273,0.11273,0.11273,0.10144,0.09827,0.11273,0.11273,0.3657,0.11273,0.094,0.9297,0.11273,0.1431,0.11273,0.11273,0.11273,0.11273,0.11273,0.09796,0.09796,1.494,0.11273,0.11273,0.11273,0.11273,0.11273,0.11273,0.2086,0.11273,0.11694,0.11273,0.11273,0.11273,0.11273,0.268,0.11273,0.11273,0.11273,0.11273,0.1032,0.11273,0.11273,0.11273,0.11273,0.11273,0.11273,0.11273,0.2146,0.11273,0.11273,0.07745,0.11273,0.15,0.11273,0.08264,0.11273,0.098,0.11273,0.11273,0.1079,0.11273,0.11273,0.11273,0.11273,0.1054,0.09625,0.1823,0.11273,0.10156,0.11273,0.11273,0.11273,0.2964,0.11273,0.127,0.11273,0.112,0.11273,0.499,0.1046,0.11273,0.2517
23,0.12036,0.12036,0.4954,0.12036,0.404,1.056,0.12036,0.12036,0.12036,0.12036,0.12036,0.12036,0.12036,0.12036,0.1421,0.12036,0.2201,0.961,0.1058,0.12036,0.12036,0.12036,0.3625,0.12036,0.12036,0.4065,0.12036,0.5713,0.2668,0.06012,0.1173,0.12036,0.1329,0.12036,0.12036,0.11365,0.12036,0.12036,0.12036,0.12036,0.12036,0.12036,0.1317,0.1704,0.12036,0.12036,0.10834,0.12036,0.12036,2.012,0.12036,0.12036,0.10065,0.11304,0.12036,0.9497,0.11835,0.12036,0.2023,0.12036,0.8643,0.12036,0.1348,0.263,0.12036,0.12036,1.0205,0.12036,0.12036,0.12036,0.12036,0.0971,0.12036,0.1122,0.12036,0.8696,0.12036,0.1447,0.12036,0.12036,0.12036,0.12036,0.12036,0.12036,0.1211,0.12036,0.12036,0.12036,0.12036,0.12036,0.12036,0.0967,0.538,0.0878,0.12036,0.1122,0.12036,0.1765,0.0621,0.441,0.12036,0.12036,0.221,0.12036,0.12036,0.12036,0.10693,0.12036,0.1588,0.12036,0.12036,0.12036,0.1051,0.12036,0.12036,1.059,0.1637,0.12036,0.12036,0.12036,0.307,0.12036,0.12036,0.12036,0.12036,0.1731,0.1031,0.12036,0.12036,0.0874,0.12036,0.1798,0.12036,0.1118,0.12036,0.12036,0.12036,0.12036,0.577,0.12036,0.1178,0.12036,0.12036,0.1326,0.12036,0.12036,0.12036,0.12036,0.12036,0.12036,0.12036,0.12036,0.12036,0.12036,0.12036,0.12036,0.12036,0.7373,0.12036,0.1065,0.12036,0.1343,0.12036,0.1268,0.12036,0.12036,0.1166,0.1262,0.12036,0.3528,0.12036,0.12036,0.12036,0.11804,0.2925,0.12036,0.12036,0.2637,0.1998,0.12036,0.12036,0.12036,0.12036,0.12036,0.12036,0.4487,0.12036,0.3716,0.12036,0.1044,0.12036,0.12036,0.12036,0.336,0.0901,0.12036,0.12036,0.12036,1.235,0.12036,0.12036,0.10156,0.12036,1.568,0.1049,0.1283,0.12036,0.12036,0.12036,0.4705,0.12036,0.1107,0.12036,0.12036,0.12036,0.3816,0.12036,0.12036,0.09863,0.12036,0.12036,0.9736,0.437,0.12036,0.12036,0.2766,0.12036,0.12036,0.1128,0.1742,0.3757,0.08655,0.425,0.12036,0.12036,0.12036,0.5747,0.12036,0.1096,0.12036,0.3484,0.12036,0.1103,0.12036,0.12036,0.12036,0.1079,0.12036,0.12036,0.12036,0.12036,0.12036,0.12036,1.382,0.09045,0.329,0.12036,0.12036,0.12036,0.12036,0.12036,0.12036,0.12036,0.12036,0.12036,0.1577,0.12036,0.4268,0.672,0.12036,0.1156,0.12036,0.12036,0.12036,0.12036,0.12036,0.12036,0.12036,0.12036,0.12036,0.12036,0.12036,0.12036,0.1162,0.12036,0.12036,0.12036,0.12036,0.12036,0.1114,0.12036,0.12036,0.12036,0.3394,0.12036,0.12036,0.12036,0.12036,0.12036,0.12036,0.12036,0.1935,0.5483,0.12036,0.1434,0.404,0.12036,0.1133,0.12036,0.12036,0.1915,0.12036,0.12036,0.12036,0.1026,0.2112,0.12036,0.12036,0.12036,1.222,0.12036,0.12036,0.2876,1.406,0.12036,0.12036,0.96,0.12036,0.12036,0.12036,0.12036,0.12036,0.12036,0.12036,0.12036,0.1201,0.5947,0.12036,0.12036,0.12036,0.12036,0.1132,0.209,1.278,0.12036,0.1052,0.12036,0.12036,0.2299,0.12036,0.0793,0.12036,0.12036,0.12036,0.1132,0.209,0.2047,0.12036,0.12036,0.0988,1.057,0.1736,0.12036,0.11255,0.1016,0.12036,0.12036,0.5215,0.738,0.1259,0.12036,0.1066,0.2367,0.12036,0.2072,0.2544,0.12036,0.12036,0.12036,0.729,0.12036,0.12036,0.12036,1.41,0.1105,0.1532,0.12036,0.10876,0.12036,0.12036,0.12036,0.12036,0.12036,0.12036,0.0809,0.12036,0.7695,0.12036,0.3296,0.12036,1.007,0.12036,0.12036,0.12036,0.12036,0.12036,0.2196,0.1146,0.12036,0.12036,0.1102,0.839,0.12036,0.12036,0.12036,0.12036,0.2686,0.12036,0.12036,0.12036,0.12036,0.12036,0.1304,0.12036,0.12036,0.0855,0.12036,0.12036,0.12036,0.12036,0.7495,0.12036,0.12036,0.12036,0.10876,0.12036,0.12036,0.12036,0.552,0.12036,0.12036,0.12036,0.10266,0.09204,0.1192,0.1067,0.07135,0.2009,0.12036,0.12036,0.12036,0.12036,0.1434,0.12036,0.12036,0.12036,0.12036,0.12036,0.08746,0.11523,0.12036,0.12036,0.1902,0.12036,0.12036,0.12036,0.12036,0.12036,0.1334,0.12036,0.12036,0.12036,0.1951,0.12036,0.12036,0.12036,0.09247,0.12036,0.1708,0.12036,0.12036,0.756,0.27,0.12036,0.12036,0.12036,0.12036,0.1141,0.1126,0.12036,0.12036,0.2507,0.2361,0.12036,0.12036,0.12036,0.12036,0.12036,0.12036,0.12036,0.12036,0.12036,0.12036,0.2279,0.12036,0.12036,0.12036,0.227,0.12036,0.12036,0.12036,0.12036,0.2074,0.245,0.1438,0.12036,0.12036,0.12036,0.12036,0.12036,0.1219,0.12036,0.12036,0.848,0.5503,0.12036,0.12036,0.12036,0.12036,0.12036,0.12036,0.12036,0.12036,0.12036,0.12036,0.12036,0.12036,0.12036,0.09186,0.12036,0.12036,0.12036,0.12036,0.12036,0.09924,0.4421,0.1162,0.12036,0.1519,0.595,0.1188,0.12036,0.12036,0.7383,0.12036,0.6113,0.12036,0.12036,0.12036,0.12036,0.12036,0.12036,0.12036,0.12036,0.12036,0.0876,0.12036,0.07526,0.1202,0.12036,0.12036,0.12036,0.12036,0.525,0.10974,0.12036,1.049,0.12036,0.0918,0.12036,0.12036,0.12036,0.1196,0.12036,0.12036,0.12036,0.12036,0.12036,0.1027,0.12036,0.1909,0.1093,0.12036,0.12036,0.12036,0.12036,0.631,0.0909,0.12036,0.12036,0.12036,0.12036,0.12036,0.12036,0.12036,0.1418,0.12036,0.1521,0.08826,0.12036,0.546,0.12036,0.12036,0.08813,0.4248,0.535,0.12036,0.12036,0.2244,0.12036,0.12036,0.12036,0.409,0.08484,0.2189,0.1761,0.12036,0.12036,0.12036,0.1687,0.04883,0.556,0.09717,0.12036,0.12036,0.12036,0.1466,0.3127,0.12036,0.1117,0.12036,0.12036,0.323,0.12036,0.12036,0.12036,0.12036,0.12036,1.183,0.12036,0.12036,0.11206,0.12036,0.332,0.12036,0.675,0.12036,0.12036,0.12036,0.12036,0.2886,0.12036,0.6885,0.12036,0.12036,0.12036,0.12036,0.0958,0.12036,0.6455,0.12036,0.12036,0.12036,0.12036,0.12036,0.12036,0.12036,0.12036,0.1901,0.12036,0.12036,0.12036,0.12036,0.07184,0.406,0.12036,0.12036,0.544,0.12036,0.12036,0.546,0.1179,0.12036,0.12036,0.12036,0.2888,0.12036,0.2693,0.0931,0.12036,0.10944,0.12036,0.12036,0.12036,0.12036,0.12036,0.3584,0.0862,0.12036,0.1262,0.12036,0.5103,0.12036,0.12036,0.12036,0.12036,0.12036,1.382,0.0885,0.12036,0.12036,0.12036,0.936,0.12036,0.12036,0.12036,0.12036,0.1152,0.7,0.12036,0.2217,0.599,0.12036,0.1449,0.12036,0.12036,0.12036,0.08856,0.12036,0.12036,0.12036,0.12036,0.12036,0.12036,0.12036,0.12036,0.4941,0.12036,0.12036,0.12036,0.12036,0.12036,0.5854,0.7065,0.12036,0.12036,0.12036,0.2947,0.12036,0.12036,0.12036,0.758,0.12036,0.12036,0.12036,0.12036,0.12036,0.12036,0.7964,0.12036,0.0993,0.12036,1.001,0.12036,0.1271,0.12036,0.10443,0.12036,0.12036,0.12036,0.12036,0.12036,0.12036,0.4873,0.12036,0.12036,0.312,0.12036,0.12036,0.916,0.12036,0.12036,0.12036,0.12036,0.3875,0.12036,0.12036,0.323,0.12036,0.12036,0.12036,0.12036,0.5884,0.12036,0.12036,0.12036,0.12036,0.12036,0.12036,0.12036,0.12036,0.12036,0.611,0.12036,0.12036,0.12036,0.12036,0.12036,0.12036,1.083,0.12036,0.1908,0.1169,0.12036,1.0625,0.682,0.1152,0.1293,0.12036,0.2113,0.12036,0.12036,0.12036,0.12036,0.9014,0.4456,0.12036,0.12036,0.12036,0.0783,0.10815,0.12036,1.275,0.12036,0.12036,0.12036,0.12036,0.12036,0.11993,0.12036,0.12036,0.12036,0.10956,0.12036,0.12036,0.12036,0.12036,0.12036,0.12036,0.12036,0.568,0.12036,0.12036,0.09375,0.12036,0.07245,0.12036,0.12036,0.12036,0.12036,0.12036,0.12036,0.12036,0.12036,0.12036,0.12036,0.12036,0.12036,0.12036,0.12036,0.12036,0.12036,0.12036,1.126,0.1171,0.298,0.12036,0.1561,0.12036,0.12036,0.11084,0.12036,0.12036,0.8296,0.12036,0.12036,0.12036,0.1941,0.12036,0.12036,0.1111,0.12036,0.5376,0.12036,0.1074,0.12036,0.12036,0.12036,0.1112,0.12036,0.12036,0.1625,0.1123,0.4543,0.11255,0.12036,0.12036,0.12036,0.12036,0.12036,0.12036,0.12036,0.12036,0.12036,0.489,0.12036,0.12036,0.12036,0.12036,0.3704,0.12036,0.12036,0.11615,0.2316,0.12036,0.12036,0.2854,0.12036,0.1586,0.1187,0.12036,0.367,0.12036,0.1151,0.712,0.11017,0.4246,0.2551,0.12036,0.12036,0.12036,0.1239,0.12036,0.05814,0.12036,0.12036,0.12036,0.12036,0.12036,0.09283,0.12036,0.12036,0.2769,0.12036,0.12036,0.917,0.12036,0.3333,0.12036,0.12036,0.12036,0.12036,0.12036,0.12036,0.12036,0.12036,0.11206,0.12036,0.12036,0.12036,0.12036,0.12036,0.12036,0.1125,1.165,0.7446,0.12036,0.3433,0.12036,0.12036,0.12036,0.1959,0.1113,0.12036,0.12036,0.12036,0.12036,0.12036,0.523,0.10724,0.12036,0.12036,0.11206,0.12036,0.1061,0.12036,0.12036,0.4453,0.12036,0.233,0.12036,0.11786,0.12036,0.12036,0.12036,0.12036,0.12036,0.12036,0.12036,0.12036,0.12036,1.047,0.12036,0.12036,0.12036,1.17,0.12036,0.4243,0.12036,0.12476,0.12036,0.12036,0.817,0.12036,0.12036,0.2761,0.12036,0.10785,0.12036,0.7754,0.671,0.12036,0.12036,0.12036,0.12036,0.12036,0.12036,0.1335,0.1125,0.12036,0.12036,0.12036,0.12036,0.12036,0.3936,0.12036,0.446,0.12036,0.6646,0.12036,0.12036,0.1553,0.12036,0.12036,0.1082,0.12036,0.259,0.12036,0.12036,0.1581,0.12036,0.12036,0.12036,0.12036,0.2035,0.12036,0.423,0.12036,0.12036,0.12036,0.12036,0.12036,0.12036,0.6367,0.11005,0.12036,0.12036,0.12036,0.2573,0.12036,0.12036,0.12036,0.12036,0.12036,0.12036,0.12036,0.12036,0.12036,0.12036,0.12036,0.12036,0.12036,0.12036,0.3403,0.12036,0.12036,0.12036,0.12036,1.896,0.12036,0.12036,1.012,0.12036,0.12036,0.6274,0.12036,0.12036,2.3,0.21,0.12036,0.1157,0.1278,0.12036,0.12036,0.12036,0.12036,0.12036,0.12036,0.12036,0.12036,0.12036,0.12036,0.12036,0.12036,0.12036,0.12036,0.12036,0.12036,0.12036,0.2389,0.162,0.12036,0.12036,0.1125,0.10596,0.12036,0.12036,0.12036,0.12036,0.12036,0.12036,0.12036,0.12036,0.12036,0.12036,0.12036,0.1571,0.12036,0.12036,0.12036,0.12036,0.102,0.1367,0.11475,0.1337,0.12036,0.12036,0.12036,0.967,0.4158,0.12036,0.12036,0.717,0.12036,0.12036,0.09564,0.12036,0.12036,0.726,0.12036,0.0827,0.2104,0.12036,0.12036,0.12036,0.12036,0.4707,0.12036,0.12036,0.2593,0.12036,0.774,0.274,0.1009,0.8955,0.12036,0.12036,0.12036,0.12036,0.12036,0.12036,0.12036,0.12036,0.12036,0.12036,0.1067,0.11926,0.12036,0.12036,0.1096,0.12036,0.12036,0.11505,0.07043,0.12036,0.12036,0.12036,0.12036,0.12036,0.4333,0.2563,0.12036,0.12036,0.12036,0.6274,0.12036,0.12036,0.12036,0.1598,0.1073,0.12036,0.12036,0.4216,0.12036,0.1067,0.12036,0.12036,0.12036,0.1124,0.12036,0.12036,0.12036,0.09064,0.12036,0.3035,0.12036,0.1051,0.12036,0.12036,0.12036,0.12036,0.12036,0.12036,0.3884,0.12036,0.12036,0.12036,0.12036,0.1162,0.11316,0.12036,0.712,0.1073,0.12036,0.12036,0.12036,0.12036,0.12036,0.12036,0.12036,0.12036,0.12036,0.12036,0.12036,0.185,0.135,0.12036,0.12036,0.5435,0.12036,0.12036,0.2037,0.3384,0.12036,0.12036,0.12036,0.12036,0.1061,0.1107,0.12036,0.294,0.4775,0.1132,0.12036,0.12036,0.12036,0.12036,0.09717,0.12036,0.12036,0.12036,0.7007,0.10974,0.12036,0.12036,0.274,0.12036,0.12036,0.12036,0.12036,0.12036,0.3682,0.12036,0.12036,0.1193,0.12036,0.3035,0.11145,0.12036,0.12036,0.12036,0.12036,0.3306,0.1201,0.1307,0.12036,0.282,0.115,0.12036,0.1337,0.12036,0.12036,0.5977,0.12036,0.1144,0.12036,0.1231,0.12036,0.12036,0.12036,0.286,0.12036,0.0733,0.12036,0.12036,0.12036,0.8823,0.1255,0.12036,0.12036,0.12036,0.1395,0.3103,0.12036,0.12036,0.12036,0.1187,0.0964,0.12036,0.12036,0.12036,0.12036,0.1415,0.1099,0.12036,0.12036,0.5557,0.12036,0.3835,0.12036,0.1521,0.12036,0.1133,0.12036,0.12036,0.12036,0.12036,0.12036,0.12036,0.12036,0.11676,0.12036,0.12036,0.235,0.12036,0.1044,0.1506,0.12036,0.12036,0.12036,0.12036,1.995,0.12036,0.12036,0.12036,0.1268,0.12036,0.12036,0.1826,0.12036,0.12036,0.12036,0.12036,0.12036,0.12036,0.12036,0.12036,0.12036,0.12036,0.2424,0.12036,0.431,0.12036,1.374,0.12036,0.12036,0.12036,0.12036,0.0996,0.12036,0.12036,0.4563,0.12036,1.215,0.12036,0.12036,0.2502,0.157,0.337,0.12036,0.12036,0.12036,0.3533,1.51,0.03656,0.12036,0.12036,0.12036,0.12036,0.12036,0.12036,0.12036,0.12036,0.12036,0.1973,0.12036,0.395,0.12036,0.12036,0.12036,0.12036,0.12036,0.12036,0.1481,0.12036,0.12036,0.081,0.12036,0.12036,0.1821,0.1992,0.12036,0.12036,0.12036,0.1133,0.12036,0.12036,0.08386,0.12036,0.631,0.3572,0.12036,0.2069,0.12036,0.0956,0.12036,0.12036,0.12036,0.7505,0.12036,0.12036,0.12036,0.0849,0.12036,0.2722,0.12036,0.5015,0.12036,0.12036,0.12036,1.09,0.12036,0.12036,0.1205,0.691,0.12036,0.12036,0.644,0.1041,0.12036,0.6777,0.12036,0.12036,0.12036,0.1109,0.12036,0.993,0.2482,0.3093,0.09985,0.295,0.12036,0.12036,0.1931,0.12036,0.4558,0.12036,0.0964,0.12036,0.12036,0.12036,0.4548,0.12036,0.12036,1.82,0.1371,0.12036,0.12036,1.046,0.12036,0.5747,0.12036,0.12036,0.11285,0.12036,0.8403,0.12036,0.10956,0.0914,0.12036,0.12036,0.155,0.1007,0.12036,1.054,0.12036,0.2081,0.12036,0.12036,0.12036,0.12036,0.12036,0.12036,0.12036,0.12036,0.1094,0.12036,0.505,0.12036,0.9805,0.12036,0.12036,0.1179,0.12036,0.12036,0.0834,0.12036,0.12036,0.12036,0.12036,0.12036,0.12036,0.12036,0.12036,0.12036,0.495,0.12036,0.1842,0.12036,0.12036,0.12036,0.12036,0.1172,0.12036,0.12036,1.735,0.12036,0.12036,0.12036,0.12036,0.12036,0.12036,0.277,0.12036,0.12036,0.12036,0.12036,0.12036,0.12036,0.113,0.501,0.12036,0.12036,0.08057,0.12036,0.12036,0.12036,0.1243,0.12036,0.3613,0.10516,0.12036,0.12036,1.391,0.09393,0.12036,0.12036,0.12036,0.12036,0.12036,0.12036,0.12036,0.12036,0.11664,0.12036,0.12036,0.12036,0.12036,2.375,0.55,0.12036,0.12036,0.12036,0.116,0.12036,0.12036,0.3052,0.12036,0.932,0.43,0.12036,0.1174,0.484,0.12036,0.12036,0.12036,0.12036,0.09717,0.11346,0.12036,0.2269,0.12036,0.1443,0.12036,0.12036,0.12036,0.12036,0.12036,0.10706,0.1069,0.12036,0.12036,0.11566,0.12036,0.648,0.12036,0.908,0.2119,0.10693,0.12036,0.0971,0.12036,0.12036,0.12036,0.974,0.1637,0.11,0.071,0.12036,0.12036,0.597,0.12036,0.11444,0.1077,0.12036,0.12036,0.12036,0.09753,0.652,0.12036,1.477,0.12036,0.12036,0.12036,0.3035,0.12036,0.1193,0.12036,0.12036,0.12036,0.12036,0.1875,0.4932,0.531,0.12036,0.12036,0.7393,0.12036,0.12036,0.2203,0.12036,0.12036,0.1121,0.12036,0.12036,0.12036,0.1122,0.601,0.12036,0.12036,0.12036,0.5405,0.12036,0.12036,0.12036,0.12036,0.1272,0.12036,0.12036,0.12036,0.12036,0.1302,0.12036,0.1094,0.12036,0.1404,0.12036,0.12036,0.0944,0.1484,0.2566,0.12036,0.12036,0.12036,0.12036,0.12036,0.287,0.2437,1.035,0.12036,0.12036,0.09955,1.764,0.12036,0.12036,0.12036,0.09247,0.12036,0.12036,0.12036,0.12036,0.10315,0.12036,0.12036,0.12036,0.12036,0.12036,0.12036,0.12036,0.12036,0.12036,0.12036,0.12036,0.12036,0.12036,0.278,0.1461,0.1384,0.12036,0.1119,0.1775,0.1943,0.12036,0.9365,0.12036,0.12036,0.55,0.12036,0.546,0.534,0.12036,0.186,0.12036,0.12036,0.12036,0.12036,0.12036,0.12036,0.12036,0.12036,0.12036,0.12036,0.2303,0.12036,0.0773,0.12036,0.12036,0.12036,0.1256,0.2944,0.1292,0.12036,0.4365,0.12036,0.12036,0.3445,0.12036,0.12036,0.2255,0.12036,0.12036,0.12036,0.5415,0.12036,0.12036,0.12036,0.12036,0.1792,0.12036,0.191,0.12036,0.12036,0.12036,0.5938,0.12036,0.12036,0.6514,0.12036,0.2186,0.12036,0.3625,0.12036,0.1294,0.12036,0.12036,0.12036,0.12036,0.12036,0.12036,0.12036,0.12036,0.12036,0.12036,0.1694,0.1382,0.12036,0.12036,0.12036,0.1124,0.12036,0.12036,0.2045,0.12036,0.4272,0.12427,0.1058,0.12036,0.12036,0.12036,0.12036,0.12036,0.12036,0.10205,0.12036,0.1031,0.12036,0.12036,0.1965,0.12036,0.12036,0.11426,0.0887,0.12036,0.12036,1.472,0.6777,0.7188,0.12036,0.12036,0.12036,0.1764,0.12036,0.12036,0.0925,0.12036,0.12036,0.4868,0.10046,0.587,0.12036,0.4866,0.2703,0.10693,0.117,0.12036,0.12036,0.4248,0.11993,0.12036,1.25,0.12036,0.12036,0.12036,0.12036,0.11835,0.10455,0.12036,0.12036,1.325,0.12036,0.8433,0.1688,0.12036,0.12036,0.12036,0.12036,0.12036,0.12036,0.12036,0.1863,0.12036,0.3938,0.12036,0.12036,0.0897,0.12036,0.12036,1.046,0.1915,0.1327,0.12036,0.11414,0.12036,0.12036,0.12036,0.3845,0.12036,0.1132,0.12036,0.12036,0.12036,0.12036,0.12036,0.10944,0.12036,0.4739,0.12036,0.12036,0.12036,0.12036,0.12036,0.2695,0.12036,0.12036,0.12036,0.12036,0.12036,0.12036,0.6064,0.159,1.016,0.0571,0.2246,0.12036,0.12036,0.1133,0.8135,0.12036,0.4485,0.12036,0.1296,0.12036,0.12036,0.12036,0.12036,0.12036,0.12036,0.12036,0.12036,0.12036,0.11115,0.12036,0.443,0.12036,0.12036,0.11816,0.12036,0.12036,0.12036,0.12036,0.12036,0.12036,0.12036,0.1732,0.3508,0.1153,1.166,0.11273,0.11597,0.12036,0.12036,0.12036,0.12036,0.12036,0.1365,0.12036,0.1191,0.12036,0.12036,0.12036,0.12036,0.1148,0.12036,0.11084,0.12036,0.12036,0.2426,0.12036,0.05978,0.12036,0.12036,0.12036,0.12036,0.12036,0.2413,0.12036,0.11676,0.7734,0.12036,0.3975,0.12036,0.5234,0.12036,0.12036,0.664,0.12036,0.12036,0.686,0.531,0.12036,0.08405,0.12036,0.12036,0.104,0.12036,0.12036,0.12036,0.3218,0.12036,0.12036,0.0941,0.3882,0.12036,0.12036,0.12036,0.363,0.6265,0.12036,0.12036,0.12036,0.12036,0.12036,0.12036,0.12036,0.12036,0.12036,0.494,0.12036,0.306,0.11755,0.1672,0.12036,0.12036,0.12036,2.146,0.12036,0.1122,0.12036,0.927,1.075,0.12036,0.1069,0.777,0.12036,0.1112,0.12036,0.10333,0.4453,0.7417,0.12036,0.12036,0.12036,0.12036,0.12036,0.12036,0.12036,0.2795,0.12036,0.12036,0.12036,0.891,0.12036,0.12036,0.12036,0.866,0.12036,0.2019,0.12036,0.12036,0.12036,0.92,0.12036,0.12036,0.2786,0.10425,0.12036,0.12036,0.12036,0.11505,0.12036,0.12036,0.11957,0.1383,0.12036,0.12036,0.12036,0.12036,0.12036,0.09863,0.12036,0.12036,0.1324,0.12036,0.12036,0.11365,0.12036,0.12036,0.12036,0.12036,0.11,0.12036,0.1063,0.099,0.09955,0.1178,0.12036,0.12036,0.12036,0.12036,0.12036,0.713,0.225,0.12036,0.8154,0.12036,0.12036,0.681,0.12036,0.349,0.1079,0.1076,0.12036,0.12036,0.232,0.12036,0.12036,0.12036,0.12036,0.12036,0.5737,0.12036,0.0801,0.12036,0.12036,0.12036,0.12036,0.12036,0.12036,0.12036,0.255,0.1733,0.1205,0.12036,0.12036,0.1012,0.12036,0.12036,0.12036,0.12036,0.12036,0.12036,0.12036,0.387,0.12036,0.1445,0.1823,0.12036,0.12036,0.12036,0.3499,0.12036,0.12036,0.12036,0.12036,0.12036,0.11365,0.12036,2.303,0.12036,0.12036,0.3523,0.12036,0.6953,0.1032,0.7695,0.12036,0.12036,0.12036,0.12036,0.12036,0.09766,0.12036,0.12036,0.12036,0.12036,0.12036,0.12036,0.12036,0.12036,0.12036,0.707,1.883,0.12036,0.12036,0.12036,1.199,0.12036,0.236,0.1837,0.12036,0.12036,0.12036,0.12036,0.12036,0.9497,0.1149,0.12036,0.12036,0.6064,0.12036,0.12036,0.12036,0.1998,0.12036,0.12036,0.12036,0.12036,0.12036,0.10095,0.12036,0.12036,0.0781,0.12036,0.12036,0.12036,0.12036,0.12036,0.12036,0.12036,0.115,0.5996,0.12036,0.12036,0.12036,0.12036,0.289,0.12036,0.12036,0.161,0.12036,0.12036,0.12036,0.12036,0.12036,0.12036,0.12036,0.2825,0.866,0.12036,0.10126,0.12036,0.12036,0.3884,2.209,0.12036,0.12036,0.12036,0.10114,0.1185,0.12036,0.12036,0.12036,0.12036,0.12036,0.12036,0.12036,0.359,0.271,0.12036,0.12036,0.12036,0.2163,0.1102,0.12036,0.9473,0.12036,0.0599,0.12036,0.12036,0.12036,0.12036,0.12036,0.12036,0.12036,0.12036,0.1919,0.1175,0.12036,0.08606,0.12036,0.12036,0.12036,0.12036,0.12036,0.1169,0.12036,0.12036,0.12036,0.12036,0.2115,0.12036,0.1897,0.12036,0.12036,0.12036,0.3953,0.3599,0.12036,0.1132,0.2294,0.12036,0.12036,0.12036,0.12036,0.12036,0.12036,0.09796,0.4128,0.12036,0.5273,0.3647,0.3145,0.0987,0.12036,0.1111,0.12036,0.12036,1.151,0.11914,0.2542,0.12036,0.12036,0.12036,0.12036,0.12036,0.12036,0.6187,0.12036,0.0986,0.1305,0.791,0.12036,0.1089,0.12036,0.07855,0.12036,0.3518,0.2788,0.12036,0.1058,0.12036,0.463,0.12036,0.12036,0.12036,0.12036,0.12036,0.12036,0.12036,0.12036,0.12036,0.12036,0.11145,1.075,0.12036,0.12036,0.12036,0.11035,0.12036,0.12036,0.12036,0.12036,0.204,0.12036,0.12036,0.4639,0.12036,0.12036,0.12036,0.12036,0.12036,0.11816,0.12036,1.002,0.12036,0.12036,0.12036,0.10785,0.12036,0.12036,0.1107,0.12036,0.1276,0.6274,0.111,0.12036,0.12036,0.11194,0.09155,0.1902,0.12036,0.12036,0.12036,0.12036,0.12036,0.7305,0.12036,0.12036,0.12036,0.1075,0.12036,0.12036,0.12036,0.12036,0.12036,0.12036,0.12036,0.12036,0.12036,0.12036,0.1133,0.12036,0.09485,0.12036,0.12036,0.12036,0.12036,0.12036,0.1143,0.3865,0.12036,0.12036,0.12036,0.10706,0.5093,0.12036,0.3013,0.12036,0.3926,0.12036,0.12036,0.887,0.12036,0.12036,0.1426,0.12036,0.1003,0.12036,0.12036,0.12036,0.12036,0.12036,0.12036,0.12036,0.10657,0.12036,0.12036,0.12036,0.1038,0.12036,0.12036,0.12036,0.12036,0.1866,0.12036,0.12036,0.1388,0.12036,0.2712,0.4204,0.12036,0.12036,0.12036,0.1163,0.8013,0.12036,0.1364,0.10864,0.12036,0.12036,0.12036,0.12036,0.12036,0.12036,0.12036,0.12036,0.12036,0.12036,0.12036,0.12036,0.1353,0.322,1.139,0.12036,0.12036,0.0932,0.12036,1.597,0.12036,0.1626,0.12036,0.429,0.12036,0.12036,0.12036,0.0951,0.555,0.12036,0.504,0.12036,0.12036,0.1895,0.244,0.12036,0.12036,0.12036,0.8096,0.1433,0.12225,0.12036,0.12036,0.11255,0.12036,0.12036,0.9624,0.12036,0.12036,0.12036,0.4438,0.2195,0.937,0.12036,0.12036,0.095,0.12036,0.12036,0.1184,0.11304,0.10785,0.12036,0.1844,0.10956,0.12036,0.12036,0.0936,0.12036,0.12036,0.12036,0.07666,0.4595,0.12036,0.12036,0.12036,0.12036,0.12036,0.1114,0.12036,0.12036,0.116,0.2822,0.12036,0.12036,0.12036,0.12036,0.1164,0.08105,0.09955,0.12036,0.12036,0.12036,0.11206,0.12036,0.12036,0.12036,1.084,0.12036,0.12036,0.12036,0.1897,0.9707,0.4387,0.12036,0.12036,0.10333,0.12036,0.12036,1.878,0.12036,0.12036,0.12036,0.0991,0.12036,0.12036,0.12036,0.12036,0.12036,0.12036,0.12036,0.12036,0.12036,0.12036,0.12036,0.12036,0.12036,0.0873,0.821,0.12036,0.3027,0.12036,0.12036,0.11475,0.12036,0.12036,0.12036,0.4277,0.12036,0.333,0.1292,0.12036,0.2944,0.12036,0.375,0.12036,0.12036,0.12036,0.12036,0.12036,0.10565,0.0996,0.12036,0.43,0.12036,0.12036,0.4312,0.12036,0.12036,0.12036,0.12036,0.167,0.12036,0.12036,0.12036,0.1989,0.7417,0.11053,0.12036,0.12036,0.12036,0.12036,0.12036,0.7603,0.1326,0.12036,0.10785,0.12036,0.12036,0.1278,0.12036,0.3196,0.12036,0.12036,0.12036,0.12036,0.12036,0.10223,0.12036,0.2073,0.12036,0.2253,0.2041,0.1392,0.12036,0.12036,0.12036,0.12036,0.12036,0.12036,0.12036,0.12036,0.12036,0.12036,0.1466,0.10114,0.12036,0.417,0.12036,0.12036,0.12036,0.12317,0.604,0.547,0.12036,0.07166,0.1227,0.12036,0.12036,0.12036,1.312,0.12036,0.12036,0.12036,0.12036,0.12036,0.1071,0.12036,1.411,0.503,0.12036,0.12036,0.12036,0.12036,0.12036,0.12036,0.1654,0.475,0.12036,0.12036,0.12036,0.12036,0.12036,0.12036,0.1462,0.12036,0.12036,0.908,0.12036,0.12036,1.039,0.337,0.12036,0.1335,0.12036,0.2715,0.12036,0.12036,0.12036,0.11176,0.5366,0.861,0.12036,1.007,0.12036,0.10175,0.12036,0.12036,0.4924,0.11487,0.1095,0.12036,0.12036,0.12036,0.1054,0.12036,0.12036,0.674,0.12036,0.2505,0.12036,0.12036,0.12036,0.1143,0.12036,0.12036,0.12036,0.12036,0.12036,0.12036,0.12036,0.12036,0.12036,0.12036,0.12036,0.12036,0.12036,0.12036,0.10315,0.12036,0.11725,0.847,0.12036,0.12036,0.2461,0.12036,0.11005,0.12036,0.12036,0.2761,0.12036,0.12036,0.11566,0.4116,0.12036,0.1621,0.12036,0.12036,0.12036,0.12036,0.12036,0.12036,0.12036,0.12036,0.11847,0.236,0.6714,0.12036,0.1104,0.09216,0.7676,0.601,0.12036,0.1262,0.3105,0.12036,0.12036,0.12036,0.12036,0.1056,0.10126,0.12036,0.12036,0.12036,0.12036,0.4258,0.12036,0.12036,0.1135,0.2515,0.12036,0.12036,0.12036,0.12036,0.0925,0.12225,0.12036,0.12036,0.12036,0.3992,0.12036,0.12036,0.12036,0.12036,0.12036,0.12036,0.674,0.12036,0.2225,0.6577,0.12036,0.12036,0.12036,0.12036,0.12036,0.12036,0.08594,0.12036,0.12036,0.12036,0.12036,0.12036,0.12036,0.6553,0.12036,0.12036,0.12036,0.12036,0.1195,0.12036,0.12036,0.12036,0.11646,0.249,0.12036,0.12036,0.12036,0.12036,0.12036,0.12036,0.12036,0.511,0.12036,0.1071,0.12036,0.12036,0.08636,0.12036,0.10913,0.12036,0.11676,0.12036,0.12036,0.12036,0.11304,0.12036,0.12036,0.18,0.12036,0.12036,0.12036,1.606,0.12036,0.815,0.1185,0.12036,0.543,0.12036,0.12036,0.552,0.12036,0.12036,0.12036,0.12036,0.0973,0.12036,0.7495,0.1046,0.12036,0.923,0.10394,0.12036,0.4053,0.12036,0.6025,0.12036,0.11206,0.12036,0.12036,0.1145,0.1159,0.1556,0.7095,0.12036,0.12036,0.1234,0.12036,0.07324,0.12036,0.12036,0.12036,0.12036,0.2333,0.12036,0.12036,0.296,0.1682,0.12036,0.12036,0.12036,0.12036,0.12036,0.12036,0.12036,0.2396,0.12036,0.1087,0.8765,0.1406,0.12036,0.12036,0.12036,0.0954,0.585,0.12036,0.12036,0.12036,0.12036,0.12036,0.185,0.12036,0.12036,0.12036,0.12036,0.12036,0.12036,0.12036,0.0828,0.12036,0.08746,0.12036,0.12036,0.12036,0.12036,0.12036,0.3167,0.1012,0.12036,0.12036,0.12036,0.1759,0.12036,0.10864,0.1202,0.6294,0.12036,0.1827,0.132,0.12036,0.12036,0.12036,0.12036,0.65,0.1134,0.0923,0.12036,0.12036,0.12036,0.12036,0.1757,0.11755,0.1081,0.12036,0.12036,0.12036,0.2756,0.0997,0.12036,0.12036,0.12036,0.12036,0.12036,0.125,0.14,0.12036,0.12036,0.4905,0.12036,0.12036,0.12036,0.0887,0.12036,0.08344,0.7803,0.12036,0.12036,0.1177,0.2382,0.12036,0.1069,0.6235,0.736,0.12036,0.12036,0.3809,0.11035,0.12036,0.11,0.2386,0.12036,0.12036,0.12036,0.12036,0.1378,0.0793,0.12036,0.3203,0.1637,0.12036,0.12036,0.12036,0.126,0.12036,0.1832,0.12036,0.12036,0.12036,0.531,0.2192,0.11914,0.12036,0.12036,0.12036,1.144,0.647,0.12036,0.12036,0.12036,0.12036,0.12036,0.387,0.2756,0.113,0.10284,0.12036,0.10895,0.12036,0.12036,0.12036,0.3154,0.12036,0.913,0.988,0.12036,0.143,0.3228,0.632,0.12036,0.12036,0.12036,0.86,0.12036,0.12036,0.12036,0.2761,0.12036,0.12036,0.12036,0.12036,0.12036,0.1757,0.12036,0.12036,0.5737,0.12036,0.12036,0.11365,0.12036,0.12036,0.12036,0.12036,0.12036,0.12036,0.12036,0.2162,0.3027,0.12036,0.12036,1.099,0.12036,0.8213,0.2708,0.12036,0.07904,0.12036,0.12036,0.1737,0.12036,0.12036,0.12036,0.3984,0.1276,0.12036,0.12036,0.2659,0.09705,0.12036,0.1586,0.12036,0.12036,0.12036,1.038,0.12036,0.3474,0.12036,0.12036,0.5024,1.036,0.12036,0.10986,0.12036,0.12036,0.7593,0.5825,0.12036,0.12036,0.12036,0.12036,0.12036,0.12036,0.12036,0.0898,0.12036,0.12036,0.791,0.12036,0.12036,0.12036,0.10803,0.0879,0.12036,0.501,0.12036,0.12036,0.1741,0.12036,0.605,0.12036,0.12036,0.4424,0.12036,0.12036,0.12036,0.12036,1.211,0.12036,0.12036,0.1797,0.12036,0.1582,0.0772,0.1277,0.12036,0.12036,0.12036,0.12036,0.1718,0.7085,0.4011,0.1006,0.12036,0.12036,0.1943,0.12036,1.264,0.12036,0.12036,0.12036,0.1095,0.7173,0.1875,0.12036,0.1201,0.12036,0.12036,0.12036,0.12036,0.546,0.12036,0.12036,0.12036,0.12036,0.1028,1.088,0.12036,0.12036,0.10767,0.12036,1.34,0.12036,0.12036,0.12036,0.12036,0.1506,0.12036,1.315,0.12036,0.12036,0.12036,0.12036,0.12036,0.1096,0.12036,0.12036,0.12036,0.1324,0.12036,0.12036,0.12036,0.1178,0.12036,0.12036,0.12036,0.12036,0.12036,0.12036,0.12036,0.12036,0.12036,0.12036,0.12036,0.12036,0.2842,0.12036,0.12036,0.12036,0.12036,0.12036,0.1896,0.12036,0.1707,0.12036,0.12036,0.4417,0.11365,0.12103,0.5146,0.468,0.12036,0.12036,0.12036,0.2323,0.2289,0.12036,0.12036,0.8687,0.09485,0.1101,1.05,0.12036,0.6816,0.10693,0.12036,0.1169,0.12036,0.221,0.12036,0.12036,0.12036,0.12036,0.12036,0.12036,0.12036,0.12036,0.12036,0.08997,0.12036,0.12036,0.12036,0.12036,0.12036,0.12036,0.12036,0.12036,0.0843,0.3896,0.12036,0.1313,0.0791,0.3132,0.12036,0.12036,0.12036,0.12036,0.12036,0.12036,0.12036,0.12036,0.12036,0.12036,0.12036,0.12036,0.12036,0.5503,0.12036,0.12036,0.12036,0.0931,0.3875,0.12036,0.12036,0.12036,0.12036,0.12036,0.12036,0.12036,0.11835,0.12036,0.12036,0.12036,0.12036,0.1015,0.1505,1.373,0.12036,0.12036,0.12036,0.156,0.12036,0.12036,0.12036,0.12036,0.12036,0.12036,0.139,0.12036,0.12036,0.12036,0.12036,0.12036,0.12036,0.12036,0.12274,0.12036,0.12036,0.095,0.12036,0.765,0.12036,0.05496,0.12036,0.12036,0.7817,0.12036,0.12036,0.12036,0.12036,0.12036,0.1124,0.12036,0.12036,0.12036,0.12036,0.1382,0.12036,0.1722,0.12036,0.12036,0.12036,0.1079,0.12036,0.12036,0.10876,0.12036,0.12036,0.3455,0.12036,0.12036,0.6904,0.1097,0.12036,0.12036,0.12036,0.5376,0.10443,0.339,0.12036,0.12036,0.12036,0.12036,0.12036,0.5405,0.12036,0.12036,0.12036,0.361,0.12036,0.12036,0.12036,0.12036,0.12036,0.12036,0.12036,0.12036,0.12036,1.25,0.12036,0.12036,0.12036,0.12036,0.12036,0.12036,0.2878,0.12036,0.12036,0.12036,0.153,0.1241,0.12036,0.12036,0.12036,0.12036,0.12036,0.12036,0.12036,0.2094,0.4558,0.12036,0.1304,0.12036,0.12036,0.12036,0.12036,0.12036,0.1733,0.12036,0.229,0.12036,0.12036,0.1746,0.11224,0.12036,0.9897,0.12036,0.822,0.12036,0.1039,0.12036,0.12036,0.6187,0.12036,0.12036,0.12036,0.1274,0.12036,0.12036,0.12036,0.12036,0.12036,0.12036,0.12036,0.234,0.12036,0.12036,0.3489,1.164,0.1192,0.12036,0.12036,0.12036,0.0839,0.12036,0.1467,0.12036,0.09174,0.12036,0.1825,0.1038,0.12036,0.289,0.1597,0.1159,0.12036,0.12036,0.12036,0.12036,0.12036,0.12036,0.12036,0.12036,0.12036,0.12036,0.3315,0.1661,0.12036,0.1395,0.12036,0.12036,0.12036,0.1509,0.12036,0.12036,0.12036,0.09125,0.12036,0.12036,0.12036,0.1142,0.12036,0.12036,0.12036,0.12036,0.12036,0.12036,0.12036,0.12036,0.12036,0.12036,0.12036,0.12036,0.12036,0.12036,0.12036,0.8203,0.12036,0.2703,0.12036,0.2484,0.12036,0.12036,0.12036,0.12036,0.09717,0.11096,0.12036,0.12036,0.1247,0.12036,0.12036,0.528,0.12036,0.12036,0.1681,0.12036,0.12036,0.12036,0.1604,0.12036,0.2393,0.12036,0.12036,0.1127,0.12036,0.12036,0.12036,0.08026,0.1938,0.10144,0.12036,0.12036,0.12036,0.12036,0.12036,0.758,0.2146,0.12036,0.10516,0.08234,0.12036,0.12036,0.1422,0.1936,0.6777,0.12036,0.12036,0.291,0.2074,0.12036,0.12036,0.12036,0.1632,0.564,0.12036,0.11395,0.12036,0.421,0.12036,0.12036,0.12036,0.12036,0.12036,0.12036,0.12036,0.12036,0.12036,0.9263,0.12036,0.12036,0.12036,0.12036,0.12036,0.12036,0.12036,0.12036,0.1165,0.214,0.12036,0.12036,0.12036,0.12036,0.12036,0.1194,0.12036,0.2742,0.12036,0.1036,0.12036,0.1925,0.12036,0.12036,0.12036,0.12036,0.10736,0.12036,0.12036,0.10925,0.12036,0.12036,0.12036,0.12036,0.12036,0.1049,0.12036,0.12036,0.509,0.12036,0.12036,0.2036,0.1183,0.12036,0.12036,0.12036,0.1115,0.11945,0.12036,0.12036,0.12036,0.1181,0.08826,0.12036,0.1055,0.12036,0.12036,0.12036,0.12036,0.09955,0.2705,0.1066,0.12036,0.12036,0.12036,0.12036,0.12036,0.1075,0.12036,0.12036,0.12036,0.12036,0.12036,0.12036,0.12036,0.12036,0.12036,0.12036,0.2695,0.12036,0.12036,0.12036,0.12036,0.12036,0.12036,0.2976,0.12036,0.12036,0.10834,0.12036,0.12036,0.12036,0.0971,0.766,0.2285,0.1298,0.12036,0.933,0.12036,0.12036,0.12036,0.12036,0.12036,0.12036,0.12036,0.12036,0.12036,0.8735,0.2292,0.12036,0.12036,0.11365,0.12036,0.12036,0.12036,0.12036,0.12036,0.519,0.12036,0.12036,0.12036,0.12036,0.12036,0.12036,0.12036,0.12036,0.12036,0.12036,0.107,0.12036,0.12036,0.1356,0.12036,0.12036,0.12036,0.12036,0.12036,0.12036,0.1368,0.11304,0.12036,0.12036,0.12036,0.12036,0.145,0.11365,0.12036,0.12036,0.91,0.3516,0.12036,0.4575,0.12036,0.12036,0.12036,0.12036,0.12036,0.7554,0.1039,0.12036,0.256,0.12036,0.12036,0.1096,0.0881,0.7754,0.12036,0.12036,0.1153,0.12036,0.12036,0.12036,0.12036,1.837,0.112,0.12036,0.12036,0.12036,0.12036,0.61,0.519,0.12036,0.12036,0.12036,0.12036,0.12036,0.12036,0.12036,0.0985,0.12036,0.12036,0.12036,0.12036,0.12036,0.12036,0.1186,0.12036,0.12036,0.12036,0.12036,0.12036,0.12036,0.12036,0.12036,0.12036,0.12036,0.2026,0.12036,0.12036,0.7266,0.12036,0.12036,0.12036,0.1484,0.1128,0.0901,0.12036,0.12036,0.10443,0.12036,0.12036,0.12036,0.12036,0.12036,0.2563,0.12036,0.585,0.12036,0.12036,0.12036,0.12036,0.12036,0.12036,0.12036,0.12036,0.12036,0.12036,0.12036,0.12036,0.1497,0.12036,0.12036,0.12036,0.12036,0.12036,0.12036,0.1092,0.12036,0.12036,0.12036,0.12036,0.12036,0.12036,0.12036,0.11523,0.12036,0.12036,0.11237,0.12036,0.12036,0.12036,0.113,0.2238,0.10315,0.12036,0.12036,0.12036,0.12036,1.186,0.8022,0.12036,0.12036,0.12036,0.12036,0.12036,0.12036,0.2795,0.12036,0.12036,0.1192,0.12036,0.12036,0.0995,1.05,0.12036,0.12036,0.12036,0.12286,0.0992,0.12036,0.12036,0.1721,0.11395,1.193,0.12036,0.12036,0.12036,0.12036,0.3174,0.12036,0.11707,0.12036,0.12036,0.593,0.12036,0.12036,0.176,0.12036,0.12036,0.298,0.1791,0.1322,0.12036,0.12036,0.12036,0.07117,0.12036,0.12036,0.9043,0.4092,0.12036,0.1831,0.12036,0.2712,0.12036,0.12036,0.12036,0.12036,0.12036,0.12036,0.12036,0.12036,0.12036,0.12036,0.1133,0.0832,0.1892,0.12036,0.5737,0.12036,0.1079,1.012,0.12036,0.1083,0.12036,0.11707,0.12036,0.12036,0.12036,0.12036,0.09656,1.508,0.12036,0.12036,0.12036,0.12036,0.12036,0.12036,0.138,0.12036,0.1128,0.12036,0.12036,0.12036,0.12036,0.6816,0.12036,0.12036,0.12036,0.12036,0.1055,0.12036,0.12036,0.12036,0.12036,0.12036,0.12036,0.12036,0.396,0.12036,0.12036,0.0996,0.12036,0.2249,0.12036,0.1012,0.12036,0.12036,0.12036,0.12036,0.1001,0.12036,0.12036,0.12036,0.12036,0.12036,0.08875,0.3135,0.12036,0.4646,0.12036,0.12036,0.11304,0.4553,0.12036,0.11194,0.12036,0.10144,0.12036,0.5317,0.12036,0.12036,0.162
24,0.1194,0.1194,0.4712,0.1194,0.4563,0.8896,0.1194,0.1194,0.1194,0.1194,0.1194,0.1194,0.1194,0.1194,0.11957,0.1194,0.0833,0.9707,0.10126,0.1194,0.1194,0.1194,0.3367,0.185,0.1194,0.5737,0.1194,0.6196,0.2573,0.1716,0.0961,0.1194,0.1156,0.1194,0.1194,0.4077,0.1194,0.1194,0.1194,0.1194,0.1194,0.1194,0.2141,0.08936,0.1194,0.1194,0.09674,0.1194,0.1194,1.942,0.1194,0.1194,0.1271,0.08563,0.1194,0.8027,0.1175,0.1194,0.2795,0.1194,0.9824,0.1194,0.1437,0.3306,0.1194,0.1194,0.8887,0.1194,0.1194,0.1194,0.1194,0.1194,0.1194,0.0997,0.1194,0.664,0.1194,0.2598,0.1194,0.1194,0.1194,0.1194,0.1194,0.1194,0.2255,0.1194,0.1194,0.1194,0.1194,0.1194,0.1194,0.1194,0.607,0.0925,0.1194,0.0911,0.1194,0.10266,0.1008,0.3142,0.1194,0.1194,0.09735,0.1194,0.1194,0.1194,0.1194,0.1194,0.2357,0.1194,0.1194,0.1194,0.1638,0.1194,0.1194,1.32,0.09235,0.1194,0.1194,0.1194,0.33,0.1194,0.1194,0.1194,0.1194,0.1194,0.0599,0.1194,0.1194,0.1481,0.1194,0.11145,0.1194,0.0911,0.1194,0.1194,0.1194,0.1194,0.2852,0.1194,0.1194,0.1194,0.1194,0.1643,0.1194,0.1194,0.1194,0.1194,0.1194,0.1194,0.1194,0.1194,0.1194,0.1194,0.1194,0.1194,0.1194,0.8496,0.1194,0.1394,0.1194,0.2191,0.1194,0.1312,0.1194,0.1194,0.10046,0.1454,0.1194,0.143,0.1194,0.1194,0.1194,0.1194,0.5215,0.1194,0.1194,0.4976,0.1194,0.1194,0.1194,0.1194,0.1194,0.1194,0.1194,0.3591,0.1194,0.1807,0.1184,0.1194,0.1194,0.1194,0.1194,0.2365,0.1118,0.1194,0.1194,0.1194,1.4795,0.1194,0.0982,0.10645,0.1194,1.767,0.0891,0.1218,0.08,0.1075,0.1194,0.4897,0.1194,0.1852,0.1194,0.1194,0.1194,0.2893,0.1194,0.1194,0.1793,0.1194,0.1194,0.7397,0.4377,0.1194,0.1194,0.11774,0.1194,0.1194,0.2051,0.2373,0.1853,0.09216,0.3684,0.1194,0.1194,0.1194,0.5366,0.1194,0.1611,0.1194,0.1528,0.1194,0.1111,0.1194,0.1194,0.1194,0.10767,0.1194,0.1194,0.1194,0.1194,0.1194,0.1068,1.095,0.0797,0.5317,0.1194,0.1194,0.1194,0.11487,0.0997,0.1194,0.1194,0.1048,0.11304,0.275,0.1194,0.3455,0.8086,0.11365,0.1334,0.1194,0.1194,0.1194,0.1194,0.1194,0.1194,0.1194,0.1194,0.1194,0.1194,0.1194,0.1194,0.2081,0.1194,0.1194,0.1194,0.1194,0.1194,0.11096,0.1194,0.1194,0.1194,0.2637,0.1194,0.1194,0.1194,0.1194,0.1194,0.1194,0.1194,0.2013,0.5586,0.1194,0.11096,0.4475,0.1194,0.1194,0.1194,0.1194,0.1169,0.1194,0.1194,0.1194,0.0974,0.1426,0.1194,0.1194,0.1194,1.013,0.1194,0.1194,0.3767,1.484,0.1194,0.1194,0.7227,0.1194,0.1194,0.1194,0.1194,0.1194,0.1194,0.1194,0.1194,0.1113,0.3726,0.1194,0.1194,0.1194,0.1194,0.0698,0.367,1.338,0.1194,0.0991,0.1194,0.1194,0.1004,0.1194,0.1262,0.1194,0.1194,0.1194,0.1252,0.1037,0.11816,0.1194,0.1194,0.107,1.278,0.1245,0.1194,0.1122,0.1194,0.1194,0.1194,0.5674,0.814,0.108,0.1194,0.1103,0.1194,0.1194,0.1808,0.2808,0.1194,0.1194,0.1194,0.741,0.1194,0.1104,0.1029,1.223,0.1194,0.1245,0.1194,0.1194,0.1194,0.1194,0.1194,0.1194,0.0893,0.1194,0.11426,0.1194,0.4448,0.1194,0.146,0.1194,0.9683,0.1194,0.1194,0.1194,0.0831,0.1194,0.11365,0.08954,0.1194,0.1194,0.0985,1.088,0.1194,0.1194,0.1194,0.1194,0.347,0.1194,0.1194,0.1194,0.1194,0.1194,0.1151,0.1194,0.1194,0.1038,0.1194,0.1194,0.1194,0.1194,0.7886,0.1194,0.1194,0.1194,0.1829,0.1194,0.1194,0.1194,0.557,0.1194,0.1034,0.1194,0.1086,0.1194,0.1194,0.1194,0.1787,0.1932,0.1194,0.1194,0.1194,0.1194,0.1194,0.1194,0.1194,0.1174,0.1194,0.1194,0.11597,0.1022,0.1194,0.1194,0.1787,0.1194,0.1194,0.1194,0.1194,0.1194,0.1681,0.1194,0.1194,0.1194,0.2776,0.1194,0.1194,0.1127,0.09296,0.1194,0.10956,0.1194,0.1194,0.9663,0.358,0.1194,0.1194,0.1194,0.1194,0.1194,0.1194,0.1194,0.1194,0.4019,0.3801,0.1194,0.1194,0.1194,0.1194,0.1194,0.1194,0.1194,0.1194,0.1194,0.1194,0.1214,0.1194,0.1194,0.1194,0.0821,0.1194,0.1194,0.1194,0.1194,0.1346,0.10046,0.1514,0.1194,0.1194,0.1194,0.1194,0.1194,0.177,0.1194,0.1194,0.804,0.4724,0.1194,0.1194,0.1194,0.1194,0.1194,0.1194,0.1194,0.1194,0.1194,0.1194,0.1194,0.1194,0.1194,0.1396,0.1194,0.1194,0.1194,0.1194,0.11,0.1118,0.4517,0.1194,0.1194,0.1194,0.443,0.1194,0.1194,0.1194,0.9243,0.1194,0.4456,0.1194,0.1194,0.1194,0.1194,0.1194,0.1194,0.1194,0.1194,0.1194,0.10876,0.1194,0.0923,0.1194,0.1194,0.1194,0.1194,0.1194,0.409,0.1192,0.1194,0.9863,0.1194,0.11566,0.1194,0.1194,0.1194,0.1194,0.1194,0.1194,0.1194,0.1194,0.1194,0.1145,0.1194,0.275,0.1074,0.1194,0.1194,0.1194,0.1194,0.549,0.09546,0.1194,0.1194,0.1194,0.1194,0.1194,0.1194,0.1194,0.08356,0.1194,0.1466,0.1412,0.1194,0.715,0.1194,0.1194,0.0993,0.4548,0.56,0.1194,0.1194,0.2688,0.1194,0.1194,0.1194,0.6855,0.09033,0.11676,0.1829,0.1194,0.1194,0.11676,0.1553,0.1018,0.2496,0.08215,0.1194,0.1194,0.1194,0.3376,0.5107,0.1194,0.1194,0.1194,0.1194,0.34,0.1194,0.1194,0.1194,0.1194,0.1194,1.232,0.1194,0.1194,0.1194,0.1194,0.1654,0.1194,0.648,0.1194,0.1194,0.1194,0.1194,0.1192,0.1194,0.4316,0.1194,0.1194,0.1194,0.1194,0.1523,0.1084,0.569,0.1194,0.1194,0.1194,0.1194,0.1194,0.1194,0.1194,0.1194,0.1752,0.1194,0.1194,0.1194,0.1194,0.1149,0.1407,0.1194,0.1194,0.6562,0.1194,0.1194,0.5576,0.1194,0.1194,0.1194,0.1194,0.2047,0.1194,0.1683,0.09735,0.1194,0.1173,0.1194,0.1194,0.1194,0.1194,0.1194,0.1257,0.0685,0.11536,0.2418,0.1194,0.6343,0.1194,0.1194,0.1194,0.1194,0.1194,1.574,0.0892,0.1194,0.1194,0.1194,0.9014,0.1194,0.1194,0.1194,0.1194,0.1194,0.663,0.1194,0.3481,0.4507,0.1194,0.0996,0.1194,0.1194,0.1194,0.1354,0.1194,0.1194,0.1194,0.1194,0.1194,0.1194,0.1194,0.1608,1.056,0.1194,0.1194,0.1194,0.1194,0.1194,0.409,0.8345,0.1194,0.1194,0.1194,0.08,0.1194,0.1194,0.1194,1.055,0.1194,0.1112,0.1194,0.1194,0.1194,0.1194,0.853,0.1194,0.1271,0.1194,0.725,0.1194,0.1381,0.1194,0.1194,0.1194,0.1194,0.1194,0.1194,0.1194,0.1194,0.5903,0.1194,0.1194,0.2401,0.1194,0.1194,0.711,0.1194,0.1194,0.1194,0.1194,0.3237,0.1194,0.1194,0.243,0.1194,0.1194,0.1194,0.1194,0.7036,0.1194,0.1194,0.1194,0.1194,0.1194,0.1194,0.1194,0.1194,0.1194,0.4934,0.1194,0.1194,0.1194,0.1194,0.1194,0.1194,1.216,0.1194,0.2286,0.1322,0.1194,1.105,0.5483,0.10535,0.11035,0.1194,0.265,0.1194,0.1194,0.1194,0.1194,0.908,0.3572,0.1107,0.1194,0.1194,0.0774,0.1111,0.1194,0.8154,0.1194,0.1084,0.1194,0.1194,0.11017,0.07117,0.1194,0.1194,0.1194,0.095,0.1194,0.1194,0.1194,0.1194,0.1194,0.1194,0.1194,0.4402,0.1194,0.1194,0.1103,0.1194,0.09937,0.1194,0.1194,0.1194,0.1194,0.1194,0.1194,0.1194,0.1194,0.1194,0.1194,0.1194,0.1194,0.1194,0.1194,0.1194,0.1194,0.1194,1.029,0.1945,0.1099,0.1194,0.3157,0.1194,0.1194,0.0998,0.1194,0.1194,0.67,0.1194,0.1194,0.1194,0.2161,0.1194,0.1194,0.1081,0.1194,0.4597,0.1194,0.08685,0.1194,0.1194,0.1194,0.1194,0.1194,0.1194,0.1038,0.2922,0.7603,0.1194,0.1194,0.1194,0.1194,0.1194,0.1194,0.1194,0.1194,0.1194,0.1194,0.3582,0.1194,0.1194,0.1194,0.1194,0.2369,0.1194,0.1194,0.1194,0.1049,0.1194,0.1194,0.337,0.1112,0.0957,0.0732,0.1194,0.5596,0.1194,0.1536,0.563,0.0691,0.1951,0.2406,0.1194,0.1194,0.1194,0.1194,0.1194,0.0808,0.1194,0.1194,0.1194,0.1194,0.1194,0.0986,0.1194,0.10834,0.3816,0.1194,0.1194,0.969,0.1194,0.1376,0.1194,0.1194,0.1194,0.1194,0.1194,0.1194,0.1194,0.1194,0.1766,0.1194,0.1194,0.1194,0.1194,0.1194,0.1194,0.10345,1.117,0.896,0.1194,0.3918,0.1194,0.1194,0.1194,0.312,0.1194,0.1194,0.1102,0.1194,0.1194,0.1194,0.3638,0.1194,0.1194,0.1194,0.1194,0.1194,0.154,0.1194,0.1194,0.3557,0.1194,0.08167,0.1194,0.1194,0.1194,0.1194,0.1194,0.1194,0.1194,0.1194,0.1194,0.1194,0.1194,0.852,0.1194,0.1194,0.12195,0.7983,0.1194,0.5503,0.0977,0.1194,0.1194,0.1194,0.8906,0.1194,0.1194,0.4556,0.1194,0.08746,0.1194,0.744,0.692,0.1194,0.1194,0.1194,0.1194,0.1194,0.1194,0.09296,0.11426,0.1194,0.1194,0.1194,0.1194,0.1136,0.3318,0.1194,0.549,0.1194,0.36,0.1194,0.1194,0.1401,0.1194,0.1194,0.10254,0.1194,0.1833,0.1194,0.1194,0.1652,0.1194,0.1194,0.1194,0.1194,0.11414,0.1194,0.3232,0.1194,0.1194,0.1194,0.1194,0.1194,0.1194,0.3447,0.07794,0.1194,0.1194,0.1356,0.10236,0.1194,0.1194,0.1194,0.1194,0.1194,0.1194,0.1194,0.1194,0.1194,0.1194,0.1194,0.1194,0.1194,0.1194,0.4392,0.1194,0.1194,0.1194,0.1194,2.002,0.1194,0.1194,0.7354,0.1194,0.1194,0.3506,0.1043,0.1194,2.29,0.267,0.1194,0.1194,0.1194,0.1194,0.1194,0.1194,0.1194,0.1194,0.1194,0.1194,0.1194,0.1194,0.1194,0.1194,0.1194,0.1194,0.1194,0.10944,0.1106,0.1194,0.1494,0.316,0.1194,0.1194,0.09454,0.11035,0.1194,0.1194,0.1194,0.1194,0.1194,0.1194,0.1194,0.1194,0.1194,0.1194,0.1194,0.2069,0.1194,0.1194,0.1194,0.1194,0.08514,0.1177,0.1156,0.2246,0.1194,0.1194,0.1194,0.9033,0.1968,0.1194,0.1194,0.4592,0.1194,0.1194,0.08826,0.1194,0.1194,0.7593,0.1194,0.1043,0.1676,0.1194,0.1194,0.1194,0.1194,0.3708,0.1167,0.1194,0.1948,0.1194,0.5527,0.1597,0.0607,0.7856,0.1194,0.1194,0.1194,0.1194,0.1194,0.1194,0.1194,0.1194,0.1194,0.1194,0.0911,0.11456,0.10486,0.1123,0.11646,0.1194,0.1194,0.1194,0.217,0.1194,0.1194,0.1194,0.1194,0.1194,0.6147,0.4216,0.1194,0.1194,0.1194,0.4607,0.1492,0.1194,0.1194,0.1295,0.11536,0.1194,0.1194,0.568,0.11176,0.1194,0.1194,0.1194,0.1194,0.1194,0.1194,0.1194,0.1194,0.06665,0.1249,0.10114,0.1194,0.11847,0.1194,0.1194,0.1194,0.1194,0.1194,0.1194,0.1753,0.1194,0.1194,0.1194,0.1194,0.1095,0.10834,0.1194,0.871,0.1338,0.1194,0.1194,0.1194,0.1194,0.1194,0.1194,0.09204,0.1194,0.1194,0.1194,0.1194,0.1459,0.10626,0.1194,0.1194,0.4666,0.1194,0.1194,0.09625,0.3494,0.1194,0.1194,0.1194,0.1194,0.1371,0.11884,0.1194,0.2764,0.5786,0.10895,0.1194,0.1194,0.10126,0.1194,0.1194,0.1194,0.1194,0.1194,0.732,0.1103,0.1194,0.1194,0.07574,0.1194,0.1194,0.1194,0.1194,0.1194,0.357,0.1194,0.1194,0.1194,0.1194,0.281,0.1194,0.1194,0.1194,0.1194,0.1194,0.4902,0.1129,0.09515,0.1194,0.0782,0.1194,0.1194,0.2155,0.1194,0.1194,0.634,0.1194,0.1351,0.1194,0.10425,0.1194,0.1194,0.1194,0.4004,0.1194,0.1175,0.1194,0.1194,0.1194,1.069,0.11847,0.1194,0.1194,0.1194,0.08624,0.3774,0.1194,0.1194,0.1194,0.11676,0.1112,0.1194,0.1194,0.1194,0.1194,0.10724,0.1194,0.1194,0.1194,0.75,0.1194,0.602,0.1194,0.10004,0.1194,0.1194,0.1194,0.1194,0.1194,0.1194,0.1194,0.1194,0.1194,0.0917,0.1194,0.1194,0.1247,0.1194,0.1164,0.0983,0.1194,0.1194,0.1194,0.1189,2.17,0.1194,0.1144,0.1194,0.1013,0.1194,0.1194,0.0969,0.1194,0.1194,0.1194,0.1194,0.1194,0.1194,0.1194,0.1194,0.1194,0.1194,0.0637,0.1194,0.3225,0.1118,1.228,0.1194,0.1194,0.1194,0.1194,0.09796,0.1194,0.1194,0.5737,0.1194,1.302,0.1194,0.1194,0.1843,0.1124,0.2544,0.1194,0.1194,0.1194,0.4854,1.442,0.1406,0.1194,0.1194,0.1194,0.1194,0.1194,0.1194,0.1194,0.1194,0.11395,0.07825,0.1194,0.18,0.1194,0.1194,0.1194,0.1194,0.1194,0.1194,0.131,0.1194,0.1194,0.1132,0.1194,0.1194,0.2532,0.1194,0.1194,0.1194,0.1194,0.1562,0.1194,0.1194,0.0894,0.1194,0.7583,0.3865,0.1194,0.1047,0.1194,0.1227,0.1194,0.1194,0.1194,0.4917,0.1194,0.1194,0.1194,0.10815,0.1194,0.1332,0.1194,0.5347,0.1194,0.1194,0.1194,1.096,0.1194,0.1194,0.0839,0.746,0.11475,0.1194,0.4353,0.0975,0.1194,0.733,0.1194,0.1194,0.1194,0.1194,0.1194,0.982,0.3315,0.2076,0.1194,0.2416,0.1194,0.1194,0.10803,0.1194,0.2898,0.1148,0.1108,0.1194,0.1194,0.1194,0.146,0.1194,0.1194,1.843,0.109,0.1194,0.1194,1.056,0.1194,0.3223,0.1194,0.1194,0.1194,0.1194,0.921,0.1194,0.1194,0.0816,0.1194,0.1194,0.2299,0.1194,0.1194,0.957,0.1194,0.2947,0.1194,0.1194,0.1194,0.1194,0.1194,0.1194,0.1194,0.1194,0.1194,0.1194,0.2178,0.1194,1.156,0.1194,0.1194,0.0988,0.1194,0.1194,0.1042,0.1194,0.1194,0.1194,0.1194,0.1194,0.1194,0.1083,0.1108,0.1194,0.6904,0.1194,0.1021,0.1194,0.1194,0.1194,0.1194,0.1165,0.1194,0.1194,1.842,0.1194,0.1194,0.1194,0.1194,0.1194,0.1194,0.344,0.1194,0.1194,0.1194,0.1194,0.1194,0.1194,0.0724,0.5503,0.1194,0.1194,0.0947,0.1194,0.1194,0.1194,0.1194,0.1194,0.371,0.0881,0.1194,0.1194,1.227,0.11084,0.1194,0.1194,0.1194,0.1194,0.1194,0.1194,0.1194,0.1194,0.1113,0.1194,0.1194,0.1194,0.1194,2.367,0.5933,0.11945,0.1194,0.1194,0.1194,0.1194,0.1194,0.2246,0.1194,1.205,0.09247,0.1194,0.1194,0.543,0.1194,0.1194,0.1194,0.1194,0.3599,0.1194,0.1194,0.1406,0.1194,0.1194,0.1194,0.11804,0.1194,0.1194,0.1194,0.2507,0.2379,0.1194,0.1194,0.11835,0.1194,0.839,0.1194,1.016,0.2294,0.114,0.1194,0.0661,0.1194,0.1194,0.1194,1.082,0.0901,0.0974,0.2086,0.1194,0.1194,0.734,0.1194,0.1033,0.1543,0.1194,0.1194,0.1194,0.106,0.8594,0.1194,1.511,0.1194,0.1194,0.1194,0.252,0.1194,0.1194,0.1194,0.1194,0.1194,0.1194,0.2336,0.3293,0.5127,0.1194,0.1194,0.4788,0.1194,0.1194,0.0971,0.1194,0.1194,0.10205,0.1194,0.1194,0.1194,0.10626,0.2208,0.1194,0.1194,0.10754,0.4255,0.1194,0.1194,0.1194,0.1194,0.1068,0.1194,0.1194,0.1194,0.1194,0.0868,0.1194,0.1194,0.1194,0.103,0.1194,0.1194,0.117,0.2683,0.3152,0.1194,0.1194,0.1194,0.1194,0.1194,0.3486,0.2886,1.245,0.1194,0.1194,0.0775,1.92,0.1194,0.1194,0.1194,0.09393,0.1194,0.1194,0.1194,0.1194,0.3298,0.1194,0.1194,0.1194,0.1194,0.1194,0.09503,0.1194,0.1194,0.1194,0.1194,0.1194,0.1194,0.1194,0.2842,0.05576,0.2456,0.1194,0.0839,0.1084,0.3228,0.1194,0.9043,0.1194,0.1194,0.5254,0.1194,0.5767,0.4536,0.1194,0.1716,0.1194,0.1194,0.1194,0.1194,0.1194,0.1194,0.1194,0.1194,0.1194,0.1194,0.3064,0.1194,0.11273,0.1194,0.1194,0.1194,0.10486,0.4429,0.11273,0.1194,0.511,0.1194,0.1194,0.3826,0.1194,0.1194,0.08746,0.1194,0.1194,0.1194,0.602,0.11005,0.1194,0.1194,0.1194,0.1124,0.1194,0.2042,0.1194,0.1194,0.1105,0.1904,0.1194,0.1194,0.615,0.1194,0.1194,0.1194,0.3047,0.1194,0.1194,0.1194,0.1194,0.1194,0.1194,0.1194,0.1194,0.1194,0.1194,0.11707,0.1194,0.1779,0.10095,0.1194,0.1194,0.1194,0.1194,0.1194,0.1194,0.1272,0.1194,0.2163,0.09827,0.11523,0.1194,0.1194,0.1194,0.1194,0.1091,0.1194,0.1194,0.1194,0.07336,0.1194,0.1194,0.3088,0.1194,0.1194,0.1194,0.1188,0.1194,0.1194,1.369,0.4656,0.8784,0.1194,0.1194,0.1194,0.09076,0.1194,0.1194,0.10803,0.1194,0.1194,0.376,0.2152,0.5024,0.1194,0.6943,0.1294,0.1194,0.1194,0.1194,0.1194,0.2181,0.11743,0.1194,1.346,0.1194,0.1194,0.1194,0.1194,0.1194,0.1194,0.1194,0.1194,1.315,0.1194,0.7065,0.1194,0.1912,0.1194,0.1194,0.1194,0.1194,0.1194,0.1194,0.2267,0.1194,0.311,0.1194,0.1194,0.08826,0.1194,0.1194,0.939,0.2712,0.1389,0.1194,0.1194,0.1194,0.1194,0.1194,0.1788,0.1194,0.1194,0.1194,0.1194,0.1194,0.1194,0.1194,0.085,0.1194,0.425,0.1194,0.1194,0.1194,0.1194,0.1194,0.433,0.1194,0.1194,0.1194,0.1194,0.1194,0.1194,0.626,0.2207,0.6895,0.2808,0.1194,0.1194,0.1194,0.0753,0.8677,0.1194,0.3403,0.1194,0.1681,0.1194,0.1194,0.1194,0.1194,0.1194,0.1194,0.1194,0.1194,0.1194,0.0986,0.1194,0.4365,0.1194,0.1194,0.1194,0.1194,0.1194,0.1194,0.1194,0.1194,0.1194,0.1194,0.2051,0.325,0.1117,0.68,0.1183,0.1194,0.1194,0.1194,0.1194,0.1194,0.1194,0.1194,0.1194,0.2001,0.1194,0.1194,0.1194,0.1194,0.05975,0.1194,0.06335,0.1194,0.1194,0.1173,0.1194,0.231,0.1194,0.1194,0.1194,0.1194,0.1194,0.11346,0.1194,0.0954,0.722,0.1909,0.558,0.1194,0.7183,0.1194,0.1194,0.6787,0.1194,0.1194,0.64,0.3516,0.1194,0.1058,0.1194,0.1194,0.1194,0.1194,0.1194,0.1194,0.0981,0.1194,0.1194,0.2712,0.2646,0.1194,0.1194,0.1194,0.31,0.5327,0.1194,0.1176,0.1194,0.1194,0.1194,0.1194,0.1194,0.1194,0.1194,0.4324,0.1194,0.3027,0.1194,0.1863,0.1194,0.1194,0.1194,2.209,0.1194,0.1194,0.1194,1.1875,1.007,0.1194,0.1194,0.8174,0.1194,0.1194,0.1194,0.0862,0.3281,0.276,0.1194,0.1194,0.1194,0.1194,0.1194,0.1194,0.1194,0.0971,0.1123,0.1194,0.1194,0.793,0.1194,0.1194,0.1194,1.048,0.1194,0.1825,0.1194,0.1194,0.1194,0.9795,0.1194,0.1194,0.259,0.11017,0.1194,0.1194,0.1194,0.1714,0.1194,0.1194,0.1135,0.1482,0.1194,0.1194,0.1194,0.1194,0.1194,0.1503,0.1194,0.1194,0.1194,0.1194,0.1194,0.08295,0.1194,0.0982,0.1194,0.1194,0.1194,0.1194,0.141,0.1116,0.1194,0.1577,0.1194,0.1194,0.1194,0.1194,0.1194,0.7075,0.2018,0.1194,0.7246,0.1194,0.1194,0.4082,0.1194,0.534,0.1092,0.10486,0.1194,0.1194,0.2712,0.1194,0.1194,0.1194,0.1194,0.1194,0.5693,0.1194,0.1295,0.1194,0.1194,0.1194,0.1194,0.1194,0.1194,0.1194,0.2273,0.07825,0.1194,0.1194,0.1194,0.1013,0.1194,0.1194,0.1194,0.1194,0.1194,0.1194,0.1194,0.5615,0.1194,0.09735,0.1359,0.1194,0.1194,0.1194,0.106,0.1194,0.1194,0.1194,0.1194,0.1194,0.10614,0.1194,2.203,0.1194,0.1194,0.2788,0.1194,0.4634,0.1194,0.521,0.1194,0.1129,0.1194,0.1194,0.1161,0.0987,0.1194,0.1194,0.1194,0.1194,0.11835,0.1194,0.1194,0.1194,0.1194,0.731,1.881,0.1194,0.1194,0.1194,1.321,0.09094,0.1849,0.1606,0.1194,0.1194,0.1194,0.1194,0.1194,0.7646,0.1117,0.1194,0.1194,0.5776,0.1194,0.1194,0.1194,0.1885,0.1194,0.1194,0.1194,0.1194,0.1194,0.11487,0.1194,0.1194,0.3389,0.1194,0.1194,0.1194,0.1194,0.1194,0.1194,0.1194,0.1086,0.666,0.1194,0.1194,0.1194,0.1194,0.2542,0.1194,0.1194,0.1965,0.1194,0.1194,0.1194,0.1194,0.1194,0.1194,0.1194,0.3157,1.184,0.1194,0.1104,0.1194,0.1194,0.5337,1.924,0.1194,0.1194,0.1194,0.1194,0.10114,0.1194,0.1194,0.1194,0.1194,0.1194,0.1194,0.1194,0.399,0.3445,0.1194,0.1194,0.1194,0.2712,0.119,0.1194,1.046,0.1194,0.1301,0.1194,0.1194,0.1194,0.1194,0.1194,0.1194,0.1194,0.1194,0.1681,0.10205,0.1194,0.10626,0.1194,0.1194,0.1194,0.1194,0.1194,0.1194,0.1194,0.1194,0.1194,0.1194,0.2544,0.1194,0.16,0.1194,0.1194,0.1194,0.1616,0.3152,0.1194,0.1073,0.4036,0.1194,0.1194,0.1194,0.1194,0.1194,0.1194,0.0892,0.2808,0.1194,0.10364,0.04984,0.2471,0.1143,0.1194,0.1194,0.1067,0.11163,0.8857,0.109,0.1234,0.1169,0.1194,0.1194,0.1194,0.1194,0.1194,0.847,0.1194,0.3582,0.09674,0.8164,0.1194,0.11273,0.1194,0.10394,0.1194,0.2954,0.1115,0.1194,0.10114,0.1194,0.47,0.1194,0.1194,0.1194,0.1194,0.1194,0.1194,0.1194,0.1194,0.1194,0.1194,0.1194,0.9775,0.1194,0.1194,0.1194,0.1129,0.1194,0.1194,0.1194,0.1194,0.233,0.1194,0.1194,0.404,0.11816,0.1194,0.1194,0.1194,0.1194,0.111,0.0972,1.06,0.1194,0.1194,0.1194,0.1194,0.1194,0.1194,0.1318,0.1194,0.1194,0.644,0.1014,0.1194,0.1194,0.1194,0.0945,0.1194,0.1194,0.1194,0.1194,0.1194,0.1064,0.6343,0.1194,0.1194,0.1194,0.1006,0.1194,0.1194,0.1194,0.1194,0.1194,0.1194,0.1194,0.1194,0.1194,0.1194,0.1194,0.1194,0.2235,0.1194,0.1194,0.1194,0.1194,0.1194,0.1055,0.1543,0.1194,0.1194,0.1194,0.11945,0.4976,0.1194,0.2607,0.1165,0.4844,0.1194,0.1194,0.701,0.1194,0.1194,0.1838,0.1194,0.10315,0.1194,0.1194,0.1194,0.1194,0.1194,0.1194,0.1194,0.1055,0.12177,0.1194,0.1194,0.1857,0.1194,0.1194,0.1194,0.1194,0.1194,0.1194,0.1194,0.1021,0.1194,0.3074,0.10223,0.1194,0.1194,0.1194,0.1194,0.7397,0.1194,0.1115,0.1194,0.1194,0.1194,0.1194,0.1194,0.1194,0.1194,0.1194,0.1194,0.1194,0.1194,0.1194,0.1194,0.1016,0.2876,0.7026,0.1194,0.1194,0.1057,0.1194,1.763,0.1194,0.1071,0.1194,0.301,0.1194,0.1194,0.1194,0.09753,0.4246,0.1194,0.488,0.1194,0.11145,0.2079,0.1194,0.1194,0.1194,0.1194,0.638,0.11835,0.1122,0.1194,0.1194,0.1194,0.1194,0.1194,1.124,0.1194,0.1194,0.1194,0.4333,0.4004,0.983,0.1194,0.1194,0.06366,0.1194,0.1194,0.0907,0.1141,0.1194,0.1194,0.1598,0.2886,0.1194,0.1194,0.09644,0.1194,0.1194,0.1194,0.0994,0.6846,0.1194,0.1194,0.1194,0.1194,0.1194,0.1194,0.1058,0.1194,0.1184,0.2878,0.1194,0.1194,0.1194,0.1194,0.10425,0.1131,0.1086,0.1194,0.1194,0.1194,0.1194,0.1194,0.1194,0.1194,0.9873,0.1194,0.1194,0.1194,0.4177,0.8647,0.4194,0.1194,0.1194,0.2556,0.1194,0.1194,1.788,0.1194,0.1194,0.1194,0.10077,0.1194,0.1194,0.1194,0.1194,0.1194,0.1194,0.1194,0.1194,0.1194,0.1194,0.1194,0.1194,0.1194,0.1012,0.5293,0.1194,0.1295,0.1194,0.1194,0.10443,0.1194,0.1194,0.1194,0.4055,0.1194,0.506,0.05096,0.1194,0.1332,0.1194,0.3936,0.1194,0.1194,0.1194,0.1194,0.114,0.1212,0.1597,0.1194,0.2983,0.1194,0.1194,0.6084,0.1194,0.1194,0.1194,0.1194,0.265,0.1194,0.1194,0.1192,0.3591,0.9263,0.11847,0.1194,0.1194,0.1194,0.1194,0.1194,0.838,0.1206,0.1194,0.1194,0.127,0.1194,0.1008,0.1194,0.2007,0.1194,0.1194,0.1194,0.1194,0.1194,0.1116,0.1194,0.1211,0.1194,0.1254,0.2544,0.1194,0.1194,0.1194,0.1194,0.1194,0.1194,0.1194,0.1194,0.1194,0.1194,0.1194,0.1423,0.09247,0.1194,0.2705,0.1194,0.1194,0.1194,0.2064,0.615,0.4167,0.1194,0.0917,0.1086,0.1194,0.1194,0.1179,1.252,0.1194,0.1194,0.1194,0.1194,0.1194,0.09875,0.1194,1.597,0.312,0.1194,0.1194,0.1194,0.1194,0.1194,0.1194,0.1011,0.5483,0.1194,0.1194,0.1194,0.1194,0.1194,0.1194,0.11584,0.1194,0.1194,1.118,0.1194,0.1194,0.9385,0.354,0.1194,0.04938,0.1194,0.1422,0.1194,0.11694,0.1194,0.1194,0.4463,0.9404,0.1194,1.165,0.11835,0.11,0.1194,0.1194,0.3123,0.11884,0.1194,0.1194,0.1194,0.1194,0.1349,0.1194,0.1194,0.748,0.1194,0.2294,0.1194,0.1194,0.1194,0.11206,0.1105,0.1194,0.1194,0.1194,0.1114,0.1194,0.1194,0.1194,0.1194,0.1194,0.1194,0.1194,0.1194,0.1194,0.1317,0.1194,0.05942,0.7944,0.1194,0.1194,0.2446,0.1194,0.0751,0.1194,0.1194,0.1062,0.1194,0.1194,0.118,0.4517,0.1194,0.10077,0.1194,0.1194,0.1194,0.1194,0.1194,0.1194,0.1194,0.1194,0.0809,0.1259,0.4385,0.1194,0.1118,0.11426,0.3916,0.6055,0.1194,0.1484,0.2566,0.1194,0.10626,0.1194,0.1194,0.1454,0.101,0.1194,0.1194,0.1194,0.1194,0.3162,0.1194,0.1194,0.128,0.2211,0.1194,0.1194,0.1194,0.1194,0.0759,0.1091,0.1194,0.1194,0.1194,0.5146,0.1194,0.1194,0.1194,0.1194,0.1194,0.1194,0.686,0.1194,0.399,0.1582,0.1194,0.1194,0.1194,0.1194,0.1194,0.1194,0.09094,0.1194,0.1194,0.1194,0.1194,0.1194,0.1194,0.542,0.1194,0.1194,0.1194,0.1194,0.1066,0.1194,0.1194,0.1194,0.1045,0.1716,0.1194,0.1194,0.1194,0.1194,0.1194,0.1194,0.1194,0.4866,0.1194,0.2324,0.1194,0.1194,0.1427,0.1194,0.1096,0.1194,0.1072,0.1194,0.1194,0.1194,0.1178,0.1194,0.1194,0.1583,0.1194,0.1194,0.1194,1.538,0.1194,0.7744,0.2588,0.1194,0.1925,0.1194,0.1194,0.5273,0.1194,0.1194,0.1194,0.1194,0.1107,0.1194,0.659,0.1194,0.1194,0.825,0.07367,0.1194,0.5684,0.1194,0.564,0.1194,0.0691,0.1194,0.1194,0.2109,0.2324,0.1108,0.575,0.1194,0.1194,0.1098,0.1194,0.0766,0.1194,0.1194,0.1194,0.1194,0.4006,0.1194,0.1194,0.3909,0.1176,0.1194,0.1194,0.1194,0.1194,0.1194,0.1194,0.1194,0.1511,0.1194,0.1053,1.067,0.0942,0.1194,0.1194,0.1194,0.08966,0.616,0.1194,0.1194,0.10913,0.1194,0.1194,0.1121,0.1194,0.1194,0.1194,0.1194,0.1194,0.1194,0.1194,0.10956,0.1194,0.0944,0.1194,0.1194,0.1194,0.1194,0.1194,0.4453,0.10455,0.1194,0.1194,0.1194,0.1372,0.1194,0.1151,0.09686,0.857,0.1194,0.171,0.1058,0.1194,0.1194,0.1194,0.1194,0.653,0.11176,0.1575,0.1194,0.1194,0.1091,0.1194,0.0974,0.08777,0.1194,0.1194,0.1194,0.1194,0.1716,0.0929,0.1194,0.1194,0.1194,0.1194,0.1194,0.1648,0.1118,0.10535,0.1194,0.5977,0.1194,0.1194,0.1194,0.10626,0.1194,0.0934,0.955,0.1194,0.1194,0.1194,0.1075,0.1194,0.1194,0.584,0.706,0.1194,0.1194,0.4841,0.1194,0.12085,0.1103,0.1653,0.1194,0.1194,0.1194,0.1194,0.0828,0.10626,0.1194,0.2522,0.1863,0.1194,0.1194,0.1194,0.1655,0.1194,0.2122,0.1194,0.1194,0.1194,0.593,0.3071,0.1194,0.1194,0.0815,0.1194,1.187,0.575,0.1194,0.1194,0.1194,0.1194,0.1194,0.3958,0.1986,0.10516,0.1025,0.1194,0.1162,0.1194,0.1194,0.1113,0.4817,0.1194,1.111,0.899,0.1194,0.0788,0.2686,0.808,0.1194,0.1194,0.1194,0.907,0.1194,0.1194,0.1194,0.4524,0.1194,0.1194,0.1194,0.1194,0.1194,0.0796,0.1194,0.1194,0.7534,0.1194,0.1194,0.1036,0.1194,0.1159,0.1194,0.1121,0.1194,0.1194,0.1194,0.11084,0.268,0.1194,0.1194,1.175,0.1194,0.8994,0.1614,0.11127,0.074,0.1194,0.1194,0.1057,0.1194,0.1194,0.1194,0.298,0.3682,0.1194,0.1194,0.3833,0.1154,0.1194,0.1329,0.1194,0.1194,0.1194,1.002,0.1194,0.5273,0.1194,0.1194,0.486,0.983,0.1194,0.1174,0.1194,0.1194,0.4473,0.626,0.11096,0.1194,0.1194,0.1194,0.1194,0.1194,0.1194,0.1133,0.1194,0.1194,0.7056,0.1194,0.1194,0.1194,0.1194,0.0695,0.1194,0.4822,0.1194,0.1194,0.1698,0.1194,0.774,0.1194,0.1194,0.4336,0.1194,0.1194,0.1194,0.1194,0.8374,0.1194,0.1194,0.1702,0.1194,0.2126,0.0722,0.1152,0.1194,0.1194,0.1194,0.1194,0.2156,0.898,0.3704,0.1115,0.1194,0.1194,0.119,0.1194,1.3125,0.1194,0.1194,0.1194,0.1475,0.4822,0.3525,0.1194,0.1527,0.1194,0.1194,0.1132,0.1194,0.4485,0.1194,0.1194,0.1194,0.1194,0.1091,0.9927,0.1194,0.1194,0.1194,0.1194,1.307,0.1194,0.1194,0.1194,0.1194,0.1848,0.1194,1.258,0.1194,0.0661,0.1194,0.1194,0.1194,0.1299,0.1194,0.1194,0.1194,0.1165,0.1194,0.1194,0.1194,0.1129,0.1194,0.1194,0.1194,0.1194,0.1194,0.1194,0.1194,0.1194,0.1194,0.1194,0.1194,0.1194,0.2484,0.1194,0.1194,0.1194,0.1194,0.1194,0.0988,0.1194,0.2998,0.1194,0.1194,0.655,0.1194,0.1108,0.5273,0.487,0.1194,0.1194,0.1194,0.1272,0.3574,0.1194,0.10284,0.7427,0.10565,0.0851,1.102,0.1194,0.6255,0.1307,0.1194,0.1165,0.1194,0.28,0.1194,0.1194,0.1194,0.1194,0.1194,0.1194,0.1194,0.1194,0.1194,0.1077,0.1194,0.1194,0.1194,0.1194,0.1194,0.1194,0.1194,0.1194,0.1194,0.3677,0.1194,0.1307,0.09143,0.1443,0.1194,0.1194,0.1194,0.1194,0.1194,0.1194,0.1194,0.1194,0.1194,0.1194,0.1194,0.1194,0.1194,0.5054,0.1164,0.1194,0.1194,0.199,0.488,0.1194,0.1194,0.1194,0.1194,0.1194,0.1194,0.1194,0.1194,0.1194,0.1194,0.1194,0.1194,0.11304,0.1194,1.398,0.1194,0.1194,0.1194,0.1415,0.1194,0.1194,0.1194,0.1194,0.1194,0.1194,0.1098,0.1194,0.1194,0.1194,0.1194,0.1194,0.1194,0.1194,0.3347,0.1194,0.1194,0.3103,0.1183,0.726,0.1194,0.10455,0.1194,0.1194,0.603,0.1194,0.1194,0.1194,0.1194,0.1194,0.1194,0.1194,0.1194,0.1194,0.1194,0.3855,0.1194,0.05942,0.1194,0.11304,0.1194,0.09546,0.1194,0.10925,0.137,0.1194,0.1194,0.3289,0.1194,0.1194,0.413,0.10114,0.1194,0.1194,0.1194,0.67,0.07513,0.3208,0.1194,0.1194,0.1194,0.1194,0.1194,0.402,0.1194,0.11755,0.1194,0.2725,0.1194,0.1194,0.1194,0.1194,0.1194,0.1161,0.1194,0.1194,0.1194,1.52,0.1194,0.1194,0.1194,0.1194,0.1194,0.1194,0.1506,0.1194,0.1194,0.1194,0.11945,0.0815,0.1194,0.1194,0.1194,0.1194,0.1194,0.1194,0.1194,0.3828,0.3904,0.1194,0.2095,0.1194,0.1194,0.1194,0.1194,0.1194,0.2219,0.1194,0.2803,0.1194,0.1194,0.1597,0.1189,0.1194,0.8184,0.1194,0.692,0.1194,0.1194,0.1194,0.1194,0.505,0.1194,0.1194,0.1194,0.0704,0.1194,0.1194,0.1194,0.1194,0.1194,0.1194,0.1194,0.1442,0.1194,0.1194,0.536,1.41,0.1116,0.1194,0.1194,0.1194,0.09644,0.1194,0.1194,0.1194,0.1825,0.1194,0.2805,0.10156,0.1194,0.4102,0.09534,0.104,0.1194,0.1194,0.1194,0.1194,0.1194,0.1194,0.1194,0.1194,0.1194,0.1194,0.3613,0.2979,0.1194,0.09753,0.1194,0.1155,0.1194,0.1412,0.1194,0.1194,0.1194,0.0909,0.1194,0.1194,0.1194,0.1194,0.1194,0.1194,0.1194,0.1194,0.1194,0.1194,0.1194,0.1194,0.1194,0.1194,0.1194,0.1194,0.1194,0.1194,0.1194,0.554,0.1089,0.3687,0.1194,0.4387,0.1194,0.1194,0.1194,0.1194,0.1194,0.0705,0.1194,0.1194,0.1194,0.1194,0.1194,0.5767,0.1194,0.1194,0.248,0.1194,0.1194,0.1194,0.2087,0.1194,0.1438,0.1194,0.1194,0.1108,0.1194,0.1194,0.1194,0.168,0.1099,0.1097,0.1194,0.1194,0.1194,0.1194,0.1194,0.6846,0.1051,0.1194,0.1299,0.1401,0.1194,0.1194,0.2015,0.157,0.7817,0.1194,0.1194,0.5645,0.1871,0.1194,0.1194,0.1194,0.11115,0.5444,0.1194,0.1194,0.1194,0.463,0.1194,0.1194,0.1194,0.1194,0.1194,0.1194,0.1194,0.1194,0.1194,0.9756,0.1194,0.1194,0.1194,0.1194,0.1194,0.1194,0.1194,0.1194,0.1178,0.1274,0.1194,0.1194,0.1194,0.1194,0.1194,0.1194,0.1194,0.2075,0.1194,0.1276,0.1194,0.1454,0.1194,0.1194,0.1194,0.1194,0.1109,0.1194,0.1194,0.0869,0.1194,0.1194,0.1194,0.1194,0.1194,0.1682,0.1194,0.1194,0.4758,0.1194,0.1194,0.1791,0.1194,0.1194,0.1194,0.1194,0.1194,0.1194,0.1194,0.1194,0.1194,0.1194,0.10864,0.1194,0.10736,0.1194,0.1194,0.1194,0.1194,0.1194,0.536,0.1157,0.1194,0.1194,0.1194,0.1194,0.1194,0.1194,0.1194,0.1194,0.1194,0.1194,0.1194,0.1194,0.1194,0.1194,0.1194,0.1194,0.1616,0.1194,0.1194,0.1194,0.1194,0.1194,0.1194,0.3167,0.1194,0.1194,0.1194,0.1194,0.1194,0.1194,0.11835,0.845,0.2435,0.256,0.1194,0.963,0.1194,0.1194,0.1194,0.1194,0.1194,0.1194,0.1194,0.1194,0.1194,0.812,0.1194,0.1194,0.1194,0.1194,0.1194,0.1194,0.1194,0.1194,0.1194,0.6294,0.1194,0.1194,0.1194,0.1194,0.1194,0.0707,0.1194,0.1194,0.1194,0.1194,0.205,0.1194,0.1194,0.0757,0.1194,0.1194,0.1194,0.1194,0.1194,0.1194,0.1399,0.1194,0.1194,0.1194,0.1194,0.1194,0.1334,0.0831,0.1194,0.1194,0.9697,0.10205,0.1194,0.6025,0.1194,0.1194,0.1081,0.1194,0.1194,0.5713,0.1194,0.11414,0.333,0.1194,0.1194,0.1014,0.174,0.6025,0.1194,0.1194,0.10944,0.1194,0.1194,0.1194,0.1194,1.848,0.09094,0.1194,0.1194,0.1194,0.1194,0.74,0.514,0.1194,0.1194,0.1194,0.1194,0.1194,0.1194,0.11017,0.1194,0.1194,0.1194,0.1194,0.1194,0.1194,0.1053,0.10126,0.1194,0.11,0.1194,0.1194,0.1194,0.1194,0.1194,0.1194,0.1194,0.1194,0.1157,0.1194,0.1194,0.9185,0.1194,0.1194,0.1194,0.0973,0.1194,0.1092,0.1194,0.1194,0.08795,0.1194,0.1194,0.1194,0.1194,0.1194,0.1353,0.1194,0.549,0.1194,0.1194,0.1194,0.1194,0.1194,0.1194,0.1194,0.1194,0.1194,0.1194,0.1136,0.1194,0.2235,0.1194,0.1194,0.1194,0.1194,0.1194,0.1194,0.1194,0.1194,0.1194,0.1194,0.1194,0.1194,0.1194,0.1194,0.09235,0.1194,0.1194,0.1117,0.1194,0.11084,0.1194,0.1194,0.1726,0.1588,0.1194,0.1194,0.1194,0.1194,1.245,0.6074,0.1194,0.1194,0.1194,0.1194,0.1194,0.1194,0.4294,0.1194,0.1194,0.1194,0.1268,0.1181,0.1092,1.129,0.1194,0.1194,0.1194,0.0795,0.07996,0.1194,0.1194,0.11163,0.1196,1.088,0.1194,0.1194,0.1194,0.1194,0.252,0.1194,0.1006,0.1194,0.1194,0.643,0.1194,0.1194,0.2345,0.1194,0.1194,0.1818,0.1989,0.11084,0.1194,0.1194,0.1194,0.1092,0.1194,0.1194,0.817,0.382,0.1194,0.2051,0.1194,0.09827,0.1194,0.11115,0.1194,0.1194,0.1194,0.1194,0.1194,0.1194,0.1194,0.1194,0.1194,0.10547,0.0978,0.1194,0.1632,0.1194,0.1033,1.116,0.1194,0.09686,0.1194,0.1194,0.1194,0.1194,0.1194,0.1194,0.0948,1.717,0.1194,0.1194,0.1194,0.1194,0.1128,0.1194,0.144,0.1194,0.1194,0.1194,0.1194,0.1194,0.1194,0.8345,0.1194,0.1194,0.1194,0.1194,0.08887,0.1194,0.11365,0.1194,0.1194,0.1194,0.1194,0.1194,0.3765,0.1194,0.1194,0.11127,0.1194,0.1648,0.1194,0.167,0.1194,0.1194,0.1194,0.1194,0.1194,0.1194,0.1194,0.1194,0.1194,0.1161,0.1025,0.597,0.1194,0.5303,0.1194,0.1194,0.1549,0.4797,0.1194,0.1252,0.1194,0.1032,0.1194,0.544,0.1194,0.1194,0.2808
25,0.12463,0.12463,0.7344,0.12463,0.4553,0.91,0.12463,0.12463,0.12463,0.12463,0.12463,0.12463,0.12463,0.12463,0.343,0.12463,0.0969,0.8076,0.1169,0.12463,0.12463,0.12463,0.542,0.09937,0.12463,0.394,0.12463,0.5483,0.2021,0.1661,0.1812,0.12463,0.1034,0.12463,0.12463,0.3232,0.12463,0.12463,0.12463,0.12463,0.12463,0.12463,0.0662,0.1736,0.12463,0.12463,0.07043,0.12463,0.12463,1.832,0.12463,0.12463,0.10535,0.1333,0.12463,0.8164,0.1897,0.12463,0.10364,0.12463,0.9966,0.12463,0.2047,0.2466,0.12463,0.12463,0.951,0.12463,0.12463,0.12463,0.12463,0.12463,0.12463,0.1009,0.12463,0.8794,0.12463,0.2378,0.12463,0.12463,0.12463,0.12463,0.11786,0.12463,0.267,0.12463,0.12463,0.12463,0.12463,0.12463,0.12463,0.1223,0.521,0.0937,0.12463,0.2341,0.12463,0.0833,0.2491,0.2893,0.12463,0.12463,0.2122,0.12463,0.12463,0.12463,0.12463,0.12463,0.207,0.12463,0.12463,0.12463,0.0911,0.12463,0.12463,1.295,0.07996,0.12463,0.12463,0.12463,0.4763,0.12463,0.12463,0.12463,0.12463,0.12463,0.10004,0.12463,0.11584,0.1167,0.12463,0.1849,0.12463,0.1085,0.12463,0.12463,0.12463,0.12463,0.4004,0.12463,0.12463,0.12463,0.12463,0.2195,0.12463,0.12463,0.12463,0.12463,0.12463,0.12463,0.12463,0.11884,0.12463,0.12463,0.12463,0.12463,0.11523,1.066,0.12463,0.1222,0.12463,0.2961,0.12463,0.12463,0.12463,0.12463,0.1198,0.12494,0.12463,0.11707,0.12463,0.12463,0.12463,0.12463,0.4956,0.12463,0.12463,0.5156,0.11597,0.12463,0.12463,0.12463,0.12463,0.12463,0.12463,0.406,0.12463,0.253,0.12463,0.12463,0.12463,0.12463,0.08777,0.173,0.1159,0.12463,0.12463,0.12463,1.522,0.12463,0.08966,0.09033,0.12463,2.027,0.09735,0.072,0.1078,0.12463,0.12463,0.3455,0.12463,0.11304,0.12463,0.12463,0.12463,0.4854,0.12463,0.12463,0.2058,0.12463,0.12463,1.041,0.4824,0.12463,0.12463,0.0941,0.12463,0.12463,0.1019,0.5376,0.2012,0.1105,0.4854,0.12463,0.12463,0.12463,0.3374,0.12463,0.1478,0.12463,0.1487,0.12463,0.1305,0.12463,0.12463,0.12463,0.0994,0.12463,0.12463,0.0998,0.12463,0.12463,0.12463,1.094,0.1273,0.322,0.12463,0.12463,0.12463,0.0833,0.12463,0.12463,0.12463,0.12463,0.12463,0.3052,0.12463,0.1088,0.645,0.12463,0.07074,0.12463,0.12463,0.12463,0.12463,0.12463,0.12463,0.12463,0.12463,0.12463,0.12463,0.12463,0.12463,0.1844,0.12463,0.12463,0.12463,0.12463,0.12463,0.11633,0.12463,0.12463,0.12463,0.185,0.12463,0.12463,0.1213,0.12463,0.12463,0.12463,0.12463,0.0889,0.7676,0.12463,0.10583,0.6313,0.1075,0.12463,0.12463,0.12463,0.2336,0.12463,0.12463,0.12463,0.1139,0.1382,0.12463,0.12463,0.12463,0.9346,0.11786,0.12463,0.5776,1.541,0.12463,0.12463,0.9004,0.12463,0.12463,0.12463,0.12463,0.1179,0.12463,0.12463,0.12463,0.0964,0.3362,0.12463,0.12463,0.12463,0.12463,0.352,0.49,1.333,0.12463,0.212,0.1148,0.12463,0.1827,0.12463,0.1196,0.12463,0.12463,0.12463,0.1727,0.304,0.07697,0.12463,0.12463,0.2155,1.192,0.1188,0.12463,0.1133,0.12463,0.12463,0.12463,0.601,0.783,0.087,0.12463,0.1027,0.12463,0.12463,0.1245,0.1783,0.12463,0.12463,0.12463,0.604,0.12463,0.1196,0.1112,1.088,0.12463,0.1342,0.11914,0.1166,0.12463,0.12463,0.12463,0.12463,0.08496,0.12463,0.1071,0.12463,0.787,0.12463,0.1466,0.12463,1.257,0.12463,0.1117,0.12463,0.0876,0.1028,0.11224,0.1688,0.12463,0.12463,0.1024,0.9478,0.12463,0.12463,0.12463,0.12463,0.1871,0.12463,0.12463,0.12463,0.12463,0.12463,0.1093,0.12463,0.12463,0.1991,0.12463,0.12463,0.12463,0.12463,0.6353,0.12463,0.12463,0.12463,0.1305,0.12463,0.12463,0.12463,0.483,0.12463,0.12463,0.12463,0.12463,0.11005,0.10236,0.12463,0.323,0.1164,0.12463,0.12463,0.12463,0.12463,0.12463,0.12463,0.12463,0.1159,0.12463,0.12463,0.1902,0.12463,0.12463,0.12463,0.1151,0.12463,0.12463,0.12463,0.12463,0.12463,0.1016,0.12463,0.12463,0.12463,0.2734,0.12463,0.12463,0.12463,0.1293,0.12463,0.1,0.12463,0.12463,0.927,0.3096,0.12463,0.12463,0.12463,0.12463,0.12463,0.12463,0.12463,0.12463,0.2527,0.4214,0.12463,0.12463,0.12463,0.12463,0.12463,0.12463,0.12463,0.12463,0.12463,0.12463,0.1775,0.12463,0.12463,0.12463,0.104,0.12463,0.12463,0.12463,0.12463,0.08813,0.09546,0.2217,0.12463,0.12463,0.12463,0.12463,0.12463,0.0742,0.12463,0.12463,0.998,0.4834,0.12463,0.12463,0.12463,0.12463,0.12463,0.12463,0.12463,0.12463,0.12463,0.12463,0.12463,0.12463,0.12463,0.1134,0.12463,0.12463,0.12463,0.12463,0.1207,0.0701,0.23,0.12463,0.12463,0.12463,0.4138,0.1114,0.12463,0.12463,0.8237,0.12463,0.5137,0.12463,0.12463,0.12463,0.12463,0.12463,0.12463,0.12463,0.12463,0.12463,0.09973,0.12463,0.0931,0.12036,0.12463,0.12463,0.12463,0.12463,0.4849,0.114,0.12463,0.9307,0.12463,0.3477,0.12463,0.12463,0.12463,0.12463,0.12463,0.12463,0.12463,0.12463,0.12463,0.1162,0.12463,0.1372,0.11053,0.12463,0.12463,0.12463,0.12463,0.4375,0.06244,0.12463,0.12463,0.12463,0.12463,0.12463,0.12463,0.12463,0.252,0.12463,0.12463,0.0231,0.12463,0.7993,0.12463,0.12463,0.12463,0.3975,0.4692,0.12463,0.12463,0.2808,0.12463,0.12463,0.12463,0.7095,0.2878,0.093,0.3293,0.12463,0.12463,0.11884,0.0968,0.0858,0.6216,0.129,0.12463,0.12463,0.12463,0.4182,0.3914,0.12463,0.12463,0.12463,0.12463,0.1637,0.12463,0.12463,0.12463,0.12463,0.12463,1.28,0.12463,0.12463,0.12463,0.12463,0.12317,0.12463,0.6387,0.12463,0.12463,0.12463,0.12463,0.09247,0.12463,0.298,0.12463,0.12463,0.12463,0.12463,0.2454,0.1236,0.468,0.12463,0.12463,0.12463,0.12463,0.12463,0.12463,0.12463,0.12463,0.1761,0.12463,0.12463,0.12463,0.12463,0.1163,0.1053,0.12463,0.12463,0.645,0.12463,0.12463,0.5796,0.12463,0.12463,0.12463,0.12463,0.1963,0.12463,0.1619,0.06207,0.12463,0.12463,0.12463,0.12463,0.12463,0.12463,0.12463,0.1882,0.1153,0.11975,0.1472,0.12463,0.573,0.12463,0.12463,0.12463,0.12463,0.12463,1.681,0.3584,0.12463,0.12463,0.12463,0.818,0.12463,0.12463,0.12463,0.12463,0.0953,0.5825,0.12463,0.4639,0.586,0.12463,0.12463,0.2075,0.12463,0.12463,0.1223,0.12463,0.12463,0.12463,0.12463,0.12463,0.12463,0.12463,0.1061,0.969,0.12463,0.12463,0.12463,0.12463,0.12463,0.25,0.8413,0.12463,0.12463,0.12463,0.0707,0.12463,0.12463,0.12463,0.99,0.12463,0.12463,0.12463,0.12463,0.12463,0.12463,0.677,0.12463,0.08105,0.12463,0.693,0.12463,0.0859,0.12463,0.12463,0.12463,0.12463,0.12463,0.12463,0.12463,0.12463,0.4229,0.12463,0.12463,0.5244,0.12463,0.1041,0.827,0.12463,0.12463,0.12463,0.12463,0.2693,0.12463,0.12463,0.2805,0.12463,0.12463,0.12463,0.12463,1.041,0.12463,0.12463,0.12463,0.12463,0.12463,0.12463,0.12463,0.12463,0.12463,0.403,0.12463,0.12463,0.12463,0.12463,0.12463,0.12463,1.291,0.12463,0.2568,0.12164,0.12463,1.238,0.614,0.12115,0.1012,0.12463,0.3726,0.12463,0.12463,0.12463,0.12463,1.01,0.4666,0.12463,0.12463,0.12463,0.0866,0.11774,0.12463,0.686,0.12463,0.1055,0.12463,0.12463,0.1037,0.1181,0.12463,0.12463,0.12463,0.0939,0.12463,0.12463,0.12463,0.12463,0.12463,0.12463,0.12463,0.556,0.12463,0.12463,0.0906,0.12463,0.171,0.12463,0.12463,0.12463,0.12463,0.12463,0.12463,0.12463,0.12463,0.12463,0.12463,0.1016,0.12463,0.12463,0.12463,0.12463,0.12463,0.12463,1.05,0.1781,0.1079,0.12463,0.2798,0.12463,0.12463,0.1328,0.12463,0.12463,0.7124,0.12463,0.12463,0.12463,0.1967,0.12463,0.12463,0.114,0.12463,0.597,0.12463,0.12036,0.12463,0.12463,0.12463,0.1029,0.12463,0.12463,0.3464,0.2527,0.4897,0.083,0.12463,0.12463,0.12463,0.12463,0.12463,0.12463,0.12463,0.12463,0.12463,0.2534,0.12463,0.12463,0.12463,0.12463,0.0796,0.12463,0.12463,0.12463,0.2334,0.12463,0.12463,0.2703,0.1192,0.12054,0.2303,0.12463,0.5674,0.12463,0.27,0.598,0.10767,0.229,0.165,0.12463,0.12463,0.12463,0.12256,0.12463,0.2362,0.12463,0.12463,0.12463,0.1156,0.1181,0.0758,0.12463,0.10004,0.3396,0.12463,0.12463,1.098,0.12463,0.1571,0.12463,0.12463,0.12463,0.12463,0.12463,0.12463,0.12463,0.12463,0.2445,0.12463,0.12463,0.12463,0.12463,0.12463,0.12463,0.1049,1.087,0.9995,0.12463,0.535,0.12463,0.12463,0.12463,0.3196,0.12463,0.12463,0.12463,0.12463,0.12463,0.12463,0.5073,0.12463,0.12463,0.12463,0.122,0.12463,0.08636,0.12463,0.12463,0.10333,0.12463,0.3347,0.12463,0.12463,0.12463,0.12463,0.12463,0.12463,0.12463,0.12463,0.12463,0.12463,0.12463,0.9316,0.12463,0.12463,0.06052,0.905,0.12463,0.7847,0.12463,0.12463,0.12463,0.12463,0.8623,0.12463,0.12463,0.5054,0.12463,0.2361,0.12463,0.6284,0.8604,0.12463,0.12463,0.12463,0.12463,0.12463,0.12463,0.0978,0.1133,0.12463,0.12463,0.12463,0.12463,0.11835,0.1489,0.12463,0.6875,0.12463,0.57,0.12463,0.12463,0.10785,0.12463,0.12463,0.0942,0.12463,0.1083,0.12463,0.12463,0.0729,0.12463,0.12463,0.12463,0.12463,0.1097,0.12463,0.3093,0.12463,0.12463,0.12463,0.12463,0.12463,0.12463,0.1866,0.07104,0.12463,0.12463,0.11743,0.1125,0.12463,0.12463,0.12463,0.12463,0.12463,0.12463,0.12463,0.12463,0.12463,0.12463,0.12463,0.12463,0.12463,0.12463,0.4265,0.12463,0.12463,0.12463,0.12463,1.822,0.12463,0.12463,0.879,0.12463,0.12463,0.554,0.145,0.12463,2.088,0.1882,0.12463,0.12463,0.12463,0.12463,0.12463,0.12463,0.12463,0.12463,0.1086,0.12463,0.12463,0.12463,0.12463,0.12463,0.12463,0.12463,0.12463,0.10895,0.1137,0.12463,0.1095,0.1536,0.12463,0.12463,0.12463,0.1115,0.12463,0.12463,0.12463,0.12463,0.1161,0.12463,0.12463,0.12463,0.12463,0.12463,0.12463,0.2673,0.12463,0.12463,0.12463,0.12463,0.09247,0.1603,0.11615,0.4277,0.12463,0.1082,0.12463,1.181,0.4973,0.12463,0.12463,0.351,0.12463,0.12463,0.10236,0.12463,0.12463,0.7114,0.12463,0.1287,0.12463,0.12463,0.12463,0.12463,0.12463,0.489,0.1141,0.12463,0.2001,0.12463,0.4045,0.15,0.1967,0.7983,0.12463,0.12463,0.12463,0.12463,0.12463,0.12463,0.12463,0.12463,0.12463,0.12463,0.12463,0.0891,0.142,0.124,0.0941,0.12463,0.12463,0.12463,0.2354,0.12463,0.12463,0.12463,0.11444,0.12463,0.5693,0.5166,0.12463,0.12463,0.12463,0.4905,0.12463,0.12463,0.12463,0.4875,0.1107,0.12463,0.12463,0.5596,0.1055,0.12463,0.12463,0.12463,0.12463,0.12463,0.12463,0.12463,0.12463,0.09875,0.0972,0.11115,0.12463,0.1169,0.12463,0.12463,0.12463,0.12463,0.12463,0.12463,0.0799,0.12463,0.12463,0.12463,0.12463,0.0966,0.12463,0.12463,0.6665,0.0852,0.12463,0.12463,0.12463,0.12463,0.12463,0.12463,0.1183,0.12463,0.12463,0.12463,0.12463,0.1045,0.0781,0.11444,0.12463,0.481,0.12463,0.12463,0.1195,0.3323,0.12463,0.12463,0.12463,0.12463,0.1242,0.12463,0.12463,0.4773,0.604,0.0882,0.12463,0.12463,0.1045,0.12463,0.12463,0.12463,0.12463,0.12463,0.8506,0.1156,0.12463,0.12463,0.2448,0.12463,0.12463,0.12463,0.12463,0.12463,0.2815,0.12463,0.12463,0.12463,0.12463,0.1043,0.12463,0.12463,0.12463,0.12463,0.12463,0.3113,0.12463,0.2437,0.12463,0.111,0.12463,0.12463,0.2056,0.12463,0.12463,0.9585,0.12463,0.11035,0.12463,0.12463,0.12463,0.12463,0.12463,0.547,0.12463,0.0957,0.12463,0.12463,0.12463,0.714,0.12463,0.12463,0.12463,0.12463,0.11255,0.4082,0.12463,0.12463,0.12463,0.1133,0.12463,0.12463,0.12463,0.12463,0.12463,0.11255,0.1152,0.12463,0.12463,0.863,0.12463,0.361,0.12463,0.12463,0.12463,0.11597,0.12463,0.12463,0.12463,0.11273,0.12463,0.12463,0.12463,0.1335,0.12463,0.12463,0.1042,0.12463,0.1522,0.07886,0.12463,0.12463,0.12463,0.12463,2.188,0.12463,0.12463,0.12463,0.138,0.12463,0.12463,0.25,0.12463,0.12463,0.12463,0.12463,0.12463,0.12463,0.12463,0.12463,0.12463,0.12463,0.11945,0.12463,0.424,0.1074,1.461,0.12463,0.12463,0.12463,0.12463,0.1109,0.12463,0.12463,0.4382,0.12463,1.379,0.12463,0.12463,0.09686,0.1125,0.3145,0.12463,0.12463,0.12463,0.1964,1.355,0.1115,0.12463,0.12335,0.12463,0.12463,0.12463,0.12463,0.12463,0.12463,0.12463,0.1126,0.08777,0.2235,0.12463,0.12463,0.12463,0.12463,0.12463,0.12463,0.3928,0.12463,0.12463,0.12463,0.12463,0.12463,0.3738,0.11456,0.12463,0.12463,0.12463,0.1195,0.12463,0.12463,0.1005,0.12463,0.4023,0.514,0.12463,0.0986,0.12463,0.1138,0.12463,0.12463,0.12463,0.5923,0.12463,0.12463,0.12463,0.1132,0.12463,0.0835,0.12463,0.4116,0.12445,0.12463,0.12463,0.8955,0.12463,0.12463,0.1105,0.6733,0.12463,0.12463,0.326,0.12463,0.11176,0.6133,0.12463,0.12463,0.12463,0.12463,0.12463,0.9507,0.2283,0.4316,0.12463,0.2374,0.12463,0.12463,0.0934,0.12463,0.0927,0.10455,0.12463,0.12463,0.12463,0.12195,0.189,0.12463,0.12463,1.857,0.1711,0.12463,0.12463,0.8228,0.12463,0.3245,0.12463,0.12463,0.12463,0.12463,1.097,0.12463,0.1245,0.1195,0.12463,0.12463,0.4226,0.12463,0.12054,0.9683,0.12463,0.3652,0.12463,0.12463,0.12463,0.12463,0.12463,0.12463,0.12463,0.12463,0.1317,0.12463,0.2917,0.12463,1.128,0.12463,0.12463,0.12463,0.12463,0.12463,0.11536,0.12463,0.12463,0.12463,0.12463,0.12463,0.12463,0.0725,0.12463,0.12463,0.6304,0.12463,0.2668,0.12463,0.0982,0.12463,0.12463,0.10284,0.12463,0.12463,1.863,0.12463,0.12463,0.12463,0.12463,0.12463,0.12463,0.4187,0.12463,0.12463,0.12463,0.12463,0.12463,0.12463,0.1923,0.6943,0.12463,0.12463,0.1222,0.12463,0.12463,0.12463,0.12463,0.12463,0.3804,0.1306,0.12463,0.12463,1.391,0.1216,0.12463,0.12463,0.12463,0.12463,0.12463,0.12463,0.12463,0.12463,0.1014,0.12463,0.12463,0.12463,0.12463,2.45,0.3574,0.1732,0.12463,0.12463,0.12463,0.12463,0.12463,0.25,0.12463,1.251,0.1859,0.11554,0.12463,0.3398,0.10693,0.12463,0.12463,0.12463,0.319,0.12463,0.12463,0.12476,0.12463,0.12463,0.12463,0.11865,0.1082,0.12463,0.12463,0.1765,0.1476,0.12463,0.12463,0.10376,0.12463,0.7456,0.12463,0.897,0.4326,0.11865,0.10547,0.13,0.12463,0.12463,0.12463,1.156,0.12463,0.1135,0.09607,0.12463,0.12463,0.888,0.12463,0.12463,0.2712,0.12463,0.12463,0.12463,0.10693,0.8535,0.12463,1.313,0.12463,0.12463,0.12463,0.259,0.12463,0.1235,0.12463,0.12463,0.12463,0.12463,0.11035,0.2827,0.5977,0.12463,0.12463,0.3738,0.12463,0.12463,0.12256,0.12463,0.12463,0.08105,0.12463,0.12463,0.12463,0.12494,0.37,0.12463,0.12463,0.12,0.4197,0.12463,0.12463,0.12463,0.12463,0.1185,0.12463,0.12463,0.12463,0.12463,0.2278,0.12463,0.12463,0.12463,0.12463,0.12463,0.12463,0.12463,0.2191,0.4146,0.12463,0.12463,0.09973,0.12463,0.12463,0.2373,0.2717,1.251,0.12463,0.12463,0.08105,1.676,0.12463,0.12463,0.12463,0.12463,0.12463,0.12463,0.12463,0.12463,0.1627,0.12463,0.12463,0.12463,0.12463,0.12463,0.08435,0.12463,0.12463,0.12463,0.12463,0.12463,0.12463,0.12463,0.253,0.0931,0.08746,0.12463,0.113,0.2251,0.3572,0.12463,0.9004,0.12463,0.12463,0.3809,0.12463,0.3767,0.3389,0.11725,0.1044,0.12463,0.12463,0.12463,0.12463,0.12463,0.12463,0.12463,0.12463,0.12463,0.12463,0.2793,0.12463,0.203,0.12463,0.12463,0.12463,0.12463,0.232,0.1334,0.12463,0.3657,0.12463,0.12463,0.383,0.12463,0.12463,0.1066,0.12463,0.12463,0.12463,0.6455,0.1018,0.12463,0.12463,0.12463,0.12463,0.12463,0.3567,0.12463,0.12463,0.12463,0.3723,0.12463,0.12463,0.3735,0.12463,0.1013,0.12463,0.3242,0.12463,0.12463,0.12463,0.12463,0.12463,0.12463,0.12463,0.12463,0.12463,0.12463,0.12463,0.12463,0.1593,0.09,0.12463,0.12463,0.12463,0.12463,0.12463,0.12463,0.1175,0.12463,0.1307,0.0808,0.12463,0.12463,0.12463,0.12463,0.12463,0.129,0.12463,0.12463,0.12463,0.0964,0.12463,0.12463,0.3298,0.12463,0.12463,0.12463,0.1039,0.12463,0.12463,1.164,0.3125,1.061,0.12463,0.12463,0.12463,0.12463,0.12463,0.12463,0.2223,0.09985,0.12463,0.592,0.1858,0.429,0.12463,0.8037,0.147,0.12463,0.12463,0.1243,0.12463,0.0692,0.1289,0.12463,1.305,0.12463,0.12463,0.12463,0.12463,0.12463,0.12463,0.115,0.12463,1.114,0.12463,0.753,0.12463,0.1393,0.12463,0.12463,0.12463,0.12463,0.12463,0.12463,0.209,0.12463,0.0856,0.12463,0.12463,0.1406,0.12463,0.12463,0.9136,0.296,0.1261,0.12463,0.1067,0.12463,0.12463,0.12463,0.08246,0.12463,0.12463,0.12463,0.12463,0.12463,0.12463,0.12463,0.08124,0.12463,0.4768,0.12463,0.12463,0.12463,0.12463,0.12463,0.1915,0.12463,0.12463,0.12463,0.12463,0.12463,0.12463,0.5854,0.1455,0.578,0.1996,0.11316,0.12463,0.12463,0.12463,0.982,0.12463,0.2644,0.12463,0.08215,0.12463,0.12463,0.12463,0.12463,0.12463,0.12463,0.12463,0.12463,0.12463,0.1172,0.12463,0.327,0.12463,0.12463,0.1156,0.12463,0.12463,0.12463,0.12463,0.12463,0.12463,0.12463,0.2698,0.2251,0.11816,0.4067,0.1276,0.12463,0.12463,0.12463,0.12463,0.12463,0.12103,0.1499,0.12463,0.2534,0.12463,0.12463,0.12463,0.11633,0.07635,0.12463,0.1255,0.12463,0.12463,0.1245,0.12463,0.1026,0.12463,0.12463,0.12463,0.12463,0.12463,0.1628,0.12463,0.12463,0.6914,0.1467,0.5703,0.12463,0.5024,0.12463,0.12463,0.59,0.12463,0.12463,0.6504,0.631,0.12463,0.08795,0.12463,0.12463,0.12463,0.12463,0.12463,0.12463,0.12463,0.12463,0.12463,0.1501,0.2964,0.12463,0.12463,0.12463,0.269,0.669,0.12463,0.1162,0.12463,0.12463,0.12463,0.12463,0.12463,0.12463,0.12463,0.4836,0.12463,0.0999,0.12463,0.2651,0.12463,0.12463,0.12463,1.821,0.12463,0.12463,0.12463,1.225,0.992,0.12463,0.12463,0.9062,0.12463,0.12463,0.12463,0.12463,0.368,0.4111,0.12463,0.12463,0.12463,0.12463,0.12463,0.12463,0.12463,0.1051,0.12463,0.12463,0.12463,0.825,0.12463,0.12463,0.12463,1.084,0.12463,0.2659,0.12463,0.12463,0.11584,1.064,0.12463,0.12463,0.212,0.0917,0.12463,0.12463,0.12463,0.1078,0.12463,0.12463,0.0764,0.09375,0.12463,0.12463,0.09125,0.12463,0.12463,0.1271,0.12463,0.12463,0.12463,0.12463,0.10846,0.12427,0.12463,0.0869,0.12463,0.12463,0.12463,0.12463,0.1453,0.0988,0.1054,0.1183,0.12463,0.12463,0.12463,0.12463,0.12463,0.667,0.1302,0.12463,0.6216,0.12463,0.12463,0.6445,0.12463,0.4617,0.10315,0.1172,0.12463,0.12463,0.252,0.12463,0.12463,0.12463,0.12463,0.12463,0.5884,0.12463,0.1661,0.12463,0.12463,0.12463,0.12463,0.12463,0.12463,0.12463,0.3013,0.07605,0.12463,0.12463,0.12463,0.12463,0.12463,0.12463,0.10815,0.115,0.12463,0.12463,0.12463,0.376,0.12463,0.1647,0.0999,0.12463,0.12463,0.12463,0.1617,0.12463,0.12463,0.11914,0.12463,0.11725,0.1141,0.12463,1.969,0.12463,0.12463,0.5063,0.12463,0.601,0.12195,0.4788,0.12463,0.12463,0.12463,0.12463,0.12463,0.12463,0.12463,0.06555,0.12463,0.12463,0.12463,0.12463,0.12463,0.12463,0.12463,0.7827,1.822,0.12463,0.12463,0.12463,1.325,0.12463,0.1815,0.4548,0.12463,0.12463,0.12463,0.12463,0.12463,0.7056,0.119,0.12463,0.12463,0.6665,0.12463,0.12463,0.12463,0.06354,0.12463,0.12463,0.12463,0.12463,0.12463,0.0669,0.12463,0.12463,0.576,0.12463,0.12463,0.12463,0.12463,0.1305,0.12463,0.12463,0.12463,0.543,0.12463,0.12463,0.12463,0.12463,0.1929,0.12463,0.12463,0.1646,0.12463,0.12463,0.12463,0.12463,0.12463,0.12463,0.12463,0.4507,1.236,0.12463,0.0941,0.12463,0.12463,0.94,1.895,0.12463,0.12463,0.12463,0.12463,0.12463,0.12463,0.12463,0.12463,0.12463,0.12463,0.12463,0.12463,0.3828,0.0699,0.12463,0.12463,0.12463,0.416,0.1724,0.12463,1.139,0.12463,0.1827,0.12463,0.12463,0.12463,0.12463,0.12463,0.12463,0.12463,0.12463,0.2676,0.0947,0.12463,0.10223,0.12463,0.12463,0.12463,0.12463,0.12463,0.1199,0.12463,0.12463,0.12463,0.12463,0.1427,0.12463,0.2478,0.12463,0.12463,0.12463,0.0954,0.3054,0.12463,0.12463,0.5645,0.12463,0.1154,0.12463,0.12463,0.12463,0.12463,0.12286,0.311,0.12463,0.53,0.08606,0.3696,0.1228,0.12463,0.12463,0.12463,0.10956,0.9263,0.1011,0.10596,0.12463,0.12463,0.12463,0.12463,0.12463,0.12463,0.7607,0.12463,0.4268,0.0986,0.725,0.12463,0.12463,0.12463,0.1037,0.12463,0.4236,0.282,0.12463,0.12463,0.12463,0.2485,0.12463,0.12463,0.1191,0.12463,0.12463,0.12463,0.1204,0.12463,0.12463,0.12463,0.1093,1.079,0.12463,0.12463,0.12463,0.1165,0.12463,0.12463,0.12463,0.12463,0.1136,0.12463,0.12463,0.2976,0.12463,0.12463,0.12463,0.12463,0.12463,0.10095,0.12463,1.334,0.12463,0.12463,0.12463,0.11835,0.12463,0.12463,0.1537,0.12463,0.0748,0.75,0.0715,0.12463,0.12463,0.12463,0.1266,0.12463,0.12463,0.12463,0.12463,0.12463,0.1208,0.5894,0.12463,0.12463,0.12463,0.1084,0.12463,0.12463,0.12463,0.12463,0.1217,0.12463,0.12463,0.12463,0.12463,0.12463,0.12463,0.12463,0.2487,0.12463,0.12463,0.12463,0.12463,0.12463,0.12463,0.3804,0.12463,0.12463,0.12463,0.1161,0.4458,0.12463,0.1963,0.1487,0.536,0.12463,0.12463,0.595,0.12463,0.12463,0.1164,0.12463,0.1152,0.12463,0.12463,0.12463,0.12463,0.12463,0.12463,0.12463,0.1027,0.12463,0.12463,0.12463,0.0855,0.12463,0.12463,0.12463,0.12463,0.12006,0.12463,0.12463,0.08575,0.12463,0.3506,0.1123,0.12463,0.12463,0.12463,0.1037,0.4893,0.12463,0.11615,0.12463,0.12463,0.12463,0.12463,0.1172,0.12463,0.12463,0.12463,0.12463,0.12463,0.12463,0.12463,0.12463,0.1204,0.09467,0.7617,0.12463,0.12463,0.1163,0.12463,1.788,0.12463,0.1126,0.12463,0.416,0.12463,0.12463,0.12463,0.1059,0.3247,0.12463,0.4902,0.12463,0.12463,0.228,0.1028,0.12463,0.12463,0.12463,0.716,0.09106,0.12463,0.12067,0.12463,0.1227,0.12463,0.1356,1.258,0.12463,0.12463,0.12463,0.3738,0.4033,1.001,0.12463,0.12463,0.1619,0.12463,0.12463,0.12463,0.1182,0.09125,0.12463,0.1442,0.255,0.12463,0.12463,0.0806,0.12463,0.12463,0.12463,0.1213,0.529,0.12463,0.12463,0.12463,0.12463,0.12463,0.12463,0.10394,0.12463,0.12463,0.2627,0.12463,0.12463,0.12463,0.12463,0.2269,0.1675,0.12463,0.12463,0.12463,0.12463,0.09814,0.12463,0.12463,0.12463,1.057,0.12463,0.12463,0.12463,0.2385,0.625,0.381,0.12463,0.12463,0.3264,0.12463,0.12463,2.193,0.12463,0.12463,0.12463,0.12463,0.12463,0.12463,0.12463,0.1202,0.12463,0.12463,0.12463,0.12463,0.12463,0.12463,0.12463,0.12463,0.12463,0.1273,0.6416,0.12463,0.2737,0.12463,0.12463,0.12463,0.12463,0.12463,0.12463,0.2842,0.12463,0.4019,0.0885,0.12463,0.1635,0.12396,0.3997,0.11725,0.12463,0.12463,0.12463,0.1169,0.10956,0.11926,0.12463,0.1764,0.12463,0.12463,0.653,0.12463,0.12463,0.12463,0.12463,0.1707,0.12463,0.12463,0.11725,0.3296,0.916,0.12463,0.12463,0.12463,0.12463,0.12463,0.12463,0.9307,0.08044,0.12463,0.12463,0.1212,0.12463,0.1163,0.12463,0.3086,0.12463,0.12463,0.12463,0.12463,0.12463,0.12463,0.12463,0.1342,0.12463,0.07294,0.1493,0.1131,0.1212,0.12463,0.12463,0.12463,0.12463,0.0948,0.12463,0.12463,0.12463,0.12463,0.0854,0.1051,0.12463,0.2878,0.12463,0.12463,0.12463,0.4426,0.558,0.4502,0.12463,0.0942,0.07684,0.12463,0.12463,0.12463,1.004,0.12463,0.12463,0.12463,0.12463,0.12463,0.12463,0.12463,1.547,0.2202,0.12463,0.12463,0.12463,0.12463,0.12463,0.12463,0.08496,0.547,0.12463,0.12463,0.12463,0.12463,0.12463,0.12463,0.0941,0.12463,0.12463,1.377,0.12463,0.12463,0.8413,0.4075,0.12463,0.119,0.12463,0.1644,0.12463,0.12463,0.12463,0.12463,0.2905,0.9204,0.12463,1.008,0.12463,0.1273,0.12463,0.12463,0.2734,0.12463,0.12463,0.12463,0.12463,0.12463,0.1437,0.12463,0.12463,0.5938,0.12463,0.1853,0.12463,0.12463,0.12463,0.12463,0.10675,0.12463,0.12463,0.12463,0.12463,0.12463,0.12463,0.12463,0.12463,0.12463,0.12463,0.12463,0.12463,0.12463,0.12463,0.12463,0.0886,0.777,0.12463,0.12463,0.1146,0.12463,0.03436,0.12463,0.1105,0.2131,0.12463,0.12463,0.0848,0.4094,0.12463,0.12463,0.12463,0.12463,0.12463,0.12463,0.12463,0.12463,0.12463,0.12463,0.08673,0.06854,0.591,0.12463,0.12463,0.104,0.4338,0.6436,0.12463,0.449,0.1252,0.12463,0.1223,0.12463,0.12463,0.1984,0.1323,0.12463,0.12463,0.12463,0.12463,0.3892,0.12463,0.12463,0.1434,0.1465,0.12463,0.12463,0.12463,0.12463,0.10156,0.09155,0.12463,0.12463,0.12463,0.3547,0.12463,0.12463,0.12463,0.12463,0.12463,0.12463,0.4924,0.12463,0.4907,0.2573,0.12463,0.12463,0.12463,0.12463,0.12463,0.12463,0.1183,0.1002,0.122,0.12463,0.12463,0.12463,0.12463,0.57,0.12463,0.12463,0.12463,0.12463,0.1161,0.12463,0.12463,0.12463,0.11395,0.11896,0.12463,0.12463,0.12463,0.12463,0.12463,0.11816,0.12463,0.4048,0.12463,0.05124,0.12463,0.12463,0.2334,0.12463,0.08325,0.12463,0.0851,0.12463,0.12463,0.12463,0.1152,0.12463,0.12463,0.214,0.12463,0.12463,0.12463,1.495,0.12463,0.543,0.2708,0.12463,0.2742,0.12463,0.12463,0.6665,0.12463,0.12463,0.12463,0.12463,0.1139,0.12463,0.656,0.12463,0.1102,0.8047,0.1274,0.12463,0.3616,0.12463,0.423,0.12463,0.2123,0.12463,0.12463,0.124,0.263,0.0802,0.47,0.12463,0.12463,0.12463,0.12463,0.11426,0.12463,0.12463,0.12463,0.12463,0.319,0.12463,0.12463,0.45,0.2532,0.12463,0.12463,0.12463,0.1194,0.12463,0.12463,0.12463,0.4043,0.12463,0.1165,0.977,0.12463,0.12463,0.12463,0.12463,0.12463,0.5376,0.12463,0.12463,0.11365,0.12463,0.12463,0.1589,0.12463,0.12463,0.12463,0.12463,0.12463,0.12463,0.12463,0.163,0.12463,0.1499,0.12463,0.12463,0.12463,0.12463,0.12463,0.2013,0.09796,0.12463,0.12463,0.12463,0.1111,0.12463,0.113,0.09784,0.9014,0.12463,0.199,0.0916,0.12463,0.12463,0.12463,0.12463,0.4604,0.12463,0.1125,0.12463,0.12463,0.12195,0.11975,0.12463,0.1954,0.12463,0.12463,0.12463,0.12463,0.1158,0.12463,0.12463,0.09247,0.12463,0.12463,0.1132,0.201,0.09454,0.1159,0.12463,0.49,0.12463,0.12463,0.12463,0.12463,0.12463,0.1066,0.8784,0.12463,0.12463,0.0906,0.11755,0.12463,0.12463,0.364,0.799,0.12463,0.1016,0.5713,0.12463,0.0892,0.11163,0.105,0.12463,0.12463,0.12463,0.12463,0.1855,0.11237,0.12463,0.318,0.0692,0.12463,0.12463,0.0944,0.1636,0.12463,0.1051,0.12463,0.12463,0.12463,0.5273,0.4346,0.12463,0.12463,0.1432,0.12463,1.152,0.6987,0.12463,0.12463,0.12463,0.12463,0.12463,0.324,0.08514,0.12463,0.1233,0.12463,0.11884,0.12463,0.12463,0.1063,0.523,0.12463,1.028,0.9214,0.12463,0.12463,0.193,0.8506,0.12463,0.12463,0.1138,0.931,0.12463,0.12463,0.12463,0.4126,0.12463,0.12463,0.12463,0.12463,0.12463,0.094,0.12463,0.12463,0.737,0.12463,0.12463,0.12463,0.12463,0.098,0.12463,0.12463,0.12463,0.12463,0.12463,0.113,0.2993,0.12463,0.12463,1.135,0.12463,0.9893,0.2896,0.12463,0.1146,0.12463,0.12463,0.1903,0.12463,0.12463,0.12463,0.2344,0.3376,0.12463,0.12463,0.3635,0.1065,0.12463,0.12463,0.12463,0.12463,0.12463,0.935,0.12463,0.8457,0.12463,0.12463,0.3704,0.9316,0.12463,0.11584,0.12463,0.12463,0.4443,0.3271,0.1389,0.12463,0.12463,0.12463,0.12463,0.12463,0.12463,0.1073,0.12463,0.12463,0.689,0.12463,0.12463,0.12463,0.12463,0.1013,0.12463,0.3933,0.12463,0.12463,0.10596,0.12463,0.678,0.12463,0.12463,0.4065,0.12463,0.12463,0.12463,0.12463,0.718,0.12463,0.12463,0.12463,0.118,0.0874,0.1117,0.1465,0.12463,0.12463,0.12463,0.12463,0.1268,0.721,0.4692,0.1371,0.12463,0.12463,0.1022,0.12463,1.628,0.12463,0.12463,0.0965,0.1028,0.6235,0.5156,0.12463,0.2314,0.12463,0.12463,0.12463,0.12463,0.14,0.12463,0.12463,0.12463,0.12463,0.157,0.8945,0.12463,0.12463,0.12463,0.12463,1.401,0.12463,0.12463,0.12463,0.12463,0.0961,0.12463,1.145,0.12463,0.12244,0.12463,0.12463,0.12463,0.12463,0.12463,0.12463,0.12463,0.12463,0.12463,0.12463,0.12463,0.11206,0.12463,0.12463,0.12463,0.12463,0.12463,0.12463,0.12463,0.12463,0.12463,0.12463,0.12463,0.12463,0.2356,0.12463,0.12463,0.12463,0.12463,0.12463,0.3188,0.12463,0.3042,0.12463,0.12463,0.523,0.1156,0.1148,0.5806,0.348,0.12463,0.12463,0.12463,0.088,0.377,0.12463,0.11536,0.8105,0.12463,0.11053,1.158,0.12463,0.7256,0.10974,0.12463,0.12463,0.12463,0.1833,0.12463,0.12463,0.12463,0.12463,0.12463,0.12463,0.12463,0.12463,0.12463,0.1229,0.12463,0.12463,0.12463,0.12463,0.12463,0.12463,0.12463,0.12463,0.12463,0.421,0.12463,0.0779,0.11615,0.12463,0.12463,0.12463,0.12463,0.12463,0.12463,0.12463,0.12463,0.12463,0.12463,0.12463,0.12463,0.12463,0.12463,0.504,0.1153,0.12463,0.1073,0.0841,0.6475,0.12463,0.12463,0.12463,0.12463,0.12463,0.12463,0.12463,0.12463,0.12463,0.12463,0.12463,0.12463,0.12463,0.1087,1.316,0.12463,0.12463,0.12463,0.05276,0.12463,0.12463,0.12463,0.12463,0.12463,0.12463,0.12463,0.12463,0.12463,0.12463,0.12463,0.12463,0.12463,0.12463,0.223,0.12463,0.12463,0.2617,0.12463,0.6313,0.12463,0.1536,0.12463,0.12463,0.623,0.12463,0.12463,0.0816,0.12463,0.12463,0.07526,0.12463,0.12463,0.12463,0.12463,0.2993,0.12463,0.3633,0.12463,0.0733,0.12463,0.1096,0.12463,0.1034,0.1533,0.12463,0.12463,0.338,0.12463,0.11584,0.534,0.096,0.12463,0.12463,0.12463,0.3115,0.2137,0.2917,0.12463,0.12463,0.12463,0.12463,0.1178,0.2137,0.115,0.12463,0.12463,0.345,0.12463,0.12463,0.12463,0.12463,0.12463,0.12463,0.12463,0.12463,0.12463,1.511,0.12463,0.12463,0.12463,0.12463,0.12463,0.12463,0.1704,0.098,0.12427,0.12463,0.1343,0.0995,0.12463,0.12463,0.12463,0.12463,0.12463,0.12463,0.12463,0.483,0.7793,0.12463,0.2413,0.12463,0.12463,0.12463,0.12463,0.12463,0.218,0.12463,0.5723,0.12463,0.12463,0.1488,0.12463,0.12463,0.847,0.12463,0.494,0.12463,0.09094,0.12463,0.12463,0.4565,0.12463,0.1126,0.12463,0.1555,0.12463,0.12463,0.12463,0.12463,0.12463,0.12463,0.12463,0.1107,0.12463,0.12463,0.5195,1.279,0.07556,0.12463,0.12463,0.12463,0.151,0.12463,0.12115,0.12463,0.1608,0.12463,0.10535,0.0829,0.12463,0.1014,0.1135,0.104,0.12463,0.12463,0.12463,0.12463,0.12463,0.12463,0.12463,0.12463,0.12463,0.12463,0.3833,0.3335,0.12463,0.0972,0.12463,0.12463,0.12463,0.3774,0.12463,0.12463,0.12463,0.1109,0.12463,0.12463,0.12463,0.12463,0.12463,0.12463,0.12463,0.12463,0.12463,0.12463,0.12463,0.12463,0.12463,0.12463,0.12463,0.12463,0.12463,0.12463,0.12463,0.4443,0.0954,0.2642,0.12463,0.3423,0.12463,0.12463,0.12463,0.12463,0.12463,0.1007,0.12463,0.12463,0.0777,0.12463,0.12463,0.546,0.12463,0.12463,0.2983,0.12463,0.12463,0.12463,0.13,0.12463,0.1615,0.12463,0.12463,0.0889,0.12463,0.12463,0.12463,0.1058,0.1036,0.12146,0.12463,0.12463,0.12463,0.12463,0.12463,0.6484,0.0976,0.12463,0.1816,0.1257,0.12463,0.12463,0.11786,0.1217,0.99,0.11725,0.12463,0.58,0.2166,0.12463,0.11273,0.12463,0.12463,0.4387,0.12463,0.12463,0.12463,0.2246,0.12463,0.12463,0.12463,0.12463,0.12463,0.12463,0.12463,0.12463,0.12463,0.962,0.12,0.12463,0.12463,0.12463,0.12463,0.12463,0.12463,0.12463,0.12463,0.2211,0.12463,0.12463,0.12463,0.12463,0.12463,0.12384,0.12463,0.1838,0.12463,0.1653,0.12463,0.12195,0.12463,0.12463,0.12463,0.12463,0.12463,0.12463,0.12463,0.12463,0.12463,0.12463,0.12463,0.12463,0.12463,0.2957,0.12463,0.12463,0.428,0.12463,0.12463,0.311,0.073,0.12463,0.12463,0.12463,0.1237,0.12463,0.12463,0.11285,0.12463,0.12463,0.09955,0.12463,0.11847,0.12463,0.12463,0.12463,0.12463,0.12463,0.5405,0.12463,0.12463,0.12463,0.12463,0.12463,0.12463,0.12463,0.12463,0.12463,0.12463,0.12463,0.12463,0.12463,0.12463,0.12463,0.12463,0.12463,0.1422,0.12463,0.12463,0.12463,0.12463,0.12463,0.12463,0.0893,0.12463,0.12463,0.11884,0.12463,0.12463,0.12463,0.12463,0.9067,0.0797,0.3418,0.12463,0.729,0.12463,0.12463,0.12463,0.12463,0.12463,0.12463,0.12463,0.12463,0.12463,0.8066,0.12463,0.12463,0.12463,0.12463,0.12463,0.12463,0.12463,0.12463,0.12463,0.681,0.12463,0.12463,0.12463,0.12463,0.12463,0.2183,0.12463,0.12463,0.12463,0.07294,0.2078,0.12463,0.12463,0.121,0.12463,0.12463,0.12463,0.12463,0.12463,0.12463,0.1809,0.12463,0.12463,0.12463,0.12463,0.12463,0.1092,0.11005,0.12463,0.12463,1.103,0.12463,0.12463,0.726,0.12463,0.12463,0.1175,0.12463,0.12463,0.7437,0.11896,0.12463,0.338,0.12463,0.12463,0.1477,0.1081,0.6777,0.12463,0.12463,0.1482,0.12463,0.12463,0.12463,0.12463,1.888,0.1553,0.12463,0.12463,0.12463,0.12463,0.585,0.2715,0.12463,0.12463,0.12463,0.12463,0.12463,0.12463,0.10736,0.12463,0.12463,0.12463,0.12463,0.12463,0.12463,0.1682,0.0901,0.12463,0.10516,0.12463,0.12463,0.12463,0.12463,0.12463,0.12463,0.12463,0.12463,0.11694,0.12463,0.12463,1.008,0.12463,0.12463,0.12463,0.11584,0.12463,0.1566,0.1157,0.12463,0.12463,0.12463,0.12463,0.12463,0.12463,0.12463,0.1118,0.12463,0.697,0.12463,0.12463,0.12463,0.12463,0.12463,0.12463,0.12463,0.12463,0.12463,0.12463,0.11676,0.12463,0.3457,0.12463,0.12463,0.12463,0.12463,0.12463,0.12463,0.12463,0.12463,0.12463,0.12463,0.12463,0.12463,0.12463,0.12463,0.1143,0.12463,0.12463,0.0887,0.12463,0.1075,0.12463,0.12463,0.1984,0.0978,0.12463,0.12463,0.1191,0.12463,1.063,0.7603,0.12463,0.12463,0.12463,0.12463,0.12463,0.12463,0.3318,0.12463,0.12463,0.12463,0.12384,0.12463,0.1256,1.358,0.12463,0.12463,0.12463,0.1066,0.2175,0.12463,0.12463,0.12463,0.12463,1.24,0.12463,0.12463,0.12463,0.12463,0.1904,0.12463,0.0783,0.12463,0.12463,0.52,0.12463,0.12463,0.1787,0.12463,0.1158,0.183,0.1354,0.08093,0.12463,0.12463,0.12463,0.1023,0.12463,0.1103,1.05,0.4075,0.12463,0.2384,0.12463,0.2015,0.12463,0.1174,0.12463,0.12463,0.12463,0.12463,0.12463,0.1081,0.12463,0.12463,0.12463,0.12164,0.1012,0.12463,0.1262,0.12463,0.12463,1.142,0.12463,0.1643,0.12463,0.12463,0.12463,0.12463,0.12463,0.12463,0.09503,1.782,0.12463,0.12463,0.12463,0.12463,0.10333,0.12463,0.119,0.12463,0.12463,0.12463,0.12463,0.12463,0.12463,0.7476,0.12463,0.12463,0.12463,0.12463,0.1003,0.12463,0.12463,0.12463,0.12463,0.12463,0.12463,0.12463,0.5176,0.12463,0.12463,0.12463,0.12463,0.07574,0.12463,0.1975,0.12463,0.12463,0.12463,0.12463,0.12463,0.12463,0.12463,0.12463,0.12463,0.1151,0.1222,0.3184,0.12463,0.4644,0.12463,0.12463,0.1438,0.618,0.12463,0.2064,0.12463,0.11444,0.12463,0.4224,0.12463,0.12463,0.139
26,0.1321,0.1321,0.778,0.1321,0.5884,0.953,0.1321,0.1321,0.1321,0.1321,0.1321,0.1321,0.1321,0.1321,0.1393,0.1321,0.0851,0.944,0.1198,0.1321,0.1321,0.1321,0.425,0.10736,0.1321,0.09216,0.1321,0.7026,0.3857,0.1853,0.4814,0.1321,0.1058,0.1321,0.1321,0.1273,0.1321,0.1321,0.1321,0.1321,0.1321,0.1321,0.484,0.1593,0.1321,0.1321,0.10297,0.1321,0.1321,1.649,0.1321,0.1321,0.06384,0.103,0.1321,0.7573,0.06885,0.1321,0.1564,0.1321,1.143,0.1321,0.08496,0.3872,0.1321,0.1321,0.8613,0.1321,0.1321,0.1321,0.1321,0.1321,0.1321,0.11444,0.1321,1.14,0.1321,0.3608,0.1321,0.1321,0.1321,0.1321,0.1321,0.1321,0.1655,0.1321,0.1321,0.1321,0.1321,0.1321,0.1321,0.1284,0.5054,0.1041,0.1321,0.1187,0.1321,0.11707,0.1898,0.5103,0.1321,0.1321,0.3362,0.1321,0.1321,0.1321,0.1321,0.1321,0.306,0.1321,0.1321,0.1321,0.1129,0.1321,0.1321,1.458,0.1131,0.1321,0.1321,0.1321,0.537,0.1321,0.1321,0.1321,0.1321,0.1321,0.1321,0.1321,0.1321,0.094,0.1321,0.1193,0.1321,0.1037,0.1321,0.1321,0.1321,0.1321,0.641,0.1321,0.1321,0.1321,0.1321,0.375,0.1321,0.1321,0.1321,0.1321,0.1321,0.1321,0.1321,0.1321,0.1321,0.1321,0.1321,0.1321,0.1321,1.261,0.1276,0.2367,0.1321,0.423,0.1321,0.1321,0.1321,0.1321,0.1321,0.0956,0.1321,0.1215,0.1321,0.1321,0.1321,0.1321,0.4622,0.1321,0.1321,0.753,0.2386,0.1311,0.1321,0.1321,0.1321,0.1321,0.1321,0.4153,0.1321,0.2568,0.1321,0.1321,0.1321,0.1321,0.1321,0.4504,0.1245,0.1321,0.1321,0.1321,1.579,0.1321,0.08417,0.1116,0.1321,2.06,0.1092,0.1118,0.1321,0.1321,0.1321,0.3555,0.1321,0.1321,0.1321,0.1321,0.1321,0.2479,0.1321,0.1321,0.2185,0.1321,0.1321,1.024,0.364,0.1321,0.1321,0.1321,0.1321,0.1321,0.09625,0.8545,0.2988,0.11237,0.6367,0.1321,0.1321,0.1321,0.095,0.1321,0.12396,0.1321,0.1842,0.1263,0.144,0.1321,0.1321,0.1321,0.1321,0.1321,0.1321,0.10657,0.1321,0.1321,0.1321,1.317,0.10333,0.4656,0.1321,0.1321,0.1321,0.11066,0.1321,0.1321,0.1321,0.1321,0.1321,0.1764,0.1321,0.2998,0.6772,0.1321,0.1257,0.1321,0.1321,0.1321,0.1321,0.1321,0.1321,0.1321,0.1321,0.1321,0.1321,0.1321,0.1321,0.1205,0.1321,0.1321,0.1321,0.1321,0.1321,0.1321,0.1321,0.1321,0.1321,0.1171,0.1321,0.1321,0.1321,0.1321,0.1321,0.1321,0.1321,0.1581,0.6772,0.1321,0.1321,0.583,0.1262,0.1321,0.1321,0.1321,0.183,0.1321,0.1321,0.1321,0.08093,0.1321,0.1321,0.1321,0.1321,1.108,0.1276,0.1321,0.6885,1.795,0.1321,0.1321,0.892,0.1321,0.1321,0.1321,0.1321,0.03668,0.1321,0.1321,0.1321,0.345,0.2354,0.1321,0.1321,0.1321,0.1321,0.317,0.519,1.631,0.1321,0.3164,0.1321,0.1321,0.1561,0.1321,0.1321,0.1321,0.1321,0.1321,0.256,0.4375,0.0986,0.1321,0.1321,0.1458,1.19,0.107,0.1321,0.08075,0.11505,0.1321,0.1321,0.8853,0.7725,0.11597,0.1321,0.1321,0.1321,0.1321,0.1542,0.1338,0.1321,0.1321,0.1321,0.6416,0.1321,0.1321,0.1321,1.015,0.1321,0.1884,0.1208,0.1321,0.1321,0.1321,0.1321,0.1321,0.0774,0.1321,0.1321,0.1321,0.827,0.1321,0.4563,0.1321,1.637,0.1321,0.1321,0.1321,0.1003,0.09814,0.1321,0.0856,0.1321,0.1321,0.12195,0.9365,0.1321,0.1321,0.1321,0.1321,0.2416,0.1321,0.1321,0.1321,0.1321,0.1321,0.1282,0.1321,0.1321,0.2915,0.1321,0.1321,0.1321,0.1321,0.5156,0.1321,0.1321,0.1321,0.1558,0.1321,0.1321,0.1321,0.441,0.1321,0.1315,0.1321,0.1321,0.2793,0.1539,0.1321,0.1389,0.0744,0.1321,0.1321,0.1321,0.1321,0.1321,0.1321,0.1321,0.1321,0.1321,0.1321,0.1091,0.1321,0.1321,0.1321,0.158,0.1321,0.1321,0.1321,0.1321,0.1321,0.0637,0.1321,0.1321,0.1321,0.4329,0.1321,0.1321,0.1321,0.1677,0.1321,0.1251,0.1321,0.1321,1.108,0.25,0.1321,0.1321,0.1321,0.1321,0.1321,0.1321,0.1321,0.1321,0.1691,0.4607,0.1321,0.1321,0.1321,0.1321,0.1321,0.1321,0.1321,0.1321,0.1321,0.1321,0.10876,0.1321,0.1321,0.1321,0.1321,0.1321,0.1321,0.1321,0.1321,0.12366,0.0604,0.1785,0.1321,0.1321,0.1321,0.1321,0.1321,0.1261,0.1321,0.1321,0.6987,0.316,0.1321,0.1321,0.1321,0.1321,0.1321,0.1321,0.1321,0.1321,0.1321,0.1321,0.1321,0.1321,0.1321,0.1081,0.1321,0.1321,0.1321,0.1321,0.1321,0.1321,0.2742,0.1321,0.1321,0.1321,0.593,0.2286,0.1321,0.1321,0.664,0.1321,0.427,0.1321,0.1321,0.1321,0.1321,0.1321,0.1321,0.1321,0.1321,0.1321,0.1093,0.1321,0.10956,0.1282,0.1321,0.1302,0.1321,0.1321,0.5815,0.0965,0.1321,1.008,0.1321,0.2517,0.1321,0.1321,0.1321,0.10126,0.1321,0.1321,0.1321,0.1321,0.1321,0.09155,0.1321,0.1163,0.1277,0.1321,0.1321,0.1306,0.1321,0.534,0.12256,0.1321,0.1321,0.1321,0.1321,0.1321,0.1321,0.1321,0.3845,0.1321,0.1321,0.142,0.1321,1.04,0.1321,0.1321,0.1321,0.398,0.7134,0.1321,0.1321,0.3562,0.1321,0.1321,0.1321,1.049,0.1428,0.3208,0.607,0.1321,0.1321,0.1321,0.1259,0.11035,0.8135,0.1407,0.1321,0.1321,0.1321,0.632,0.1044,0.1321,0.1208,0.1321,0.1321,0.1442,0.1321,0.1321,0.1321,0.1321,0.1321,1.224,0.1321,0.1321,0.1321,0.1321,0.10333,0.1321,0.984,0.1321,0.1321,0.1321,0.1321,0.0683,0.1321,0.1644,0.1321,0.1321,0.1321,0.1321,0.1515,0.1561,0.5396,0.1321,0.1321,0.1321,0.1321,0.1062,0.1321,0.1321,0.1321,0.4106,0.1321,0.1321,0.1321,0.1321,0.1321,0.09705,0.1321,0.1321,0.74,0.1321,0.1321,0.3855,0.1321,0.1321,0.1321,0.1321,0.1159,0.1321,0.4963,0.2542,0.1321,0.1321,0.1321,0.1321,0.1321,0.1321,0.1321,0.4688,0.173,0.1321,0.2756,0.1321,0.805,0.1321,0.1321,0.1321,0.1321,0.1321,1.8125,0.3032,0.1321,0.1321,0.1321,0.8267,0.1321,0.1321,0.1321,0.1321,0.10913,0.682,0.1321,0.2566,0.3958,0.1321,0.1321,0.2207,0.1321,0.1321,0.1307,0.1321,0.1321,0.1321,0.1321,0.1321,0.1321,0.1321,0.1321,0.919,0.1321,0.1321,0.1321,0.1321,0.1321,0.4434,0.923,0.1321,0.1321,0.1321,0.11084,0.1321,0.1321,0.1321,1.249,0.1321,0.1321,0.1321,0.1321,0.1321,0.1321,0.964,0.1321,0.03107,0.1321,0.6035,0.1321,0.1321,0.1321,0.1321,0.1321,0.1321,0.1321,0.1321,0.1321,0.1321,0.3337,0.1321,0.1321,0.4849,0.1321,0.1193,0.828,0.1321,0.1321,0.1321,0.1321,0.3408,0.1321,0.1321,0.3506,0.1321,0.1321,0.1321,0.1321,1.22,0.1321,0.1321,0.1321,0.1321,0.1321,0.1321,0.1321,0.1321,0.1321,0.3923,0.1321,0.1321,0.1321,0.1321,0.1321,0.1321,1.248,0.1321,0.12054,0.1481,0.1321,1.481,1.064,0.1321,0.1039,0.1321,0.425,0.1321,0.1321,0.1321,0.1321,1.024,0.3313,0.1321,0.1321,0.1321,0.1138,0.1321,0.1321,0.9697,0.1321,0.3613,0.1321,0.1321,0.11786,0.11865,0.1321,0.1321,0.1321,0.1604,0.1321,0.1321,0.1321,0.1321,0.1321,0.1321,0.1321,0.4624,0.1321,0.1321,0.1066,0.1321,0.1508,0.1321,0.1321,0.1321,0.1321,0.1321,0.1321,0.1321,0.1321,0.1321,0.1321,0.1321,0.1321,0.1321,0.1321,0.1321,0.1321,0.1321,1.16,0.0799,0.4136,0.1321,0.2157,0.1321,0.1321,0.12067,0.1321,0.1321,0.7666,0.1321,0.1321,0.1321,0.142,0.1321,0.1321,0.1321,0.1321,0.6587,0.1321,0.1547,0.1321,0.1321,0.1321,0.1504,0.1321,0.1321,0.336,0.2886,0.6143,0.0631,0.1321,0.1321,0.1321,0.1321,0.1321,0.1321,0.1321,0.1321,0.1321,0.2152,0.1321,0.1321,0.1321,0.1321,0.1315,0.1321,0.1321,0.1321,0.2365,0.1321,0.1321,0.1033,0.1321,0.1321,0.04858,0.1321,0.584,0.1321,0.1382,0.4307,0.1321,0.258,0.07886,0.1321,0.1321,0.1321,0.0475,0.1321,0.1262,0.1321,0.1321,0.1321,0.10443,0.1321,0.1259,0.1321,0.1321,0.07446,0.1321,0.1321,1.096,0.1321,0.1203,0.1321,0.1321,0.1321,0.1321,0.1321,0.1321,0.128,0.1321,0.332,0.1321,0.1321,0.1321,0.1321,0.1321,0.1321,0.1321,1.349,1.007,0.1321,0.5947,0.1321,0.1321,0.1321,0.09186,0.1321,0.1321,0.1321,0.1321,0.1321,0.1321,0.67,0.1321,0.1321,0.1321,0.10956,0.1321,0.1004,0.1321,0.1321,0.06744,0.1321,0.1321,0.1321,0.1321,0.1321,0.1321,0.1321,0.1321,0.1321,0.1321,0.1321,0.1321,0.1321,1.24,0.1321,0.128,0.1127,1.143,0.1321,0.815,0.1321,0.1241,0.1321,0.1321,0.825,0.1321,0.1321,0.249,0.1321,0.1293,0.1249,0.7617,1.344,0.1321,0.1321,0.1321,0.1321,0.1321,0.1321,0.0868,0.09894,0.1321,0.1321,0.1321,0.1321,0.1321,0.1156,0.1321,0.505,0.1321,0.868,0.1321,0.1321,0.12177,0.1321,0.1321,0.09644,0.1321,0.1718,0.1321,0.1321,0.1224,0.1321,0.1321,0.1321,0.1321,0.2262,0.1321,0.4106,0.1321,0.1321,0.1321,0.1321,0.1321,0.1321,0.0852,0.1088,0.1321,0.1321,0.1321,0.1014,0.1321,0.1321,0.1321,0.1321,0.1321,0.1321,0.1321,0.1321,0.1321,0.1321,0.1321,0.1321,0.1321,0.1321,0.81,0.1321,0.1321,0.1321,0.1321,1.715,0.1321,0.1321,0.6763,0.1321,0.1321,0.53,0.11786,0.1321,2.223,0.1194,0.1321,0.1321,0.1321,0.1321,0.1321,0.1321,0.1321,0.1321,0.1321,0.1321,0.1266,0.1321,0.1321,0.1321,0.1321,0.1321,0.1321,0.2396,0.11487,0.1321,0.3176,0.1316,0.1321,0.1321,0.1321,0.1321,0.1321,0.1321,0.1321,0.1321,0.1321,0.1321,0.1321,0.1321,0.1321,0.1321,0.1321,0.368,0.1321,0.1321,0.1321,0.1321,0.1365,0.4495,0.1112,0.435,0.1321,0.1321,0.1321,1.522,0.5586,0.1321,0.1321,0.5815,0.1321,0.1321,0.1111,0.1321,0.1321,0.7197,0.1321,0.1603,0.09467,0.1321,0.1321,0.1321,0.1321,0.3035,0.1321,0.1321,0.0845,0.1321,0.528,0.1036,0.2695,1.059,0.1321,0.1321,0.1321,0.1321,0.1321,0.1321,0.1321,0.1321,0.1321,0.1321,0.1321,0.1321,0.1733,0.1321,0.1919,0.1321,0.1321,0.1321,0.3013,0.1321,0.1321,0.1321,0.1321,0.1321,0.3137,0.5835,0.1321,0.1283,0.1321,0.949,0.1321,0.1321,0.1321,0.1913,0.10394,0.1321,0.1321,0.3262,0.1321,0.1321,0.1321,0.1321,0.1321,0.1022,0.1321,0.1321,0.1321,0.122,0.1321,0.1052,0.1321,0.1321,0.1321,0.1321,0.1321,0.1321,0.1321,0.1321,0.4753,0.1321,0.1321,0.1321,0.1321,0.0958,0.1321,0.1321,0.752,0.1907,0.1321,0.1321,0.1321,0.1321,0.1321,0.1321,0.1678,0.1321,0.1321,0.1321,0.1321,0.356,0.0582,0.0979,0.1321,0.4675,0.1321,0.1321,0.1321,0.126,0.1321,0.1321,0.1321,0.1321,0.1321,0.1321,0.1321,0.575,0.4036,0.082,0.1321,0.1321,0.1321,0.1321,0.1321,0.1321,0.1321,0.1321,0.825,0.0987,0.1321,0.1321,0.526,0.1321,0.1321,0.1321,0.1321,0.1321,0.6924,0.1321,0.1321,0.1321,0.1321,0.114,0.10114,0.1321,0.1321,0.1321,0.1321,0.2035,0.1321,0.5347,0.1321,0.0907,0.1321,0.1321,0.08093,0.1321,0.1321,1.142,0.1321,0.1167,0.1321,0.10803,0.1321,0.1321,0.1321,0.806,0.1321,0.1071,0.1321,0.1321,0.1321,0.969,0.1321,0.1321,0.1321,0.1321,0.1781,0.5605,0.1321,0.1321,0.1321,0.1321,0.1321,0.1321,0.1321,0.1321,0.1321,0.1321,0.1321,0.1321,0.1321,1.005,0.1321,0.2954,0.1321,0.1321,0.1321,0.1321,0.1321,0.1321,0.1321,0.1321,0.1321,0.1321,0.1321,0.1815,0.1321,0.1321,0.0932,0.1321,0.141,0.0856,0.1321,0.1321,0.1321,0.1321,2.404,0.1321,0.1321,0.1321,0.10754,0.1321,0.1321,0.3335,0.1321,0.1321,0.1321,0.1306,0.1321,0.1321,0.1321,0.1321,0.1321,0.1321,0.12024,0.1321,0.3315,0.1321,1.213,0.1321,0.1321,0.1321,0.1321,0.1113,0.1321,0.13,0.281,0.1321,1.535,0.1321,0.1321,0.1321,0.1321,0.1109,0.1321,0.1321,0.1321,0.2319,1.622,0.11615,0.1321,0.1321,0.1321,0.1321,0.1321,0.1321,0.1321,0.1321,0.1321,0.1321,0.1002,0.1093,0.1321,0.1321,0.1321,0.1321,0.1321,0.1321,0.622,0.1321,0.1321,0.1321,0.1321,0.1321,0.1494,0.1837,0.1321,0.1321,0.1321,0.12463,0.1321,0.1321,0.1511,0.1321,0.6514,0.6616,0.1321,0.1404,0.1228,0.1129,0.1321,0.1321,0.1321,0.8,0.1321,0.1321,0.1321,0.1236,0.1321,0.07434,0.1321,0.5083,0.1202,0.1321,0.1321,0.8867,0.1321,0.1321,0.1178,0.4895,0.1161,0.1321,0.798,0.1321,0.1304,0.507,0.1321,0.1321,0.1321,0.1321,0.1321,1.463,0.1775,0.5503,0.1321,0.277,0.1321,0.1321,0.09467,0.1321,0.1123,0.1321,0.1321,0.1321,0.1321,0.1321,0.2028,0.1321,0.1321,1.915,0.182,0.1321,0.1321,1.243,0.1321,0.5923,0.1321,0.1321,0.1321,0.1321,1.174,0.1321,0.1321,0.2703,0.1321,0.1321,0.4656,0.128,0.1187,1.305,0.1321,0.3457,0.1321,0.1321,0.1321,0.1321,0.1321,0.1321,0.1321,0.1321,0.3442,0.1321,0.1724,0.1321,1.196,0.1321,0.1321,0.1321,0.1321,0.1321,0.0805,0.1321,0.1321,0.1321,0.1321,0.1321,0.1321,0.1016,0.1321,0.1321,0.838,0.1321,0.0996,0.1321,0.1321,0.1321,0.1321,0.09283,0.1321,0.1321,1.929,0.1321,0.1321,0.1321,0.1219,0.1321,0.1321,0.3926,0.1321,0.1321,0.1321,0.1321,0.1321,0.1321,0.334,0.5835,0.1321,0.1321,0.122,0.1321,0.1321,0.1321,0.1077,0.1321,0.3945,0.131,0.1321,0.1321,1.527,0.1321,0.1321,0.1321,0.1321,0.1321,0.1321,0.1321,0.1321,0.1321,0.1321,0.1321,0.1321,0.1321,0.1321,2.4,0.381,0.1198,0.1321,0.1321,0.1321,0.1321,0.1321,0.1304,0.1321,1.044,0.1487,0.1321,0.128,0.1663,0.1321,0.1321,0.1321,0.1321,0.0698,0.1321,0.1321,0.08875,0.1321,0.1528,0.1321,0.1321,0.1713,0.1321,0.1321,0.3252,0.1321,0.1321,0.1321,0.1131,0.1321,0.5464,0.1321,0.758,0.571,0.11017,0.1321,0.2676,0.1321,0.1321,0.1321,1.343,0.1321,0.1165,0.1096,0.1321,0.1321,0.673,0.1321,0.1023,0.0963,0.1321,0.1321,0.1321,0.10394,0.869,0.1321,1.406,0.1321,0.1321,0.1321,0.312,0.1321,0.0682,0.1321,0.1321,0.1321,0.1321,0.11725,0.3855,0.8457,0.1321,0.1321,0.2913,0.1321,0.1321,0.2595,0.1321,0.1321,0.1321,0.1321,0.1321,0.1321,0.1321,0.337,0.1321,0.1321,0.1301,0.2922,0.1321,0.1321,0.1321,0.1321,0.09906,0.1321,0.1321,0.1321,0.1321,0.2534,0.1321,0.1321,0.1321,0.1321,0.1321,0.1321,0.1321,0.3105,0.368,0.1321,0.1321,0.1321,0.1321,0.1321,0.2051,0.1327,1.444,0.1321,0.1321,0.1321,1.829,0.1321,0.1321,0.1321,0.1321,0.1321,0.1321,0.1321,0.1321,0.04596,0.1321,0.1321,0.1321,0.1321,0.1321,0.12415,0.1321,0.1321,0.1321,0.1321,0.1321,0.1321,0.1321,0.1012,0.1295,0.1093,0.1321,0.1964,0.0922,0.2825,0.1321,1.153,0.1321,0.1321,0.364,0.1321,0.516,0.2524,0.1278,0.12134,0.1321,0.1321,0.1321,0.1321,0.1321,0.1321,0.1321,0.1321,0.1321,0.1321,0.4624,0.1321,0.1229,0.1321,0.1321,0.1321,0.1321,0.1321,0.1321,0.1321,0.4722,0.1321,0.1321,0.557,0.1321,0.1321,0.1156,0.1321,0.1311,0.1321,0.3164,0.1169,0.1321,0.1321,0.1321,0.1515,0.1321,0.6714,0.1321,0.1321,0.1321,0.6133,0.1321,0.1321,0.3428,0.1321,0.1913,0.1321,0.477,0.1321,0.1321,0.1321,0.1321,0.1321,0.1321,0.1321,0.1321,0.1321,0.1321,0.1321,0.1321,0.12,0.1115,0.1307,0.1321,0.12,0.1321,0.1321,0.1315,0.1702,0.1321,0.323,0.09,0.1321,0.1321,0.1321,0.1321,0.1321,0.1184,0.1321,0.1321,0.1321,0.06445,0.1321,0.1321,0.1919,0.1321,0.1321,0.1321,0.1321,0.1321,0.1321,1.276,0.1798,1.122,0.1321,0.1321,0.1321,0.12256,0.1321,0.1321,0.3054,0.12,0.1321,0.7554,0.1631,0.5166,0.1321,0.7705,0.1321,0.1321,0.1321,0.1182,0.1321,0.10986,0.1184,0.1321,1.172,0.1321,0.1321,0.1321,0.1321,0.1321,0.1097,0.11633,0.1321,1.418,0.1321,0.9443,0.1316,0.11993,0.1321,0.1321,0.1321,0.1321,0.1321,0.1321,0.768,0.1321,0.1158,0.1321,0.1321,0.11487,0.1321,0.1321,1.0205,0.1853,0.0812,0.1321,0.0907,0.1321,0.1321,0.1321,0.0896,0.1321,0.1321,0.1321,0.1321,0.1321,0.1321,0.1321,0.0961,0.1321,0.5747,0.1321,0.1321,0.1321,0.1321,0.1321,0.2607,0.1321,0.1321,0.1321,0.1321,0.1321,0.1321,0.57,0.1248,0.3906,0.2607,0.1279,0.11554,0.1321,0.12024,1.133,0.10693,0.443,0.1321,0.10126,0.1321,0.1321,0.1321,0.1321,0.1321,0.1321,0.1321,0.1321,0.1321,0.11426,0.1321,0.421,0.1321,0.1321,0.1321,0.1321,0.1321,0.1321,0.1321,0.1321,0.1321,0.1321,0.1127,0.4094,0.1321,0.463,0.3193,0.1321,0.1321,0.1321,0.1321,0.1321,0.09644,0.1868,0.1321,0.0889,0.1321,0.1321,0.1321,0.0864,0.1321,0.1321,0.04846,0.1321,0.1321,0.1516,0.1321,0.10706,0.1321,0.1321,0.1321,0.1321,0.1321,0.2703,0.1321,0.09705,0.9507,0.1222,0.5234,0.1321,0.6396,0.1321,0.1321,0.4988,0.1321,0.1321,0.505,0.4888,0.1321,0.12366,0.1321,0.1321,0.1321,0.1321,0.1321,0.1321,0.1321,0.1321,0.1321,0.2654,0.4058,0.1321,0.1321,0.1321,0.2039,0.5513,0.1321,0.1321,0.1321,0.1321,0.1321,0.1321,0.1321,0.1321,0.1321,0.3103,0.1321,0.11304,0.1321,0.3218,0.1321,0.1321,0.1321,2.225,0.1321,0.1321,0.1321,0.9365,0.8228,0.1321,0.1321,0.627,0.1321,0.1321,0.1321,0.1321,0.765,0.575,0.1321,0.1321,0.1321,0.1321,0.1321,0.1321,0.1321,0.09656,0.1321,0.1321,0.1321,1.02,0.1321,0.1321,0.1321,1.007,0.1321,0.4836,0.1321,0.1321,0.1321,0.9956,0.1321,0.1321,0.369,0.1321,0.1321,0.1321,0.1321,0.1321,0.1321,0.1321,0.07654,0.0473,0.1321,0.1321,0.1321,0.1321,0.1321,0.1309,0.1321,0.1321,0.1321,0.1321,0.1321,0.13,0.1321,0.1321,0.1321,0.1321,0.1321,0.1321,0.1906,0.12244,0.1321,0.1321,0.1321,0.1321,0.1321,0.1321,0.1321,0.5156,0.2747,0.1321,0.5513,0.1321,0.1321,0.696,0.1321,0.601,0.1215,0.1321,0.1321,0.1321,0.4724,0.1321,0.1321,0.1321,0.1321,0.1321,0.546,0.1321,0.10974,0.1321,0.1321,0.1321,0.1321,0.1321,0.1321,0.1321,0.5347,0.283,0.1321,0.1321,0.1321,0.1404,0.1321,0.1321,0.132,0.10333,0.1321,0.1321,0.1321,0.3652,0.1321,0.1356,0.05328,0.1321,0.1321,0.1321,0.3555,0.1321,0.1321,0.1321,0.1321,0.1132,0.09985,0.1321,2.15,0.1321,0.1321,0.6924,0.1321,0.94,0.1267,0.5884,0.1321,0.1321,0.1321,0.1321,0.1321,0.0806,0.1321,0.1273,0.1321,0.1321,0.1321,0.1321,0.1321,0.1321,0.1321,0.709,1.74,0.1321,0.1321,0.1321,1.648,0.1321,0.1019,0.2498,0.1321,0.1321,0.1321,0.1321,0.1321,0.768,0.1321,0.1321,0.1321,0.6543,0.1321,0.1283,0.1321,0.1321,0.1321,0.1321,0.1321,0.1321,0.1321,0.10504,0.1321,0.1321,0.2727,0.1321,0.1321,0.1321,0.1321,0.2559,0.1321,0.1321,0.1321,1.011,0.1321,0.1321,0.1321,0.1321,0.1561,0.1321,0.1321,0.09955,0.1321,0.1321,0.1321,0.1321,0.1321,0.1321,0.1321,0.2761,1.039,0.1321,0.1321,0.1321,0.1321,1.328,2.049,0.1321,0.1321,0.1321,0.1321,0.1321,0.1321,0.1321,0.1321,0.1321,0.1321,0.1321,0.1321,0.283,0.2578,0.1321,0.1321,0.1321,0.4185,0.09467,0.1321,1.349,0.1321,0.10693,0.1321,0.1321,0.1321,0.1321,0.1321,0.1321,0.1321,0.1321,0.256,0.1442,0.1321,0.1054,0.1321,0.1321,0.1321,0.1321,0.1321,0.10815,0.1321,0.1321,0.1321,0.1321,0.2507,0.1321,0.2947,0.1321,0.1321,0.1321,0.2435,0.4143,0.1321,0.1321,0.61,0.1321,0.1321,0.1321,0.1321,0.1321,0.1321,0.1914,0.2244,0.1321,0.521,0.1069,0.5947,0.1321,0.1321,0.1321,0.1321,0.1321,0.9595,0.1321,0.1321,0.12085,0.1321,0.1321,0.1321,0.1321,0.1321,0.5986,0.1321,0.5444,0.1282,0.745,0.1321,0.1298,0.1321,0.1259,0.1321,0.4878,0.3433,0.1321,0.1321,0.1321,0.257,0.1321,0.1321,0.1167,0.1321,0.1321,0.1321,0.0924,0.1321,0.1321,0.1321,0.1321,1.159,0.1321,0.1321,0.1321,0.1321,0.1321,0.1321,0.1321,0.1321,0.09467,0.1321,0.1321,0.1116,0.1321,0.1321,0.1321,0.1321,0.1321,0.12427,0.124,1.299,0.1321,0.1321,0.1321,0.1321,0.1321,0.1321,0.2488,0.1321,0.1321,0.887,0.1321,0.1321,0.1321,0.1321,0.06055,0.12164,0.1321,0.1321,0.1321,0.1321,0.1321,0.702,0.1321,0.1321,0.1321,0.1058,0.1321,0.1321,0.1321,0.1321,0.1321,0.1321,0.1321,0.1321,0.1321,0.1321,0.1321,0.1321,0.3354,0.1321,0.1321,0.1321,0.1321,0.1321,0.1321,0.659,0.1321,0.1321,0.1321,0.126,0.3042,0.1321,0.2812,0.12244,0.454,0.1321,0.1321,0.593,0.1321,0.1321,0.224,0.1321,0.1321,0.1321,0.1321,0.1321,0.1321,0.1321,0.1321,0.1321,0.0866,0.12067,0.1321,0.1321,0.08813,0.1321,0.1321,0.1321,0.1321,0.1321,0.1321,0.1321,0.11383,0.1321,0.3013,0.1497,0.1321,0.1321,0.1321,0.1031,0.6533,0.1321,0.11224,0.1321,0.1321,0.1321,0.1321,0.12335,0.1321,0.1321,0.1321,0.1321,0.1321,0.1321,0.1321,0.1321,0.1459,0.0999,1.298,0.1321,0.1321,0.1084,0.1321,2.129,0.1321,0.1321,0.1321,0.5586,0.1321,0.1321,0.1321,0.131,0.2935,0.1321,0.3462,0.1321,0.1321,0.3777,0.07245,0.1321,0.1321,0.1321,0.59,0.1161,0.0803,0.1076,0.1321,0.07806,0.1321,0.10583,1.6875,0.1321,0.1321,0.1321,0.372,0.3206,1.126,0.1321,0.1321,0.2612,0.1321,0.1321,0.1321,0.0893,0.1298,0.1017,0.10156,0.3357,0.1321,0.1321,0.08716,0.1321,0.1321,0.1321,0.1321,0.2568,0.1321,0.1321,0.1321,0.1321,0.1321,0.1321,0.1321,0.1321,0.1321,0.1635,0.1321,0.1321,0.1318,0.1321,0.4229,0.1321,0.1294,0.1321,0.1321,0.1321,0.11084,0.1321,0.1321,0.1321,1.081,0.1321,0.1321,0.1321,0.0975,0.711,0.652,0.1321,0.1321,0.2228,0.1321,0.1321,2.242,0.1321,0.11755,0.1321,0.10925,0.1321,0.1321,0.1321,0.06757,0.1321,0.1321,0.1321,0.1321,0.1321,0.1321,0.1321,0.1321,0.1321,0.1198,0.468,0.1321,0.2761,0.1321,0.1321,0.1321,0.1321,0.1321,0.1321,0.2185,0.1321,0.3313,0.1321,0.1321,0.1626,0.1307,0.624,0.10004,0.1321,0.1321,0.1321,0.1321,0.12445,0.1317,0.1321,0.1703,0.1321,0.1321,0.4497,0.1321,0.1321,0.1321,0.10803,0.2484,0.1321,0.1321,0.1321,0.3357,0.695,0.1321,0.1321,0.1321,0.1321,0.1321,0.1321,1.113,0.05475,0.1321,0.1321,0.1321,0.1321,0.152,0.1321,0.36,0.1321,0.1321,0.1321,0.1321,0.1321,0.1321,0.1321,0.1466,0.1321,0.10126,0.3938,0.1367,0.1321,0.1321,0.1321,0.1321,0.1321,0.1126,0.1321,0.1321,0.1321,0.1321,0.1135,0.1321,0.1321,0.2188,0.1164,0.1321,0.1321,0.6445,0.1337,0.921,0.1321,0.0984,0.1203,0.1321,0.1321,0.1321,0.708,0.1321,0.1321,0.1321,0.1321,0.1321,0.0972,0.1321,1.711,0.3606,0.1321,0.1321,0.1321,0.1321,0.1321,0.1321,0.12213,0.738,0.1321,0.1321,0.1321,0.1321,0.1321,0.1321,0.1383,0.1321,0.1321,1.0625,0.1321,0.1321,0.6636,0.4082,0.1321,0.1288,0.1321,0.1002,0.1321,0.1321,0.1321,0.1266,0.3882,0.9946,0.1272,0.891,0.1321,0.2498,0.1321,0.1321,0.0878,0.1321,0.1321,0.1321,0.1321,0.1321,0.1512,0.1321,0.1321,0.611,0.1321,0.1252,0.1321,0.1321,0.1321,0.1321,0.07166,0.1321,0.1321,0.1321,0.1321,0.1321,0.1321,0.1321,0.1321,0.1321,0.1321,0.1321,0.1321,0.1321,0.1252,0.1321,0.12256,0.6626,0.1321,0.1321,0.1284,0.1321,0.1792,0.1321,0.1321,0.1764,0.1321,0.1321,0.1046,0.591,0.1321,0.1321,0.1321,0.1321,0.1321,0.1321,0.1321,0.1321,0.1321,0.1321,0.07245,0.3416,0.9033,0.1321,0.1321,0.11664,0.2228,0.565,0.1321,0.2659,0.0895,0.1321,0.1321,0.1321,0.1321,0.1699,0.11774,0.1321,0.1321,0.1321,0.1321,0.4788,0.1321,0.1321,0.1191,0.11505,0.1321,0.1321,0.1321,0.1321,0.1321,0.1066,0.1321,0.1321,0.1321,0.2722,0.1321,0.1321,0.1321,0.1321,0.1321,0.1321,0.3184,0.1321,0.1159,0.2698,0.1321,0.1321,0.1321,0.1321,0.1272,0.1321,0.08997,0.1321,0.1321,0.1321,0.1321,0.1321,0.1321,0.7524,0.1321,0.1321,0.1321,0.1321,0.10315,0.1321,0.1321,0.1321,0.1206,0.1321,0.1321,0.1321,0.1321,0.1321,0.1321,0.1321,0.1321,0.3293,0.1321,0.2637,0.1321,0.1321,0.5293,0.1321,0.09814,0.1321,0.1217,0.1321,0.1321,0.1321,0.1321,0.1321,0.1321,0.04572,0.1321,0.1321,0.1321,1.7295,0.10205,0.672,0.3823,0.1321,0.3833,0.1321,0.1321,0.3352,0.1321,0.1321,0.1321,0.1321,0.1289,0.1321,0.729,0.1268,0.1321,0.7563,0.2947,0.1321,0.323,0.1321,0.392,0.1321,0.1182,0.1321,0.1321,0.1259,0.2013,0.142,0.3853,0.1321,0.1321,0.1251,0.1321,0.2076,0.1321,0.1321,0.1321,0.1321,0.286,0.1321,0.1321,0.451,0.329,0.1321,0.1321,0.1321,0.1321,0.1321,0.1321,0.1321,0.44,0.1321,0.10724,1.2295,0.11835,0.1321,0.1321,0.1321,0.126,0.467,0.1321,0.1321,0.1251,0.1321,0.1321,0.2252,0.1321,0.1321,0.1321,0.1321,0.1321,0.1321,0.1321,0.1934,0.1321,0.2744,0.1321,0.1321,0.1321,0.1321,0.1321,0.11365,0.0822,0.1321,0.1321,0.1321,0.202,0.1321,0.1321,0.0898,1.119,0.1321,0.2583,0.1621,0.1321,0.1321,0.1321,0.1321,0.1414,0.1321,0.12335,0.1321,0.1321,0.1321,0.1321,0.05508,0.12067,0.1321,0.1321,0.1321,0.1321,0.05606,0.1321,0.1321,0.1257,0.1321,0.1321,0.1025,0.1023,0.1321,0.1321,0.1321,0.5854,0.1321,0.1321,0.1321,0.199,0.1321,0.1065,1.22,0.1321,0.1321,0.1241,0.087,0.1321,0.1321,0.5005,1.11,0.1321,0.128,0.6787,0.1321,0.1201,0.1266,0.1978,0.1321,0.1321,0.1321,0.1321,0.06793,0.189,0.1321,0.415,0.2783,0.1321,0.1321,0.1203,0.07135,0.1321,0.0943,0.1321,0.1321,0.1321,0.496,0.2634,0.1321,0.1321,0.2009,0.1321,1.048,1.023,0.1321,0.1321,0.1321,0.1321,0.1321,0.2013,0.05505,0.0972,0.1119,0.1321,0.1321,0.1321,0.1321,0.1321,0.2847,0.1321,0.8286,0.834,0.1321,0.1321,0.1376,0.61,0.1321,0.1321,0.1321,1.006,0.1321,0.1321,0.1321,0.3914,0.1321,0.1321,0.1321,0.1321,0.1321,0.202,0.1321,0.1321,0.5005,0.1321,0.1321,0.1321,0.1321,0.1321,0.1321,0.1321,0.1321,0.1321,0.1321,0.1217,0.5312,0.1321,0.1321,1.152,0.1321,1.041,0.446,0.1321,0.1321,0.1321,0.1321,0.12335,0.1321,0.1321,0.1321,0.408,0.09357,0.1321,0.1321,0.4336,0.1321,0.1321,0.1285,0.1321,0.1321,0.1321,1.044,0.1321,0.8237,0.1321,0.1321,0.4365,1.2295,0.1321,0.1321,0.1321,0.1321,0.8706,0.1412,0.101,0.1321,0.1321,0.1321,0.1321,0.1321,0.1321,0.10614,0.1321,0.1321,0.713,0.1321,0.1321,0.1321,0.1321,0.0803,0.1321,0.645,0.1321,0.1321,0.1382,0.1321,0.4985,0.1321,0.1321,0.806,0.1321,0.1321,0.1321,0.1321,0.7485,0.1321,0.1321,0.1321,0.1321,0.0985,0.1614,0.07245,0.1321,0.1321,0.1321,0.1321,0.1131,0.672,0.4602,0.1611,0.1321,0.1321,0.10706,0.1321,1.83,0.1321,0.1321,0.102,0.1321,0.656,0.2219,0.1321,0.1045,0.1321,0.1321,0.1321,0.1321,0.1722,0.1321,0.1321,0.1321,0.1321,0.1484,1.253,0.1321,0.1321,0.11505,0.1321,1.365,0.1321,0.1272,0.1321,0.1321,0.0817,0.1321,1.057,0.1321,0.2195,0.1321,0.1321,0.1321,0.1321,0.1321,0.1321,0.1321,0.1321,0.1321,0.1321,0.1321,0.0938,0.1321,0.1321,0.1321,0.1321,0.1321,0.1321,0.1321,0.1321,0.1321,0.1321,0.1321,0.1321,0.0948,0.1321,0.1321,0.1321,0.1321,0.1321,0.2837,0.1321,0.3762,0.1321,0.1321,0.4172,0.1321,0.1321,0.653,0.2712,0.1321,0.1321,0.1321,0.1111,0.2162,0.1321,0.1321,0.8584,0.1321,0.081,1.12,0.1321,0.68,0.1151,0.1321,0.1321,0.1321,0.0933,0.1321,0.1321,0.1321,0.1321,0.1321,0.1321,0.1321,0.1321,0.1321,0.12,0.1321,0.1321,0.1321,0.1321,0.1321,0.1321,0.1321,0.1321,0.1321,0.8096,0.1321,0.1209,0.1192,0.10754,0.1321,0.1321,0.1321,0.10156,0.1321,0.1321,0.1321,0.1321,0.1321,0.1321,0.1321,0.1321,0.1321,0.3015,0.1177,0.1321,0.0955,0.1315,0.742,0.1321,0.1321,0.1321,0.1321,0.1321,0.1321,0.1321,0.1321,0.1321,0.1321,0.1321,0.1321,0.1321,0.0741,1.201,0.1321,0.1321,0.1321,0.1143,0.1321,0.1321,0.1321,0.1321,0.1321,0.1321,0.1321,0.1321,0.1321,0.1321,0.1321,0.1321,0.1321,0.1321,0.1256,0.1321,0.1321,0.2059,0.1321,0.795,0.1321,0.0751,0.1321,0.1321,0.6694,0.1321,0.1321,0.065,0.1321,0.1321,0.0904,0.1321,0.1321,0.1321,0.1321,0.1786,0.1321,0.2783,0.1321,0.0994,0.1321,0.1249,0.1321,0.1321,0.3696,0.1321,0.1321,0.4468,0.1321,0.1321,0.905,0.202,0.1321,0.1321,0.1321,0.299,0.4036,0.298,0.1321,0.1321,0.1321,0.1321,0.1321,0.0881,0.07184,0.1321,0.1321,0.4492,0.1321,0.1321,0.1321,0.1321,0.1321,0.122,0.1321,0.1321,0.1321,1.326,0.1321,0.1321,0.1321,0.1321,0.1321,0.1321,0.10364,0.1252,0.1321,0.1321,0.1771,0.1321,0.1321,0.1321,0.1321,0.1321,0.1321,0.1321,0.1321,0.3877,0.668,0.1321,0.1302,0.1321,0.1321,0.1321,0.1321,0.1321,0.1321,0.1321,0.6113,0.1321,0.1321,0.1321,0.1321,0.1321,0.6836,0.1321,0.526,0.1321,0.1252,0.1321,0.1321,0.2815,0.1321,0.1321,0.1321,0.0937,0.1321,0.1321,0.1321,0.1321,0.1321,0.1321,0.1321,0.1628,0.1321,0.1321,0.4036,1.206,0.1099,0.1321,0.1321,0.1321,0.1316,0.1321,0.1736,0.1266,0.4038,0.1321,0.1925,0.0958,0.1321,0.1087,0.07434,0.1321,0.1321,0.1321,0.1321,0.1321,0.1321,0.1321,0.1321,0.1321,0.1321,0.1321,0.3708,0.2307,0.1321,0.1345,0.1321,0.1321,0.1321,0.29,0.1321,0.1321,0.1321,0.11053,0.1321,0.1321,0.1321,0.1321,0.1321,0.1305,0.1321,0.1321,0.1321,0.1321,0.1321,0.1321,0.1321,0.1321,0.1321,0.1321,0.1321,0.1321,0.1321,0.462,0.1321,0.07196,0.1321,0.3616,0.1321,0.1321,0.1321,0.1321,0.1321,0.0876,0.1321,0.1321,0.11804,0.1321,0.1321,0.6357,0.1321,0.1321,0.12354,0.1321,0.1321,0.1321,0.0976,0.1321,0.08344,0.1321,0.1321,0.0689,0.1321,0.1321,0.1321,0.1581,0.3152,0.1321,0.1321,0.1321,0.1321,0.1321,0.1321,0.544,0.1165,0.1321,0.1594,0.1287,0.1321,0.1321,0.302,0.1321,0.8213,0.1321,0.1321,0.3025,0.4644,0.1321,0.1263,0.1321,0.1321,0.4036,0.1321,0.1321,0.1321,0.1256,0.1321,0.1321,0.1321,0.1321,0.1098,0.1321,0.1321,0.1321,0.1321,0.976,0.1321,0.1321,0.1321,0.1321,0.1321,0.1321,0.1321,0.1321,0.1321,0.1482,0.1321,0.1321,0.1321,0.1321,0.1321,0.1321,0.1321,0.4424,0.1321,0.0847,0.1321,0.1321,0.1321,0.1321,0.1321,0.1321,0.1048,0.1321,0.1321,0.10504,0.1321,0.1321,0.1321,0.1321,0.1321,0.277,0.1321,0.1321,0.6626,0.1321,0.1321,0.2332,0.10205,0.1321,0.1321,0.1321,0.0683,0.1321,0.1321,0.1447,0.1321,0.1321,0.3206,0.1321,0.1321,0.1321,0.1321,0.1321,0.1321,0.1321,0.3901,0.1321,0.1321,0.1321,0.1321,0.1321,0.1321,0.1321,0.1321,0.1321,0.1321,0.1321,0.1321,0.1321,0.1321,0.1321,0.1321,0.1321,0.1216,0.1321,0.1321,0.1321,0.1321,0.1321,0.1321,0.10583,0.1321,0.1321,0.1321,0.1321,0.1321,0.1321,0.11334,0.881,0.1321,0.1426,0.1321,0.6987,0.1321,0.1321,0.1321,0.1321,0.1321,0.1321,0.1321,0.1321,0.1321,1.157,0.12067,0.1321,0.1321,0.1321,0.1321,0.1321,0.1321,0.1321,0.1321,0.577,0.1321,0.1321,0.1321,0.1321,0.1321,0.11725,0.1321,0.1321,0.1321,0.1321,0.1039,0.1321,0.1321,0.1382,0.1321,0.1321,0.1321,0.1321,0.1321,0.1321,0.1332,0.1321,0.1321,0.1321,0.1321,0.1321,0.1321,0.2866,0.1321,0.1321,1.559,0.08826,0.1321,0.9355,0.1321,0.1321,0.11127,0.1321,0.1321,0.6587,0.1261,0.1321,0.1758,0.1321,0.1321,0.1219,0.1293,0.919,0.1321,0.1321,0.1074,0.1321,0.1321,0.1321,0.1321,1.97,0.08826,0.1321,0.1321,0.1321,0.10504,0.4404,0.4194,0.1321,0.1321,0.1321,0.1321,0.1321,0.1321,0.1176,0.1321,0.1321,0.1321,0.1321,0.1321,0.1321,0.1279,0.12054,0.1321,0.07733,0.1321,0.1321,0.1321,0.1321,0.1321,0.1321,0.1321,0.1321,0.1321,0.1321,0.1321,0.869,0.1321,0.1321,0.1321,0.11414,0.1321,0.1274,0.1305,0.1321,0.1321,0.1321,0.1321,0.1321,0.1321,0.1321,0.09827,0.1321,0.782,0.1321,0.1321,0.1321,0.1321,0.1321,0.1321,0.1321,0.1321,0.1197,0.1321,0.1321,0.1321,0.2129,0.1321,0.1321,0.1321,0.1321,0.1321,0.1321,0.1317,0.1321,0.1321,0.1321,0.1321,0.1321,0.1321,0.1321,0.1198,0.1321,0.1321,0.1321,0.1321,0.1321,0.1321,0.1321,0.1224,0.1255,0.1321,0.1321,0.1165,0.1321,1.015,0.7617,0.1321,0.1321,0.1321,0.1321,0.1321,0.1321,0.4165,0.1321,0.1321,0.1321,0.1321,0.1321,0.2964,1.382,0.1321,0.1321,0.1321,0.1848,0.3354,0.1321,0.1321,0.1113,0.1315,1.478,0.1321,0.1276,0.1321,0.1239,0.12177,0.1321,0.1107,0.1321,0.1321,0.7373,0.1321,0.1321,0.1393,0.1321,0.1321,0.1803,0.0908,0.0753,0.1321,0.1321,0.1321,0.12286,0.1321,0.1321,0.988,0.1958,0.1321,0.1392,0.1321,0.2167,0.1321,0.1321,0.1321,0.1321,0.1321,0.12286,0.1321,0.1122,0.1321,0.1321,0.1321,0.1321,0.1014,0.1321,0.291,0.1321,0.09735,1.329,0.1321,0.2477,0.1321,0.1223,0.1321,0.1321,0.1321,0.1321,0.1309,1.691,0.1321,0.1321,0.1321,0.1321,0.1251,0.1321,0.07837,0.1321,0.1321,0.1321,0.1321,0.1321,0.1321,0.517,0.1321,0.1321,0.1321,0.1321,0.1321,0.1321,0.1321,0.1321,0.1321,0.1321,0.1321,0.1321,0.312,0.1321,0.1321,0.1116,0.1321,0.1083,0.1321,0.10815,0.1321,0.1321,0.1321,0.1321,0.1321,0.1321,0.1321,0.1321,0.1321,0.1003,0.125,0.296,0.1321,0.33,0.1321,0.1321,0.1321,0.4238,0.1321,0.418,0.1321,0.1321,0.1321,0.2294,0.11017,0.1321,0.04868
27,0.1305,0.1305,0.782,0.1305,0.64,0.955,0.1305,0.1305,0.1305,0.1305,0.1305,0.1305,0.1305,0.1305,0.3496,0.1305,0.0712,1.029,0.1249,0.1305,0.1305,0.1305,0.5127,0.1476,0.1305,0.10394,0.1305,0.737,0.3408,0.1305,0.1973,0.1305,0.1305,0.1305,0.1305,0.362,0.1305,0.1305,0.1305,0.1305,0.1305,0.1305,0.487,0.11395,0.1305,0.1305,0.1305,0.1305,0.1305,1.81,0.1305,0.1305,0.1262,0.04572,0.1305,0.8813,0.2333,0.1305,0.331,0.1305,1.014,0.1305,0.1564,0.6724,0.1305,0.1305,0.982,0.1305,0.1305,0.1305,0.1305,0.1305,0.1305,0.11847,0.1305,1.3955,0.1305,0.3604,0.1305,0.1305,0.1305,0.1305,0.1305,0.1305,0.2072,0.1305,0.1305,0.1305,0.1305,0.1305,0.1305,0.1305,0.6753,0.09454,0.1305,0.1436,0.1305,0.09033,0.0896,0.3633,0.1305,0.1305,0.2151,0.1305,0.1305,0.1305,0.1305,0.1305,0.3357,0.1305,0.1305,0.1305,0.1305,0.1305,0.1305,1.583,0.1152,0.1305,0.1305,0.1305,0.6885,0.1305,0.1305,0.1305,0.1305,0.1305,0.1305,0.1305,0.1305,0.1305,0.1305,0.0971,0.1305,0.0837,0.1305,0.1305,0.1305,0.1305,0.6973,0.1305,0.1305,0.1305,0.1305,0.4128,0.1305,0.1305,0.1305,0.1305,0.1305,0.1305,0.1305,0.1305,0.1305,0.1305,0.1305,0.1305,0.1305,1.378,0.1305,0.1597,0.1305,0.3508,0.1305,0.1305,0.1305,0.1305,0.1305,0.1305,0.1305,0.09766,0.1305,0.1305,0.1305,0.1305,0.4211,0.1305,0.1305,0.741,0.1506,0.1305,0.1305,0.1305,0.1305,0.1305,0.1305,0.6597,0.1305,0.323,0.1305,0.1305,0.1305,0.1305,0.1305,0.4749,0.1305,0.1305,0.1305,0.1305,1.59,0.1305,0.1144,0.08875,0.1305,2.031,0.0986,0.0838,0.1305,0.1305,0.1305,0.506,0.1305,0.1305,0.1305,0.1305,0.1305,0.1605,0.1305,0.1305,0.1364,0.1305,0.1305,1.02,0.2559,0.1305,0.1305,0.1305,0.1305,0.1305,0.1305,0.747,0.2025,0.114,0.587,0.1305,0.1305,0.1305,0.0806,0.1305,0.125,0.1305,0.1925,0.1293,0.1305,0.1305,0.1305,0.1305,0.1231,0.1305,0.1305,0.1185,0.1305,0.1305,0.1305,1.349,0.2144,0.4106,0.1305,0.1305,0.1305,0.1276,0.1305,0.1305,0.1305,0.1305,0.1305,0.1305,0.1305,0.1392,0.5757,0.1305,0.1305,0.1305,0.1305,0.1305,0.1305,0.1305,0.1305,0.1305,0.1305,0.1305,0.1305,0.1305,0.1305,0.1049,0.1305,0.1305,0.1305,0.1305,0.1305,0.1305,0.1305,0.1305,0.1305,0.11053,0.1305,0.1305,0.1305,0.1305,0.1305,0.1305,0.1305,0.1538,0.83,0.1305,0.1112,0.9355,0.0821,0.1305,0.1305,0.1305,0.1843,0.1305,0.1305,0.1305,0.0839,0.1305,0.1305,0.1305,0.1305,1.049,0.104,0.1305,0.7188,1.921,0.1305,0.1305,0.9863,0.1305,0.1305,0.1305,0.1305,0.07874,0.1305,0.1305,0.1305,0.3464,0.0781,0.1305,0.1305,0.1305,0.1305,0.2424,0.4875,1.458,0.1305,0.306,0.1305,0.1305,0.0985,0.1305,0.1305,0.1305,0.1305,0.1305,0.257,0.4956,0.2136,0.1305,0.1305,0.06537,1.206,0.0929,0.1305,0.12445,0.1084,0.1305,0.1305,0.785,0.876,0.0961,0.1305,0.1305,0.1305,0.1305,0.272,0.1259,0.1305,0.1305,0.1305,0.6265,0.1305,0.1305,0.1305,0.748,0.1305,0.32,0.1305,0.1239,0.1305,0.1305,0.1305,0.1305,0.08246,0.1305,0.1305,0.1305,0.8413,0.1305,0.5586,0.1305,1.636,0.1305,0.1305,0.1305,0.1053,0.0786,0.1305,0.2251,0.1305,0.1305,0.1361,0.9395,0.1305,0.1305,0.1305,0.1305,0.2227,0.1305,0.1305,0.1305,0.1305,0.1305,0.1305,0.1305,0.1305,0.2247,0.1305,0.1305,0.1305,0.1305,0.496,0.1305,0.1305,0.1305,0.1681,0.1305,0.1305,0.1305,0.426,0.1305,0.1305,0.1305,0.1305,0.1937,0.11523,0.1305,0.0761,0.1255,0.1305,0.1305,0.1305,0.1305,0.11865,0.1305,0.1305,0.1305,0.1305,0.1305,0.2268,0.1305,0.1305,0.1305,0.126,0.1305,0.1305,0.1305,0.1305,0.1305,0.1252,0.1305,0.1305,0.1305,0.3618,0.1305,0.1305,0.1305,0.06433,0.1305,0.0906,0.1305,0.1305,1.101,0.2542,0.1305,0.1305,0.1305,0.1305,0.1305,0.1305,0.1305,0.1305,0.3184,0.4219,0.1305,0.1305,0.1305,0.1305,0.1305,0.1305,0.1305,0.1305,0.1305,0.1305,0.1305,0.1305,0.1305,0.1305,0.1305,0.1305,0.1305,0.1305,0.1305,0.12006,0.1105,0.2578,0.1305,0.1305,0.1305,0.1305,0.1305,0.1154,0.1305,0.1305,0.413,0.363,0.1305,0.1305,0.1305,0.1305,0.1305,0.1305,0.1305,0.1305,0.1305,0.1305,0.1305,0.1305,0.1305,0.12225,0.1305,0.1305,0.1305,0.1305,0.1305,0.1305,0.255,0.1305,0.1305,0.1305,0.4873,0.12335,0.1305,0.1305,0.6846,0.1305,0.2406,0.1305,0.1305,0.1305,0.1305,0.1305,0.1305,0.1305,0.1305,0.1305,0.0391,0.1305,0.1284,0.1312,0.1305,0.1305,0.1305,0.1305,0.7114,0.04617,0.1305,0.771,0.1305,0.2394,0.1305,0.1305,0.1305,0.1305,0.1305,0.1305,0.1305,0.1305,0.1305,0.1305,0.1305,0.0705,0.1265,0.1305,0.1305,0.1305,0.1305,0.4475,0.1305,0.1305,0.1305,0.1305,0.1305,0.1305,0.1305,0.1305,0.4753,0.1305,0.1305,0.091,0.1305,1.143,0.1305,0.1305,0.1305,0.4104,0.6978,0.1305,0.1305,0.3535,0.1305,0.1305,0.1305,0.929,0.0676,0.2091,0.5806,0.1305,0.1305,0.1305,0.1305,0.1305,0.8237,0.104,0.1305,0.1305,0.1305,0.833,0.08563,0.1305,0.1305,0.1305,0.1305,0.5786,0.1305,0.1305,0.1305,0.1305,0.1305,1.011,0.1305,0.1305,0.1305,0.1305,0.1305,0.1305,1.03,0.1305,0.1305,0.1305,0.1305,0.09503,0.1305,0.1406,0.1305,0.1305,0.1305,0.1305,0.277,0.11346,0.497,0.1305,0.1305,0.1305,0.1305,0.10815,0.1305,0.1305,0.1305,0.575,0.1305,0.1305,0.1305,0.1305,0.1305,0.1305,0.1305,0.1305,0.86,0.1305,0.1305,0.3562,0.1305,0.0818,0.1305,0.1305,0.12354,0.1305,0.3074,0.3826,0.1305,0.1305,0.1305,0.1305,0.1305,0.1305,0.1305,0.2473,0.1038,0.1305,0.1957,0.1305,0.663,0.1305,0.1305,0.1305,0.1305,0.1305,1.767,0.3176,0.1305,0.1305,0.1305,0.614,0.1305,0.1305,0.1305,0.1305,0.1228,0.696,0.1305,0.2468,0.2456,0.1305,0.1305,0.3118,0.1305,0.1305,0.1305,0.1305,0.1305,0.1305,0.1305,0.1305,0.1305,0.1305,0.1305,0.848,0.1305,0.1305,0.1305,0.1305,0.1305,0.5146,0.7656,0.1305,0.1305,0.1305,0.1305,0.1305,0.1305,0.1305,1.265,0.1305,0.1305,0.1305,0.1305,0.1305,0.1305,1.249,0.1305,0.10767,0.1305,0.4644,0.1305,0.13,0.1305,0.1305,0.1305,0.1305,0.1305,0.1305,0.1305,0.1305,0.2778,0.1305,0.1305,0.606,0.1305,0.1268,0.6313,0.1305,0.1305,0.1305,0.1305,0.2886,0.1305,0.1305,0.1332,0.1305,0.1305,0.1305,0.1305,1.219,0.1305,0.1305,0.1305,0.1305,0.1305,0.1305,0.1305,0.1305,0.1305,0.2324,0.1305,0.1305,0.1305,0.1305,0.1305,0.1305,1.27,0.1305,0.1305,0.1259,0.1305,1.292,1.018,0.1305,0.09607,0.1305,0.3372,0.1305,0.1305,0.1305,0.1305,1.109,0.3962,0.1305,0.1305,0.1305,0.0829,0.1282,0.1305,1.164,0.1305,0.298,0.1305,0.1305,0.1191,0.0959,0.1305,0.1305,0.1305,0.1305,0.1305,0.1305,0.1305,0.1305,0.1305,0.1305,0.1305,0.3284,0.1305,0.1305,0.11633,0.1305,0.1757,0.1305,0.1305,0.1305,0.1305,0.1305,0.1305,0.1305,0.1305,0.1305,0.1305,0.1305,0.1305,0.1305,0.1305,0.1305,0.1305,0.1305,0.943,0.1676,0.2917,0.1305,0.2054,0.1305,0.1305,0.1248,0.1305,0.1305,0.7383,0.1305,0.1305,0.1305,0.1371,0.1305,0.1305,0.1305,0.1305,0.723,0.1305,0.12476,0.1305,0.1305,0.1305,0.0892,0.1305,0.1305,0.4282,0.2393,0.4875,0.1038,0.1305,0.1305,0.1305,0.1305,0.1305,0.1305,0.1305,0.1305,0.1305,0.1309,0.1305,0.1305,0.1305,0.1305,0.1406,0.1305,0.1305,0.1305,0.4207,0.1305,0.1305,0.08215,0.1305,0.1305,0.1289,0.1305,0.5527,0.1305,0.392,0.3599,0.1279,0.1321,0.1197,0.1305,0.1305,0.1305,0.07837,0.1305,0.10144,0.1305,0.1305,0.1305,0.1267,0.1305,0.0908,0.1305,0.1295,0.1252,0.1305,0.1305,1.1,0.1305,0.08795,0.1305,0.1305,0.1305,0.1305,0.1305,0.1305,0.0853,0.1305,0.252,0.1305,0.1305,0.1305,0.1305,0.1305,0.1305,0.1305,1.257,1.025,0.1305,0.479,0.1305,0.1305,0.1305,0.2434,0.1305,0.1305,0.1305,0.1305,0.1305,0.1305,0.5273,0.1305,0.1305,0.1305,0.1305,0.1305,0.12036,0.1305,0.1305,0.1313,0.1305,0.3035,0.1305,0.1305,0.1305,0.1305,0.1305,0.1305,0.1305,0.1305,0.1305,0.1305,0.1305,1.229,0.1305,0.12244,0.1061,1.134,0.1305,0.623,0.1305,0.1305,0.1305,0.1305,0.8574,0.1305,0.1305,0.4019,0.1305,0.1305,0.0928,0.6934,1.46,0.1305,0.1305,0.1305,0.1305,0.1305,0.1305,0.08936,0.1234,0.1305,0.1305,0.1305,0.1305,0.1305,0.1026,0.1305,0.418,0.1305,0.8423,0.1305,0.1305,0.1305,0.1305,0.1305,0.11456,0.1305,0.1069,0.1305,0.1305,0.1305,0.1305,0.1305,0.1305,0.1305,0.1256,0.1305,0.4546,0.1305,0.1305,0.1305,0.1305,0.1305,0.1305,0.1537,0.0987,0.1305,0.1305,0.1305,0.1731,0.1305,0.1305,0.1305,0.1305,0.1305,0.1305,0.1305,0.1305,0.10333,0.1305,0.1305,0.1305,0.1305,0.1305,0.556,0.1305,0.1305,0.1305,0.1305,1.7295,0.1305,0.1305,0.8037,0.1305,0.1305,0.574,0.1095,0.1305,2.373,0.1029,0.1305,0.1305,0.1305,0.1305,0.1305,0.1305,0.1305,0.1305,0.1305,0.1305,0.1233,0.1305,0.1305,0.1305,0.1305,0.1305,0.1305,0.1626,0.10254,0.1305,0.1583,0.1709,0.1305,0.1305,0.1205,0.1305,0.1305,0.1305,0.1305,0.1305,0.1305,0.1305,0.1305,0.1305,0.1305,0.1305,0.1305,0.3247,0.1305,0.1305,0.1305,0.1305,0.11456,0.2668,0.1305,0.5913,0.1305,0.1305,0.1305,1.496,0.4019,0.1305,0.1305,0.3733,0.1305,0.1305,0.1166,0.1305,0.1305,0.825,0.1305,0.0742,0.1305,0.1305,0.1305,0.1305,0.1305,0.1816,0.1305,0.1305,0.2776,0.1305,0.396,0.1254,0.2546,0.875,0.1305,0.1305,0.1305,0.1305,0.1305,0.1305,0.1305,0.1305,0.1305,0.1305,0.1305,0.1305,0.1153,0.1305,0.1134,0.1305,0.1305,0.1305,0.2886,0.1305,0.1305,0.1305,0.1265,0.1305,0.4653,0.6377,0.1305,0.1305,0.1305,0.7773,0.1305,0.1305,0.1305,0.4216,0.11084,0.1305,0.1305,0.436,0.1305,0.1305,0.1305,0.1305,0.1305,0.1009,0.1305,0.1305,0.1305,0.1205,0.1305,0.1255,0.1305,0.112,0.1305,0.1305,0.1305,0.1305,0.1305,0.1305,0.3406,0.1305,0.1305,0.1305,0.1203,0.0972,0.1118,0.1305,0.808,0.1326,0.1305,0.1305,0.1305,0.1305,0.1305,0.1305,0.11005,0.1305,0.1305,0.1305,0.1305,0.392,0.2394,0.0762,0.1305,0.3337,0.1305,0.1305,0.1305,0.0998,0.1305,0.1305,0.1305,0.1305,0.1305,0.1305,0.1305,0.7383,0.3494,0.0804,0.1305,0.1305,0.1305,0.1305,0.1305,0.1305,0.1305,0.1305,1.018,0.03683,0.1305,0.1305,0.4788,0.1305,0.1305,0.1305,0.1305,0.1305,0.428,0.1305,0.1305,0.1305,0.1305,0.1284,0.1305,0.1305,0.1305,0.1305,0.1305,0.2947,0.1305,0.2161,0.1305,0.07904,0.1305,0.1305,0.1205,0.1305,0.1305,0.989,0.1305,0.11615,0.1305,0.0671,0.1305,0.1305,0.1305,0.7686,0.1305,0.1305,0.1305,0.1305,0.1305,0.9844,0.1305,0.1305,0.1305,0.1305,0.3296,0.4683,0.1305,0.1305,0.1305,0.1305,0.1305,0.1305,0.1305,0.1305,0.1305,0.0862,0.1305,0.1305,0.1305,0.876,0.1305,0.4956,0.1305,0.1305,0.1305,0.1305,0.1305,0.1305,0.1305,0.1305,0.1305,0.1305,0.1305,0.2081,0.1305,0.1305,0.1058,0.1305,0.0972,0.0716,0.1305,0.1305,0.1305,0.1305,2.29,0.1305,0.1305,0.1305,0.2827,0.1305,0.1305,0.3545,0.1305,0.1305,0.1305,0.1305,0.1305,0.1305,0.1305,0.1305,0.1305,0.1305,0.1305,0.1305,0.3523,0.1305,1.017,0.1305,0.1305,0.1305,0.1305,0.1334,0.1305,0.1142,0.2274,0.1305,1.411,0.1305,0.1305,0.1305,0.1305,0.1081,0.1305,0.1305,0.1305,0.275,1.654,0.1129,0.1305,0.1305,0.1305,0.1305,0.1305,0.1305,0.1305,0.1305,0.1305,0.12006,0.0661,0.1004,0.1305,0.1305,0.1305,0.1305,0.1305,0.1305,0.4822,0.1305,0.1305,0.12024,0.1305,0.1305,0.1545,0.2278,0.1305,0.1305,0.1305,0.10565,0.1305,0.1305,0.123,0.1305,0.578,0.5674,0.1305,0.07654,0.1305,0.12085,0.1305,0.1305,0.1305,0.9253,0.1305,0.1305,0.1305,0.1305,0.1305,0.04736,0.1305,0.4802,0.1305,0.1305,0.1305,0.7417,0.1305,0.1305,0.10126,0.6494,0.1305,0.1305,0.9053,0.1305,0.1305,0.484,0.1305,0.1305,0.1305,0.1305,0.1305,1.268,0.085,0.4656,0.1305,0.1884,0.1305,0.1305,0.10767,0.1305,0.1305,0.1305,0.1305,0.1305,0.1305,0.1273,0.08405,0.1305,0.1305,1.993,0.371,0.1305,0.1305,1.279,0.1305,0.3855,0.1305,0.1305,0.1305,0.1305,1.16,0.1305,0.1305,0.173,0.1305,0.1305,0.4436,0.121,0.1305,1.119,0.1305,0.2815,0.1305,0.1305,0.1305,0.1305,0.1305,0.1305,0.1305,0.1305,0.228,0.1305,0.2261,0.1305,1.194,0.1305,0.1305,0.1182,0.1305,0.1305,0.0792,0.1305,0.1305,0.1305,0.1305,0.1305,0.1305,0.0906,0.1305,0.1305,0.686,0.1305,0.1139,0.1305,0.1305,0.1305,0.1305,0.1305,0.1305,0.1305,2.066,0.1305,0.1305,0.1305,0.11365,0.1305,0.1305,0.4626,0.1305,0.1305,0.1305,0.1305,0.1305,0.1305,0.488,0.6714,0.1305,0.1305,0.1305,0.1305,0.1305,0.1305,0.12,0.1305,0.2747,0.2341,0.1305,0.1305,1.419,0.1305,0.1305,0.1305,0.1305,0.1305,0.1305,0.1305,0.1305,0.1305,0.1305,0.1305,0.1305,0.1305,0.1305,2.152,0.1317,0.1305,0.1305,0.1305,0.1305,0.1305,0.1305,0.10425,0.1305,1.141,0.3298,0.1305,0.12354,0.2069,0.1305,0.1271,0.1305,0.1305,0.2637,0.1305,0.1305,0.11554,0.1305,0.11945,0.1305,0.1305,0.1482,0.1305,0.1305,0.4458,0.1305,0.1305,0.1305,0.1276,0.1305,0.535,0.1305,0.8643,0.761,0.12463,0.1283,0.1268,0.1305,0.1305,0.1305,1.281,0.1305,0.1079,0.1305,0.1305,0.1305,0.949,0.1305,0.09033,0.08936,0.1305,0.1305,0.1305,0.1121,0.813,0.1305,1.605,0.1305,0.1305,0.1305,0.5933,0.1305,0.12317,0.1305,0.1305,0.1305,0.1305,0.0808,0.5874,0.7827,0.1305,0.1305,0.3345,0.1305,0.1305,0.645,0.1305,0.1305,0.1305,0.1305,0.1305,0.1305,0.1305,0.1841,0.1305,0.1305,0.1305,0.437,0.1305,0.1305,0.1305,0.1305,0.1305,0.1305,0.1305,0.1305,0.1305,0.2188,0.1305,0.1305,0.1305,0.1305,0.1305,0.1305,0.1305,0.2622,0.267,0.1305,0.1305,0.1305,0.1305,0.1305,0.3535,0.1902,1.424,0.1305,0.1305,0.1305,1.825,0.1305,0.1305,0.1305,0.1305,0.1305,0.1305,0.1305,0.1305,0.11127,0.1305,0.1305,0.1305,0.1305,0.1305,0.2052,0.1305,0.1305,0.1305,0.1305,0.1305,0.1305,0.1305,0.1628,0.1099,0.0951,0.1305,0.2776,0.1305,0.0868,0.1305,1.094,0.1305,0.1305,0.3513,0.1305,0.5635,0.1059,0.1305,0.1305,0.1305,0.1305,0.1305,0.1305,0.1305,0.1305,0.1305,0.1305,0.1305,0.1305,0.319,0.1305,0.1274,0.1305,0.1305,0.1305,0.1305,0.1305,0.1231,0.1305,0.4263,0.1305,0.1305,0.5146,0.1305,0.1305,0.1305,0.1305,0.1305,0.1305,0.1786,0.03827,0.1305,0.1305,0.1305,0.1101,0.1305,0.5103,0.1305,0.1305,0.1305,0.552,0.1305,0.1305,0.4731,0.1305,0.09937,0.1305,0.5776,0.1305,0.1305,0.1305,0.1305,0.1305,0.1305,0.1305,0.1305,0.1305,0.1305,0.1305,0.1305,0.1305,0.09247,0.1305,0.1305,0.1305,0.1305,0.1305,0.1305,0.07794,0.1305,0.3672,0.1404,0.1305,0.1305,0.1305,0.1305,0.1305,0.1305,0.1305,0.1305,0.1305,0.11957,0.1305,0.1305,0.1486,0.1305,0.1305,0.1305,0.1305,0.1305,0.1305,1.114,0.5317,0.9814,0.1305,0.1305,0.1305,0.1305,0.1305,0.1305,0.1812,0.1305,0.1305,0.7393,0.07556,0.587,0.1305,1.022,0.128,0.1305,0.1305,0.1052,0.1305,0.1196,0.1261,0.1305,1.296,0.1305,0.1305,0.1305,0.1305,0.1305,0.1305,0.1245,0.1305,1.261,0.1305,0.734,0.1305,0.1257,0.1305,0.1305,0.1305,0.1305,0.1305,0.1305,0.654,0.1305,0.1305,0.1305,0.1305,0.1096,0.1305,0.1305,1.101,0.05927,0.0965,0.1305,0.1087,0.1305,0.1305,0.1305,0.0976,0.1305,0.1305,0.1305,0.1305,0.1305,0.1305,0.1305,0.1271,0.1305,0.593,0.1305,0.1305,0.1305,0.1305,0.1305,0.2474,0.1305,0.1305,0.1305,0.1305,0.1305,0.1305,0.554,0.1305,0.4297,0.3694,0.1284,0.09717,0.1305,0.0824,1.12,0.0643,0.6016,0.1305,0.132,0.1305,0.1305,0.1305,0.1305,0.1305,0.1305,0.1305,0.1305,0.1305,0.104,0.1305,0.2112,0.1305,0.1305,0.1305,0.1305,0.1305,0.1305,0.1305,0.1305,0.1305,0.1305,0.1017,0.4048,0.1305,0.5176,0.2451,0.1305,0.1305,0.1305,0.1305,0.1305,0.0589,0.1538,0.1305,0.1151,0.1305,0.1305,0.1305,0.06616,0.1273,0.1305,0.03818,0.1305,0.1305,0.1226,0.1305,0.0809,0.1305,0.1305,0.1305,0.1305,0.1305,0.1632,0.1305,0.1167,0.912,0.1305,0.2413,0.1305,0.72,0.1305,0.1305,0.783,0.1305,0.1305,0.513,0.6357,0.1305,0.1904,0.1305,0.1305,0.1305,0.1305,0.1305,0.1305,0.12103,0.1305,0.1305,0.2162,0.2854,0.1305,0.1305,0.1305,0.1111,0.527,0.1305,0.1305,0.1305,0.1305,0.1305,0.1305,0.1305,0.1305,0.1305,0.412,0.1305,0.0786,0.1305,0.259,0.1305,0.1305,0.1305,2.373,0.1305,0.126,0.1305,0.8545,0.8267,0.1305,0.1305,0.6055,0.1305,0.1305,0.1305,0.1019,0.7104,0.4058,0.1305,0.1305,0.1305,0.1305,0.1305,0.1305,0.1305,0.0728,0.1305,0.1305,0.1305,1.388,0.1305,0.1305,0.1305,0.967,0.1305,0.4985,0.1305,0.1305,0.1305,1.057,0.1305,0.1305,0.566,0.1305,0.1305,0.1305,0.1305,0.0932,0.1305,0.1305,0.047,0.0723,0.1305,0.1305,0.1224,0.1305,0.1305,0.1164,0.1305,0.1305,0.1305,0.1305,0.12427,0.1248,0.1305,0.1305,0.1305,0.1305,0.1305,0.1305,0.116,0.1305,0.1305,0.1305,0.1305,0.1305,0.1305,0.1305,0.1305,0.6025,0.2566,0.1305,0.5996,0.1305,0.1305,0.568,0.1305,0.633,0.1056,0.1299,0.1305,0.1305,0.2764,0.1305,0.1305,0.1305,0.1305,0.1305,0.6265,0.1305,0.09015,0.1305,0.1305,0.1305,0.1305,0.1305,0.1305,0.1305,0.3904,0.2693,0.1305,0.1305,0.1305,0.1305,0.1305,0.1305,0.1305,0.1305,0.1305,0.1305,0.1305,0.362,0.1305,0.03848,0.1171,0.1305,0.1305,0.1305,0.1997,0.1305,0.1305,0.1278,0.1305,0.0697,0.0682,0.1305,2.186,0.1305,0.1305,0.7183,0.1305,0.862,0.1305,0.554,0.1305,0.1305,0.1305,0.1305,0.1305,0.0493,0.1305,0.1305,0.1305,0.1305,0.1305,0.1305,0.1305,0.1305,0.1305,0.6455,1.846,0.1305,0.1305,0.1305,1.684,0.1305,0.2112,0.10803,0.1305,0.1305,0.1305,0.1305,0.1305,0.6626,0.1305,0.1305,0.1305,0.555,0.1305,0.12146,0.1305,0.1257,0.1305,0.1305,0.1305,0.1305,0.1305,0.0893,0.1305,0.1305,0.3826,0.1305,0.1305,0.1305,0.1305,0.0962,0.1305,0.1305,0.1305,0.9683,0.1305,0.1305,0.1305,0.1278,0.1461,0.1305,0.1305,0.12415,0.1305,0.1305,0.1305,0.1305,0.1305,0.1305,0.1305,0.417,1.138,0.1305,0.1305,0.1305,0.1305,1.198,1.995,0.1305,0.1305,0.1305,0.1305,0.1305,0.1305,0.1305,0.1305,0.1305,0.1305,0.1305,0.1305,0.3347,0.5527,0.1305,0.1305,0.1305,0.2168,0.1713,0.1305,1.25,0.1305,0.1255,0.1305,0.1305,0.1305,0.1305,0.1305,0.1305,0.1305,0.1305,0.3125,0.1305,0.1305,0.1074,0.1305,0.1305,0.1305,0.1305,0.1305,0.2034,0.1305,0.1305,0.1305,0.1305,0.1344,0.1305,0.2515,0.1305,0.1305,0.1305,0.4253,0.09143,0.1305,0.10913,0.6123,0.1305,0.0988,0.1305,0.1305,0.1305,0.1305,0.0761,0.2827,0.1305,0.5327,0.2184,0.5645,0.1305,0.1305,0.1305,0.1305,0.1305,0.836,0.1302,0.1305,0.11865,0.1305,0.1305,0.1305,0.1305,0.1305,0.478,0.1305,0.561,0.1305,0.8794,0.1305,0.126,0.1305,0.1305,0.1305,0.453,0.305,0.1305,0.1305,0.1305,0.2834,0.1305,0.1305,0.129,0.1305,0.1305,0.1305,0.1305,0.1305,0.1305,0.1305,0.1305,1.214,0.1305,0.1305,0.1305,0.1305,0.1305,0.1305,0.1305,0.1305,0.12427,0.1305,0.1305,0.0392,0.1305,0.1305,0.1305,0.1305,0.1305,0.1182,0.1305,1.055,0.1305,0.1305,0.1305,0.1305,0.1305,0.1305,0.1077,0.1305,0.1305,0.897,0.1305,0.1305,0.1305,0.1305,0.1305,0.1305,0.1305,0.1305,0.1305,0.1305,0.12164,0.679,0.1305,0.1305,0.1305,0.1305,0.1305,0.1305,0.1305,0.1305,0.11914,0.1305,0.1305,0.1305,0.1305,0.1305,0.1305,0.1305,0.3325,0.1305,0.1305,0.1305,0.1305,0.1305,0.1305,0.6924,0.1305,0.1305,0.1305,0.1305,0.5195,0.1305,0.12415,0.1305,0.6343,0.1305,0.1305,0.4504,0.1305,0.1305,0.2537,0.1305,0.1305,0.1305,0.1305,0.1305,0.1305,0.1305,0.1305,0.1305,0.1116,0.08386,0.1305,0.1305,0.10596,0.1305,0.1305,0.1305,0.1305,0.1305,0.1305,0.1305,0.1305,0.1305,0.3108,0.1249,0.1305,0.1254,0.1305,0.1305,0.5327,0.1305,0.1305,0.1305,0.1305,0.1305,0.1305,0.1001,0.1305,0.1305,0.1305,0.1305,0.1305,0.1305,0.1305,0.1305,0.12115,0.0851,1.224,0.1305,0.1305,0.1225,0.1305,2.113,0.1305,0.11725,0.1305,0.412,0.1305,0.1305,0.1305,0.1305,0.351,0.1305,0.237,0.1305,0.1305,0.446,0.0813,0.1305,0.1305,0.1305,0.528,0.0977,0.0712,0.0982,0.1305,0.12054,0.1305,0.10614,1.659,0.1305,0.1305,0.1305,0.2305,0.2554,1.182,0.1305,0.1305,0.09265,0.1305,0.1305,0.1305,0.11957,0.11914,0.1559,0.1456,0.2615,0.1305,0.1305,0.10065,0.1305,0.1305,0.1305,0.1305,0.158,0.1305,0.1305,0.1305,0.1305,0.1305,0.1305,0.1305,0.1305,0.1305,0.342,0.1305,0.1305,0.1305,0.1305,0.3347,0.1305,0.2301,0.1305,0.1305,0.1305,0.0923,0.1305,0.1305,0.1305,0.9546,0.1305,0.1305,0.1305,0.0711,0.5444,0.426,0.1305,0.1305,0.1483,0.1305,0.1305,2.156,0.1305,0.1305,0.1305,0.1305,0.1305,0.1305,0.1305,0.05667,0.1305,0.1305,0.1305,0.1305,0.1305,0.1305,0.1305,0.1305,0.1305,0.1305,0.583,0.1305,0.3037,0.1305,0.1305,0.1305,0.1305,0.1305,0.1305,0.1873,0.1305,0.3882,0.1276,0.1305,0.05588,0.1305,0.5425,0.11414,0.1305,0.1305,0.1305,0.1259,0.1256,0.1295,0.1305,0.277,0.1305,0.1305,0.4688,0.1305,0.1305,0.1305,0.12213,0.3992,0.1305,0.1305,0.1305,0.641,0.744,0.1305,0.1305,0.1305,0.1305,0.1305,0.1305,1.046,0.172,0.1305,0.08185,0.1305,0.1305,0.05383,0.1305,0.5513,0.1305,0.1305,0.1305,0.1305,0.1305,0.1305,0.1305,0.1934,0.1305,0.1081,0.3074,0.1305,0.1305,0.1305,0.1305,0.1305,0.1305,0.0908,0.1305,0.1305,0.1305,0.1305,0.1107,0.1305,0.1305,0.401,0.1305,0.1305,0.1305,0.6094,0.1377,0.8604,0.1305,0.0926,0.1305,0.1305,0.1305,0.1305,0.85,0.1305,0.1305,0.1305,0.1305,0.1305,0.111,0.1305,1.533,0.4893,0.1305,0.1305,0.1305,0.1305,0.1305,0.1305,0.1223,0.544,0.1305,0.1305,0.1305,0.1305,0.1305,0.1305,0.2454,0.1305,0.1305,1.347,0.1305,0.1305,0.71,0.1229,0.1305,0.1102,0.1305,0.122,0.1305,0.1305,0.1305,0.1305,0.287,1.042,0.11115,0.827,0.1305,0.5015,0.1305,0.1305,0.09906,0.1305,0.1305,0.1305,0.1305,0.1305,0.05524,0.1305,0.1305,0.291,0.1305,0.12006,0.1305,0.1305,0.1305,0.1305,0.1021,0.1305,0.1305,0.1305,0.1305,0.1305,0.1305,0.1305,0.1305,0.1305,0.1305,0.1305,0.1305,0.1305,0.1305,0.1305,0.1123,0.7876,0.1305,0.1305,0.08514,0.1305,0.1385,0.1305,0.12354,0.1903,0.1305,0.1305,0.1305,0.6294,0.1305,0.1305,0.1305,0.1305,0.1305,0.1305,0.1305,0.1305,0.1305,0.1305,0.0775,0.1449,0.896,0.1305,0.1305,0.1305,0.34,0.6396,0.1305,0.5913,0.0852,0.1305,0.1305,0.1305,0.1305,0.129,0.1414,0.1305,0.1305,0.1305,0.1305,0.4197,0.1305,0.1305,0.0484,0.232,0.1305,0.1305,0.1305,0.1305,0.1305,0.1542,0.1305,0.1305,0.1305,0.1378,0.1305,0.1305,0.1305,0.1305,0.1305,0.1305,0.2172,0.1305,0.1411,0.2039,0.1305,0.1305,0.1305,0.1305,0.1305,0.1305,0.0889,0.1305,0.1305,0.1305,0.1305,0.1305,0.1305,0.642,0.1305,0.1305,0.1305,0.1305,0.1,0.1305,0.1305,0.1305,0.08905,0.1305,0.1305,0.1305,0.1305,0.1305,0.1305,0.11115,0.1305,0.3193,0.1305,0.1227,0.1305,0.1305,0.4763,0.1305,0.09906,0.1305,0.1305,0.1305,0.1305,0.1305,0.1305,0.1305,0.1305,0.1553,0.1305,0.1305,0.1305,1.601,0.0798,0.6724,0.252,0.1305,0.1772,0.1305,0.1305,0.5835,0.1305,0.1305,0.1305,0.1305,0.1304,0.1305,0.8794,0.1305,0.1305,0.915,0.117,0.1305,0.348,0.1305,0.347,0.1305,0.09595,0.1305,0.1305,0.1305,0.323,0.3328,0.503,0.1305,0.1305,0.11975,0.1305,0.1059,0.1305,0.1305,0.1305,0.1305,0.2998,0.1305,0.1305,0.456,0.364,0.1305,0.1305,0.1305,0.1244,0.1305,0.1305,0.1305,0.3843,0.1305,0.1404,1.363,0.09973,0.1305,0.1305,0.1305,0.1305,0.482,0.1305,0.1305,0.1305,0.1305,0.1305,0.0917,0.1305,0.1305,0.1305,0.1305,0.1305,0.1305,0.1305,0.1232,0.1305,0.1549,0.1305,0.1305,0.1305,0.1305,0.1305,0.1202,0.11224,0.1305,0.1305,0.1305,0.3457,0.1305,0.1305,0.1048,1.218,0.1305,0.1042,0.3147,0.1305,0.1305,0.1305,0.1305,0.1564,0.1305,0.1305,0.1305,0.1305,0.1305,0.1305,0.06793,0.1305,0.1305,0.1305,0.1305,0.1305,0.12317,0.1305,0.1305,0.1177,0.1305,0.1305,0.0665,0.08984,0.1305,0.1305,0.1305,0.6035,0.1305,0.1305,0.1305,0.1171,0.1305,0.103,1.204,0.1305,0.1305,0.1305,0.1259,0.1305,0.1305,0.608,0.9404,0.1305,0.11475,0.6943,0.1305,0.1305,0.1305,0.154,0.1305,0.1305,0.1305,0.1305,0.0955,0.09515,0.1305,0.3657,0.1171,0.1305,0.1305,0.1305,0.11316,0.1305,0.11743,0.1305,0.1305,0.1305,0.2834,0.3833,0.1305,0.1305,0.1826,0.1305,1.22,1.122,0.1305,0.1305,0.1305,0.1305,0.1305,0.3328,0.1179,0.1259,0.1305,0.1305,0.1305,0.1305,0.1305,0.1305,0.258,0.1305,0.999,0.932,0.1305,0.1198,0.1011,0.634,0.1305,0.1305,0.1176,0.9785,0.1305,0.1305,0.1305,0.3435,0.1305,0.1305,0.1305,0.1305,0.1305,0.2184,0.1305,0.1305,0.4475,0.1305,0.1305,0.1305,0.1305,0.1305,0.1305,0.1305,0.1305,0.1305,0.1305,0.1305,0.5557,0.1305,0.1305,1.168,0.1305,1.014,0.2496,0.1305,0.1305,0.1305,0.1305,0.2988,0.1305,0.1305,0.1305,0.6694,0.12115,0.1305,0.1305,0.503,0.1305,0.1305,0.1305,0.1305,0.1305,0.1305,0.9277,0.1305,0.662,0.1305,0.1305,0.4058,1.053,0.1305,0.1305,0.1305,0.1305,0.726,0.2568,0.04117,0.1305,0.1305,0.1305,0.1305,0.1305,0.1305,0.0586,0.1305,0.1305,0.5938,0.1305,0.1305,0.1305,0.1305,0.1774,0.1305,0.4553,0.1305,0.1305,0.0759,0.1305,0.3623,0.1305,0.1305,0.6724,0.1305,0.1305,0.1305,0.1305,0.723,0.1305,0.1305,0.1305,0.1305,0.1006,0.0897,0.1333,0.1305,0.1305,0.1305,0.1305,0.1218,0.652,0.564,0.2098,0.1305,0.1305,0.1819,0.1305,2.066,0.1305,0.1305,0.12354,0.1278,0.4626,0.42,0.1305,0.2542,0.1305,0.1305,0.1305,0.1305,0.1589,0.1305,0.1305,0.1305,0.1305,0.176,1.242,0.1305,0.1305,0.1305,0.1305,1.052,0.1305,0.1305,0.1305,0.1305,0.11993,0.1305,1.252,0.1305,0.11194,0.1305,0.1305,0.1305,0.1305,0.1305,0.1305,0.1305,0.1305,0.1305,0.1305,0.1305,0.1252,0.1305,0.1305,0.1305,0.1305,0.1305,0.1305,0.1305,0.1305,0.1305,0.1305,0.1305,0.1305,0.1076,0.1305,0.1305,0.1305,0.1305,0.1305,0.2754,0.1305,0.4316,0.1305,0.1305,0.5264,0.1305,0.1305,0.65,0.299,0.1305,0.1305,0.1305,0.1063,0.2322,0.1305,0.1305,1.164,0.10925,0.12427,0.9575,0.1305,0.899,0.1118,0.1305,0.1305,0.1305,0.11707,0.1305,0.1305,0.1305,0.1305,0.1305,0.1305,0.1305,0.1305,0.1305,0.1305,0.1305,0.1305,0.1305,0.1305,0.1305,0.1305,0.1305,0.1305,0.1305,0.6846,0.1305,0.1305,0.12103,0.1305,0.1305,0.1305,0.1305,0.12384,0.1305,0.1305,0.1305,0.1305,0.1305,0.1305,0.1305,0.1305,0.1305,0.2338,0.1305,0.1305,0.1528,0.1305,0.795,0.1305,0.1305,0.1305,0.1305,0.1305,0.1305,0.1305,0.1305,0.1305,0.1305,0.1305,0.1305,0.1305,0.0848,1.096,0.1305,0.1305,0.1305,0.05637,0.1305,0.1305,0.1305,0.1305,0.1305,0.1305,0.1305,0.1305,0.1305,0.1305,0.1305,0.1305,0.1305,0.1305,0.1221,0.1305,0.1305,0.2135,0.1305,0.7427,0.1305,0.1305,0.1305,0.1305,0.54,0.1305,0.1305,0.04752,0.1305,0.1305,0.2319,0.1305,0.1305,0.1305,0.1305,0.1786,0.1305,0.1519,0.1305,0.1238,0.1305,0.1305,0.1305,0.1305,0.2634,0.1305,0.1305,0.3987,0.1305,0.1305,0.785,0.117,0.1305,0.1305,0.1305,0.258,0.3923,0.4136,0.1305,0.1305,0.1305,0.1305,0.1305,0.1305,0.1082,0.1272,0.1305,0.575,0.1305,0.1305,0.1305,0.1305,0.1305,0.1305,0.1305,0.1305,0.11237,1.162,0.1305,0.1305,0.1305,0.1305,0.1305,0.1305,0.0899,0.1302,0.1305,0.1305,0.2389,0.1305,0.1305,0.1305,0.1305,0.1305,0.1305,0.1305,0.1305,0.466,0.649,0.1305,0.328,0.1305,0.1305,0.1305,0.1305,0.1305,0.1252,0.1305,0.804,0.1305,0.1305,0.1305,0.1305,0.1305,0.8022,0.1305,0.504,0.1305,0.0932,0.1305,0.1305,0.3228,0.1305,0.1305,0.1305,0.10266,0.1305,0.1305,0.1287,0.1305,0.1305,0.1305,0.1305,0.3743,0.1305,0.1305,0.11786,1.338,0.076,0.1305,0.1305,0.1305,0.1288,0.1305,0.0961,0.1305,0.3486,0.1305,0.1536,0.1049,0.1305,0.1188,0.11566,0.1305,0.1305,0.1305,0.1305,0.1305,0.1305,0.1305,0.1305,0.1305,0.1305,0.1305,0.2952,0.31,0.1305,0.11725,0.1305,0.1305,0.1305,0.4353,0.1305,0.1305,0.1305,0.1146,0.1305,0.1305,0.1305,0.1305,0.1305,0.1305,0.1305,0.1305,0.1305,0.1305,0.1305,0.1305,0.1305,0.1305,0.1305,0.1305,0.1305,0.1305,0.1305,0.477,0.1305,0.07385,0.1305,0.3877,0.1305,0.1305,0.1305,0.1305,0.1305,0.0954,0.1305,0.1305,0.11017,0.1305,0.1305,0.6724,0.1305,0.1305,0.1002,0.1305,0.1305,0.1305,0.12415,0.1305,0.117,0.1305,0.1305,0.0913,0.1305,0.1305,0.1305,0.06476,0.376,0.1305,0.1305,0.1305,0.1305,0.1305,0.1305,0.4336,0.09686,0.1305,0.08276,0.1232,0.1305,0.1305,0.1393,0.1305,0.9233,0.12036,0.1305,0.3381,0.334,0.1305,0.0979,0.1305,0.1305,0.3882,0.1305,0.1305,0.1305,0.1305,0.1305,0.1305,0.1305,0.1305,0.1197,0.1305,0.1305,0.1305,0.1305,0.8506,0.1305,0.1305,0.1305,0.1305,0.1305,0.1305,0.1305,0.1305,0.1305,0.2297,0.1305,0.1305,0.1305,0.1305,0.1305,0.1283,0.1305,0.4824,0.1305,0.1896,0.1305,0.1305,0.1305,0.1305,0.1305,0.1305,0.1129,0.1305,0.1305,0.0891,0.1305,0.1305,0.1305,0.1305,0.1305,0.3809,0.1305,0.1305,0.646,0.1305,0.1305,0.1163,0.2805,0.1305,0.1305,0.1305,0.1137,0.1305,0.1305,0.0756,0.1305,0.1305,0.3774,0.1305,0.1305,0.1305,0.1305,0.1305,0.1305,0.1305,0.4194,0.1305,0.1305,0.1305,0.1305,0.1305,0.1305,0.1305,0.1305,0.1305,0.1305,0.1305,0.1305,0.1305,0.1305,0.1305,0.1305,0.1305,0.0826,0.1305,0.1305,0.1305,0.1305,0.1305,0.1305,0.0739,0.1305,0.1305,0.1305,0.1305,0.1305,0.1305,0.129,0.952,0.103,0.1022,0.1305,0.766,0.1305,0.1305,0.1305,0.1305,0.1305,0.1305,0.1305,0.1305,0.1305,1.119,0.1305,0.1305,0.1305,0.10815,0.1305,0.1305,0.1305,0.1305,0.1305,0.712,0.1305,0.1305,0.1305,0.1305,0.1305,0.0643,0.1305,0.1305,0.1305,0.1305,0.07385,0.1305,0.1305,0.1305,0.1305,0.1305,0.1305,0.1305,0.1305,0.1305,0.1743,0.1305,0.1305,0.1305,0.1305,0.1305,0.1305,0.2401,0.1305,0.1305,1.412,0.0995,0.1305,0.9517,0.1305,0.1305,0.09247,0.1305,0.1305,0.499,0.1283,0.1305,0.134,0.1305,0.1305,0.1305,0.1214,0.952,0.1305,0.1305,0.1293,0.1305,0.1305,0.1305,0.1305,2.082,0.11426,0.1305,0.1305,0.1305,0.1305,0.3447,0.3215,0.1305,0.1305,0.1305,0.1305,0.1305,0.1305,0.0815,0.1305,0.1305,0.1305,0.1305,0.1305,0.1305,0.11,0.10913,0.1305,0.0928,0.1305,0.1305,0.1305,0.1305,0.1305,0.1305,0.1305,0.1305,0.1305,0.1305,0.1305,0.878,0.1305,0.1305,0.1305,0.07306,0.1305,0.0696,0.129,0.1305,0.1305,0.1305,0.1305,0.1305,0.1305,0.1305,0.0539,0.1305,0.6484,0.1305,0.1305,0.1305,0.1305,0.1305,0.1305,0.1305,0.1305,0.1089,0.1305,0.1305,0.1305,0.2181,0.1305,0.1305,0.1305,0.1305,0.1305,0.1305,0.1305,0.1305,0.1305,0.1305,0.1305,0.1305,0.1305,0.1305,0.11554,0.1305,0.1305,0.1305,0.1305,0.1305,0.1305,0.1305,0.1305,0.1057,0.1305,0.1305,0.2798,0.1305,0.82,0.683,0.1305,0.1305,0.1305,0.1305,0.1305,0.1305,0.564,0.1305,0.1305,0.1305,0.1305,0.1305,0.1884,1.241,0.1305,0.1305,0.1305,0.092,0.2456,0.1305,0.1305,0.1305,0.1305,1.767,0.1305,0.1305,0.1305,0.0789,0.0704,0.1305,0.1077,0.1305,0.1305,0.522,0.1305,0.1305,0.2632,0.1305,0.1305,0.315,0.1207,0.1252,0.1305,0.1305,0.1305,0.06934,0.1305,0.1305,0.8896,0.2056,0.1305,0.1365,0.0979,0.1807,0.1305,0.1305,0.1305,0.1305,0.1305,0.1305,0.1305,0.1305,0.1305,0.1305,0.1305,0.1305,0.1305,0.1305,0.1005,0.1305,0.10333,1.221,0.1305,0.4155,0.1305,0.1305,0.1305,0.1305,0.1305,0.1305,0.0803,1.755,0.1305,0.1305,0.1305,0.1305,0.0749,0.1305,0.12103,0.1305,0.1305,0.1305,0.1305,0.1305,0.1305,0.5293,0.1305,0.1305,0.1305,0.1305,0.1305,0.1305,0.1305,0.1305,0.1305,0.1305,0.1305,0.1305,0.2842,0.1305,0.1305,0.03748,0.1305,0.1305,0.1305,0.1259,0.1305,0.1305,0.1305,0.1305,0.1305,0.1305,0.1305,0.1305,0.1305,0.1106,0.1305,0.3027,0.1305,0.3728,0.1305,0.1305,0.1305,0.4858,0.1305,0.405,0.1305,0.1305,0.1305,0.5107,0.1305,0.1305,0.09735
28,0.1337,0.1337,0.484,0.1337,0.6323,0.7637,0.1337,0.1337,0.1337,0.1337,0.1337,0.1337,0.1337,0.1337,0.2339,0.1337,0.1786,1.013,0.1337,0.1337,0.1337,0.1337,0.5103,0.172,0.1337,0.1553,0.1337,0.661,0.3945,0.1096,0.08514,0.1337,0.1337,0.1337,0.1337,0.4214,0.1337,0.1337,0.1337,0.1337,0.1337,0.1337,0.2374,0.1328,0.1337,0.1337,0.1337,0.1337,0.1337,1.567,0.1337,0.1337,0.076,0.1337,0.1337,0.6255,0.2664,0.1337,0.5273,0.1337,1.221,0.1337,0.2404,0.955,0.1337,0.1337,1.065,0.1337,0.1337,0.1337,0.1337,0.1337,0.1337,0.1337,0.1337,1.558,0.1337,0.2693,0.1337,0.1337,0.1337,0.1337,0.1337,0.1337,0.09973,0.1337,0.1337,0.1337,0.1337,0.1337,0.1337,0.1265,0.6743,0.12,0.1337,0.1086,0.1337,0.1312,0.2389,0.1924,0.1337,0.1337,0.4695,0.1337,0.1337,0.1337,0.1337,0.1337,0.2915,0.1337,0.1337,0.1337,0.1337,0.1337,0.1337,1.598,0.1065,0.1337,0.1337,0.1337,0.96,0.1337,0.1337,0.1337,0.1337,0.1337,0.1337,0.1337,0.1298,0.1337,0.1337,0.129,0.1337,0.1337,0.1337,0.1337,0.1337,0.1337,0.824,0.1337,0.1337,0.1337,0.1337,0.548,0.1337,0.1337,0.1337,0.1337,0.1337,0.1337,0.1337,0.1337,0.1337,0.1337,0.1337,0.1337,0.1337,1.211,0.1337,0.1185,0.1337,0.1792,0.1337,0.1337,0.1337,0.1337,0.1337,0.1337,0.1337,0.07495,0.1337,0.1337,0.1337,0.1337,0.2803,0.1337,0.1337,0.951,0.0789,0.1337,0.1337,0.1337,0.1337,0.1337,0.1337,0.7344,0.1337,0.4814,0.1337,0.1337,0.1337,0.1337,0.1276,0.3608,0.1337,0.1337,0.1337,0.1337,1.592,0.1337,0.12396,0.167,0.1337,2.02,0.1952,0.1085,0.1337,0.1337,0.1337,0.4585,0.1337,0.1337,0.1337,0.1337,0.1337,0.1137,0.1337,0.1337,0.06757,0.1337,0.1337,1.011,0.3276,0.1337,0.1337,0.1337,0.1337,0.1337,0.1337,1.009,0.2101,0.0645,0.5635,0.1337,0.1337,0.1337,0.043,0.1337,0.1309,0.1337,0.2069,0.1337,0.1337,0.1337,0.1337,0.1337,0.1262,0.1337,0.1337,0.1337,0.1337,0.1337,0.1337,1.571,0.0873,0.3198,0.1337,0.1337,0.1337,0.1249,0.1337,0.1337,0.1337,0.1337,0.1337,0.1218,0.1337,0.08887,0.378,0.1337,0.1337,0.1337,0.1337,0.1337,0.1337,0.1337,0.1337,0.1337,0.1337,0.1337,0.1337,0.1337,0.1337,0.084,0.1337,0.1337,0.1337,0.1337,0.1337,0.1337,0.1337,0.1337,0.1337,0.10425,0.1337,0.1337,0.1337,0.1337,0.1337,0.1337,0.1337,0.2021,0.802,0.1337,0.0905,0.695,0.1432,0.1337,0.1337,0.1337,0.1197,0.1337,0.1337,0.1337,0.11884,0.1313,0.1337,0.1337,0.1337,0.854,0.0841,0.1337,0.798,1.963,0.1337,0.1337,0.908,0.1337,0.1337,0.1337,0.1337,0.10046,0.1337,0.1337,0.1337,0.3408,0.09625,0.1337,0.1337,0.1337,0.1337,0.3096,0.6025,1.393,0.1337,0.3313,0.1337,0.1337,0.2383,0.1337,0.12085,0.1337,0.1337,0.1337,0.0652,0.476,0.3716,0.1337,0.1337,0.06586,1.17,0.11816,0.1337,0.09644,0.0856,0.1337,0.1337,0.9214,0.9033,0.1337,0.1337,0.1337,0.1337,0.1337,0.1332,0.068,0.1337,0.1337,0.1337,0.749,0.1337,0.1337,0.1337,0.824,0.1337,0.1447,0.1191,0.1337,0.1337,0.1337,0.1337,0.1337,0.11505,0.1337,0.0941,0.1337,0.975,0.1337,0.4397,0.1337,1.902,0.1337,0.1337,0.1337,0.1118,0.1337,0.1337,0.1738,0.1337,0.1337,0.2327,1.044,0.1337,0.1337,0.1337,0.1337,0.2435,0.1337,0.1337,0.1337,0.1337,0.1337,0.1337,0.1337,0.1337,0.1831,0.1337,0.1337,0.1337,0.1337,0.6016,0.1337,0.1337,0.1337,0.126,0.1337,0.1337,0.1337,0.4653,0.1337,0.1337,0.1337,0.1337,0.3994,0.05237,0.1337,0.1495,0.0939,0.1337,0.1337,0.1337,0.1337,0.1179,0.1337,0.1337,0.1337,0.1337,0.1337,0.1808,0.1337,0.1337,0.1337,0.09015,0.1337,0.1337,0.1337,0.1337,0.1337,0.05746,0.1337,0.1337,0.1337,0.327,0.1337,0.1337,0.1337,0.1364,0.1337,0.11957,0.1337,0.1337,1.037,0.109,0.1337,0.1337,0.1337,0.1337,0.1337,0.1337,0.1337,0.1337,0.1792,0.373,0.1337,0.1337,0.1337,0.1337,0.1337,0.1312,0.1337,0.1337,0.1337,0.1337,0.11444,0.1337,0.1337,0.1337,0.1337,0.1337,0.1337,0.1337,0.1337,0.1288,0.1218,0.2532,0.1337,0.1337,0.1337,0.1337,0.1337,0.1321,0.1337,0.1337,0.4443,0.3884,0.1337,0.1337,0.1337,0.1337,0.1337,0.1337,0.1337,0.1337,0.1337,0.1337,0.1337,0.1337,0.1337,0.132,0.1337,0.1337,0.1337,0.1337,0.0969,0.1337,0.07294,0.1337,0.1337,0.1337,0.2917,0.1337,0.1337,0.1337,0.892,0.1337,0.1674,0.1337,0.1337,0.1337,0.1337,0.1337,0.1337,0.1337,0.1337,0.1337,0.1451,0.1337,0.1268,0.04898,0.1337,0.1337,0.1337,0.1337,0.812,0.09894,0.1337,0.7656,0.1337,0.3074,0.1337,0.1337,0.1337,0.1305,0.1337,0.1337,0.1337,0.1337,0.1337,0.1333,0.1337,0.0874,0.12354,0.1337,0.1337,0.1337,0.1337,0.3196,0.1265,0.1337,0.1337,0.1337,0.1337,0.1337,0.1337,0.131,0.424,0.1337,0.1337,0.0862,0.1337,1.039,0.1337,0.1337,0.1337,0.4873,0.7646,0.1337,0.1337,0.408,0.1337,0.1337,0.1337,0.9736,0.10077,0.32,0.5845,0.1337,0.1337,0.1214,0.1337,0.1337,0.662,0.1337,0.1337,0.1337,0.1337,0.7017,0.1168,0.1337,0.1337,0.1337,0.1337,0.5986,0.1337,0.1337,0.1337,0.1337,0.1337,1.0625,0.1337,0.1337,0.1337,0.1337,0.1178,0.1337,1.159,0.1337,0.1337,0.1337,0.1337,0.0707,0.1337,0.2174,0.1337,0.1337,0.1337,0.1337,0.03265,0.1251,0.62,0.1337,0.1337,0.1337,0.1337,0.1337,0.1337,0.1337,0.1337,0.463,0.1337,0.1337,0.1337,0.1337,0.1337,0.1337,0.1337,0.1337,0.978,0.1337,0.1337,0.4265,0.1302,0.09686,0.1337,0.1337,0.1578,0.1337,0.196,0.4993,0.1337,0.1337,0.1337,0.1337,0.1337,0.1337,0.1337,0.443,0.1671,0.1337,0.1096,0.1337,0.5054,0.1337,0.1337,0.1337,0.1337,0.1337,1.731,0.3894,0.1337,0.1337,0.1337,0.6113,0.1337,0.1337,0.1337,0.1337,0.05734,0.614,0.1337,0.291,0.2148,0.1337,0.1337,0.2634,0.1337,0.1337,0.1337,0.1337,0.1337,0.1337,0.1337,0.1337,0.1337,0.1337,0.1328,0.808,0.1337,0.1337,0.1337,0.1337,0.1337,0.6406,0.9165,0.1337,0.1337,0.1337,0.1337,0.1337,0.1337,0.1337,1.384,0.1337,0.1337,0.1337,0.1337,0.1337,0.1337,1.484,0.1337,0.0991,0.1337,0.3298,0.1337,0.1337,0.1337,0.1337,0.1337,0.1337,0.1337,0.1337,0.1337,0.1337,0.1658,0.1337,0.1337,0.5513,0.1337,0.12354,0.6265,0.1337,0.1337,0.1337,0.1337,0.1959,0.1337,0.1337,0.2935,0.1337,0.1337,0.1337,0.1337,1.144,0.1337,0.1337,0.1337,0.1337,0.1337,0.1337,0.1337,0.1337,0.1337,0.0772,0.1337,0.1337,0.1337,0.1337,0.1337,0.1337,1.152,0.1337,0.12463,0.07245,0.1337,1.547,0.777,0.1337,0.09863,0.1337,0.3088,0.1337,0.1337,0.1337,0.1337,1.129,0.411,0.1337,0.1337,0.1337,0.12476,0.1337,0.1337,1.358,0.1337,0.2888,0.1337,0.1337,0.10645,0.0815,0.1118,0.1337,0.1337,0.1337,0.1337,0.1337,0.1337,0.1337,0.1337,0.1337,0.1337,0.3604,0.1337,0.1337,0.05716,0.1337,0.054,0.1337,0.1337,0.1337,0.1337,0.1337,0.1337,0.1337,0.1337,0.1337,0.1337,0.1337,0.1337,0.1337,0.1337,0.1337,0.1337,0.1337,0.9536,0.11975,0.2832,0.1337,0.06506,0.1337,0.1337,0.1337,0.1337,0.1337,0.6113,0.1337,0.1337,0.1337,0.2251,0.1337,0.1337,0.1221,0.1337,0.4617,0.1337,0.12225,0.1337,0.1337,0.1337,0.2278,0.1337,0.1337,0.467,0.283,0.5474,0.1926,0.1337,0.1337,0.1337,0.1337,0.1337,0.1337,0.1337,0.1337,0.1337,0.2693,0.1337,0.1337,0.1337,0.1337,0.1405,0.1337,0.1337,0.1337,0.5547,0.1337,0.1337,0.09644,0.1337,0.1337,0.11743,0.1337,0.473,0.1337,0.2261,0.3438,0.0473,0.1483,0.09357,0.1337,0.1337,0.1337,0.10504,0.1337,0.05307,0.1337,0.1337,0.1337,0.1337,0.1337,0.1957,0.1337,0.1337,0.1783,0.1337,0.1337,0.896,0.1337,0.10016,0.1337,0.1337,0.1337,0.1337,0.1337,0.1337,0.1995,0.1337,0.10834,0.1337,0.1337,0.1337,0.12244,0.1337,0.1337,0.1078,1.279,1.02,0.1337,0.4387,0.1337,0.1337,0.1337,0.1718,0.1337,0.1337,0.1337,0.1337,0.1337,0.1337,0.633,0.1337,0.1337,0.1337,0.12317,0.1337,0.0993,0.1337,0.1337,0.07904,0.1337,0.1191,0.1337,0.1337,0.1337,0.1337,0.1337,0.1337,0.1337,0.1337,0.1337,0.1337,0.1337,1.206,0.1337,0.1337,0.1337,1.116,0.1337,0.722,0.1337,0.1162,0.1337,0.1337,0.902,0.1337,0.1337,0.3657,0.1337,0.1337,0.0509,0.747,1.435,0.1337,0.1337,0.1337,0.1337,0.1337,0.1337,0.1263,0.1337,0.1337,0.1337,0.1337,0.1337,0.1337,0.05112,0.1337,0.4712,0.1337,0.8423,0.1337,0.1337,0.1337,0.1337,0.1337,0.1075,0.1337,0.08344,0.1337,0.1337,0.1337,0.1337,0.1337,0.1337,0.1337,0.2026,0.1337,0.5,0.1337,0.1337,0.1337,0.1337,0.1337,0.1337,0.403,0.1746,0.1337,0.1337,0.1337,0.1027,0.1337,0.1337,0.1337,0.1337,0.12213,0.1337,0.1337,0.1337,0.1254,0.1337,0.1337,0.1337,0.1337,0.1337,0.622,0.1337,0.1337,0.1337,0.1337,1.695,0.1337,0.1337,0.823,0.1337,0.1337,0.4983,0.09357,0.1337,2.436,0.0954,0.1337,0.1337,0.1337,0.1337,0.1337,0.1337,0.1337,0.1337,0.1337,0.1337,0.1117,0.1337,0.1337,0.1337,0.1337,0.1337,0.1337,0.159,0.112,0.1337,0.1998,0.2277,0.1337,0.1337,0.1976,0.1337,0.1337,0.1337,0.1337,0.1337,0.1337,0.1337,0.1337,0.1337,0.1337,0.1337,0.1337,0.358,0.1337,0.1337,0.1337,0.1337,0.05353,0.2097,0.1186,0.4878,0.1337,0.1068,0.1337,1.445,0.51,0.1337,0.1337,0.4905,0.1337,0.1337,0.10925,0.1337,0.1337,0.7397,0.1337,0.1915,0.1263,0.1337,0.1337,0.1337,0.1337,0.1223,0.1337,0.1337,0.1299,0.1337,0.4976,0.1245,0.3054,0.844,0.1337,0.1337,0.1337,0.1337,0.1337,0.1337,0.1337,0.1337,0.1337,0.1337,0.1337,0.1337,0.1337,0.1337,0.1337,0.1337,0.1337,0.1337,0.2773,0.1337,0.1337,0.1337,0.1337,0.1337,0.1548,0.511,0.1337,0.1337,0.1337,1.02,0.1337,0.1337,0.1337,0.6133,0.124,0.1337,0.1337,0.4053,0.1337,0.1337,0.1337,0.1337,0.1337,0.0481,0.1337,0.1337,0.1337,0.1337,0.1337,0.1337,0.1337,0.1096,0.1337,0.1337,0.1337,0.1337,0.1337,0.1337,0.3784,0.1337,0.1337,0.1337,0.0934,0.1219,0.128,0.1337,0.8184,0.171,0.1337,0.1337,0.1337,0.1337,0.1337,0.1337,0.2705,0.1337,0.1337,0.1337,0.1337,0.2595,0.4536,0.3743,0.1337,0.239,0.1337,0.1337,0.1337,0.0835,0.1337,0.1337,0.1337,0.1337,0.1337,0.1337,0.1337,0.5625,0.5107,0.09564,0.1337,0.1337,0.1337,0.1337,0.1337,0.1337,0.1337,0.1337,1.017,0.08575,0.1337,0.1337,0.5034,0.1337,0.1337,0.1337,0.1337,0.1337,0.2588,0.1337,0.1337,0.1337,0.1337,0.1337,0.1318,0.1337,0.1337,0.1337,0.1337,0.3525,0.1166,0.1707,0.1337,0.0795,0.1337,0.1337,0.2117,0.1337,0.1337,0.9116,0.1337,0.0584,0.1337,0.1573,0.1337,0.1337,0.1337,1.079,0.1337,0.12366,0.1337,0.1337,0.1337,0.9106,0.1337,0.1337,0.1337,0.1337,0.4897,0.547,0.1337,0.1337,0.1337,0.1337,0.1337,0.1337,0.1337,0.1337,0.1337,0.1274,0.1337,0.1337,0.1337,0.859,0.1337,0.4678,0.1337,0.1337,0.1337,0.1337,0.1337,0.1337,0.1337,0.1337,0.1337,0.1337,0.1337,0.2252,0.1337,0.1337,0.1221,0.1337,0.04745,0.1273,0.1337,0.1337,0.1337,0.1337,2.062,0.1337,0.1337,0.1337,0.2192,0.1337,0.1337,0.4426,0.1337,0.1337,0.1337,0.1337,0.1337,0.1337,0.1337,0.1337,0.1337,0.1337,0.1048,0.1337,0.3843,0.1337,0.8276,0.1337,0.1337,0.1337,0.1337,0.2507,0.1337,0.1313,0.1255,0.1337,1.441,0.1337,0.1337,0.1337,0.1337,0.0826,0.1337,0.1337,0.1337,0.2969,1.939,0.09796,0.1337,0.1337,0.1337,0.1337,0.1337,0.1337,0.1337,0.1337,0.1337,0.1075,0.10693,0.0975,0.1337,0.1337,0.1337,0.1337,0.1337,0.1337,0.6143,0.1337,0.1337,0.1191,0.1337,0.1337,0.2096,0.1438,0.1337,0.1337,0.1337,0.1337,0.1337,0.1337,0.07135,0.1337,0.748,0.699,0.1337,0.11163,0.1337,0.1337,0.1337,0.1337,0.1337,1.259,0.1337,0.1337,0.1337,0.1337,0.1337,0.1244,0.1337,0.3562,0.1337,0.1337,0.1337,0.712,0.1337,0.1337,0.1003,0.5356,0.1337,0.1337,1.259,0.1337,0.1337,0.4402,0.1337,0.1337,0.1337,0.1337,0.1337,1.5625,0.2341,0.6846,0.1337,0.124,0.1337,0.1337,0.2676,0.1337,0.1337,0.1337,0.1337,0.1337,0.1337,0.1337,0.06714,0.1337,0.1337,1.975,0.5005,0.1337,0.1337,1.2705,0.1337,0.4666,0.1337,0.1337,0.1337,0.1337,1.338,0.1337,0.1337,0.1583,0.1337,0.1337,0.2822,0.122,0.12146,1.343,0.1337,0.2484,0.1337,0.1337,0.1337,0.1337,0.1337,0.1337,0.1337,0.1337,0.3853,0.1337,0.2468,0.1337,1.105,0.1337,0.1337,0.1337,0.1337,0.1337,0.2634,0.1337,0.1337,0.1337,0.1337,0.1337,0.1337,0.1128,0.1337,0.1337,0.6123,0.1337,0.10834,0.1337,0.12384,0.1337,0.1337,0.1337,0.1337,0.1337,2.066,0.1337,0.1337,0.1337,0.1558,0.1337,0.1337,0.476,0.1337,0.1337,0.1337,0.1337,0.1337,0.1337,0.5034,0.7275,0.1337,0.1337,0.1337,0.1337,0.1337,0.1337,0.1337,0.1337,0.412,0.2172,0.1337,0.1337,1.324,0.1337,0.1337,0.1337,0.1337,0.1337,0.1337,0.1337,0.1337,0.1337,0.1337,0.1337,0.1337,0.1337,0.0735,2.168,0.0718,0.1337,0.1337,0.1337,0.1337,0.1188,0.1337,0.1022,0.1337,1.258,0.4033,0.1337,0.1337,0.133,0.1337,0.1337,0.1337,0.1337,0.098,0.1337,0.1337,0.1197,0.1337,0.1279,0.1337,0.1337,0.1727,0.1337,0.1337,0.3997,0.1337,0.1337,0.1337,0.1337,0.1337,0.4287,0.1337,0.5703,0.9043,0.1337,0.1337,0.0775,0.1337,0.1337,0.1337,1.317,0.09314,0.12317,0.1337,0.1337,0.1337,0.9175,0.1337,0.1055,0.1337,0.1337,0.1337,0.1337,0.1337,0.842,0.1337,1.745,0.1337,0.1337,0.1337,0.699,0.1337,0.1306,0.1337,0.1337,0.1337,0.1337,0.0884,0.526,0.5737,0.1337,0.1337,0.4023,0.1337,0.1337,0.6533,0.1337,0.1337,0.1337,0.1337,0.1337,0.1337,0.1337,0.0927,0.1337,0.1337,0.1337,0.1597,0.1337,0.1337,0.1337,0.1337,0.1337,0.1337,0.1337,0.1337,0.1337,0.3306,0.1337,0.1337,0.1337,0.11163,0.1337,0.1337,0.1337,0.2332,0.175,0.1337,0.1337,0.1337,0.1337,0.1337,0.202,0.10876,1.523,0.1337,0.1337,0.1337,1.986,0.1337,0.1337,0.1337,0.1337,0.1337,0.1337,0.1337,0.1337,0.09753,0.1337,0.1337,0.1337,0.1337,0.1337,0.2546,0.1337,0.1337,0.1337,0.1337,0.1337,0.1337,0.1337,0.2483,0.07776,0.1128,0.1337,0.2069,0.1132,0.11194,0.1337,0.95,0.1337,0.1337,0.52,0.1337,0.839,0.1786,0.1337,0.10095,0.1337,0.1337,0.1337,0.1337,0.1337,0.1337,0.1337,0.1337,0.1337,0.1337,0.298,0.1337,0.1337,0.1337,0.1337,0.1337,0.1337,0.1327,0.1337,0.1337,0.4421,0.1337,0.1337,0.7056,0.1337,0.1337,0.1337,0.1337,0.1337,0.1337,0.0755,0.0844,0.1337,0.1337,0.1337,0.1337,0.1337,0.6655,0.1337,0.1337,0.1337,0.597,0.1337,0.1337,0.2457,0.1337,0.1803,0.1337,0.567,0.1337,0.1337,0.1337,0.1337,0.1337,0.1337,0.1337,0.1337,0.1337,0.1337,0.1337,0.1337,0.1337,0.1617,0.1337,0.1337,0.1337,0.0917,0.1337,0.1337,0.08795,0.1337,0.6953,0.10236,0.1337,0.1337,0.1337,0.1337,0.1337,0.1881,0.1337,0.1337,0.1337,0.1337,0.1337,0.1337,0.1735,0.1337,0.1337,0.1295,0.1337,0.1337,0.1337,1.129,0.637,0.869,0.1337,0.1337,0.1337,0.1337,0.1337,0.1337,0.2482,0.1337,0.1337,0.9736,0.1593,0.664,0.1337,0.8584,0.1223,0.1337,0.1337,0.1337,0.1337,0.1261,0.1337,0.1337,1.321,0.1337,0.1337,0.1337,0.1337,0.1337,0.1337,0.08997,0.1337,1.516,0.1337,0.6284,0.1337,0.0939,0.1337,0.1337,0.1337,0.1337,0.1337,0.1337,0.7275,0.1337,0.1337,0.1337,0.1337,0.1337,0.1337,0.1337,1.071,0.09186,0.11395,0.1337,0.1295,0.1337,0.1337,0.1337,0.2152,0.1337,0.1337,0.1337,0.1337,0.1337,0.1337,0.1337,0.1164,0.1337,0.4614,0.1337,0.1337,0.1337,0.1337,0.1337,0.2201,0.1337,0.1337,0.1337,0.1337,0.1337,0.1337,0.4092,0.1337,0.4504,0.2603,0.1337,0.1337,0.1337,0.0892,0.975,0.1509,0.775,0.1337,0.06995,0.1337,0.1337,0.1337,0.1337,0.1337,0.1337,0.1337,0.1337,0.1337,0.0937,0.1337,0.142,0.1337,0.1337,0.1235,0.1337,0.1337,0.1337,0.1337,0.1337,0.1337,0.1337,0.177,0.2454,0.1337,0.854,0.2355,0.1337,0.1337,0.1337,0.1337,0.1337,0.1301,0.1201,0.1337,0.05966,0.1337,0.1337,0.1337,0.0739,0.1337,0.1337,0.1268,0.1337,0.1337,0.1271,0.1337,0.12177,0.12164,0.1337,0.1337,0.1337,0.1337,0.0713,0.1337,0.05942,0.868,0.1337,0.2465,0.1337,0.7827,0.1337,0.1337,0.7095,0.1337,0.1337,0.63,0.5156,0.1337,0.0936,0.1337,0.1337,0.12244,0.1337,0.1337,0.1337,0.1337,0.1337,0.1337,0.5864,0.356,0.11017,0.1337,0.1337,0.0979,0.677,0.1337,0.1337,0.1337,0.1337,0.1337,0.1337,0.1337,0.1337,0.1337,0.2703,0.1337,0.1032,0.1337,0.1659,0.1337,0.1337,0.1337,2.295,0.1337,0.09247,0.1337,0.816,0.703,0.1337,0.1337,0.3782,0.1337,0.1337,0.1337,0.2415,0.8125,0.641,0.1337,0.1337,0.1337,0.1337,0.1337,0.1337,0.1337,0.1028,0.1337,0.1337,0.1337,1.007,0.1337,0.1337,0.1337,1.141,0.1337,0.641,0.1353,0.1337,0.1337,1.079,0.1337,0.1337,0.5737,0.1337,0.1337,0.1337,0.1337,0.1003,0.1337,0.1337,0.1337,0.2401,0.1337,0.1337,0.1337,0.1337,0.1337,0.1337,0.1337,0.1337,0.12494,0.1337,0.133,0.1337,0.1337,0.1337,0.1337,0.1337,0.1337,0.1337,0.0827,0.1337,0.1147,0.1337,0.1337,0.1337,0.1337,0.1337,0.1337,0.576,0.3936,0.1337,0.61,0.1337,0.1337,0.634,0.1337,0.71,0.0922,0.09174,0.1337,0.1337,0.2544,0.1337,0.1337,0.1337,0.1337,0.1337,0.4956,0.1337,0.1683,0.1337,0.1337,0.1337,0.1337,0.1337,0.1337,0.1337,0.54,0.4407,0.1337,0.1337,0.1337,0.1337,0.1337,0.1337,0.1337,0.1284,0.1337,0.1337,0.1337,0.2534,0.1337,0.09326,0.2129,0.1337,0.1337,0.1337,0.219,0.1337,0.1337,0.1337,0.1337,0.1798,0.09204,0.1337,2.018,0.1337,0.1337,0.766,0.1337,0.873,0.1337,0.6626,0.1337,0.1337,0.1337,0.1337,0.1337,0.088,0.1337,0.1337,0.1337,0.1337,0.1337,0.1337,0.1337,0.1337,0.1337,0.4429,1.908,0.1337,0.1337,0.1337,1.75,0.1229,0.2961,0.07214,0.1337,0.1337,0.1337,0.1337,0.1337,0.6475,0.1337,0.1337,0.1337,0.2732,0.1337,0.1337,0.1337,0.1337,0.1337,0.1337,0.1337,0.1337,0.1337,0.0954,0.1337,0.1337,0.199,0.1337,0.1337,0.1337,0.1337,0.168,0.1337,0.1337,0.1337,1.232,0.1337,0.1337,0.1337,0.12213,0.1842,0.1337,0.1337,0.07764,0.1337,0.1337,0.1337,0.1337,0.1337,0.1337,0.1337,0.5063,0.842,0.1337,0.082,0.1337,0.1337,1.404,1.9795,0.1337,0.1337,0.1337,0.1337,0.1337,0.1337,0.1337,0.1337,0.1337,0.1337,0.1337,0.1337,0.10394,0.752,0.1337,0.1337,0.1337,0.2307,0.1443,0.1337,1.227,0.1337,0.1337,0.1337,0.1337,0.1337,0.1337,0.1337,0.1337,0.1337,0.1337,0.2861,0.1337,0.1337,0.09735,0.1337,0.1337,0.1337,0.1337,0.1337,0.08044,0.1337,0.1337,0.1337,0.1337,0.1768,0.1337,0.1492,0.1337,0.1337,0.1337,0.5356,0.1337,0.1337,0.12256,0.5864,0.1337,0.1337,0.1337,0.1337,0.1337,0.1337,0.09973,0.2908,0.1337,0.6665,0.358,0.648,0.1337,0.1337,0.1081,0.1337,0.1337,0.924,0.1337,0.1139,0.1146,0.1337,0.1337,0.1337,0.1337,0.1337,0.4006,0.1337,0.6196,0.1302,0.9355,0.1337,0.1312,0.1337,0.1337,0.1337,0.4375,0.3057,0.1337,0.1337,0.1337,0.5537,0.1337,0.1337,0.1337,0.1337,0.1337,0.1337,0.1005,0.1337,0.1337,0.1337,0.1337,1.117,0.1337,0.1337,0.1337,0.1337,0.1337,0.1337,0.1337,0.1337,0.12274,0.1337,0.1337,0.11945,0.1337,0.1337,0.1337,0.1337,0.1337,0.099,0.1121,1.047,0.1337,0.1337,0.1337,0.1337,0.1337,0.1337,0.08954,0.1337,0.1337,0.773,0.1337,0.1337,0.1337,0.1337,0.1337,0.1337,0.1337,0.1337,0.1337,0.1337,0.1337,0.7285,0.1337,0.1337,0.1337,0.0978,0.1337,0.1337,0.1337,0.1337,0.0938,0.1337,0.1337,0.1337,0.1337,0.1337,0.1327,0.1337,0.2401,0.1337,0.1337,0.1337,0.1337,0.1337,0.1337,0.7285,0.1337,0.1337,0.1337,0.1337,0.2913,0.1337,0.11957,0.1337,0.673,0.1337,0.1337,0.645,0.1337,0.1337,0.2922,0.1337,0.1337,0.1337,0.1337,0.1337,0.1337,0.1337,0.1337,0.1337,0.1337,0.06006,0.1337,0.1337,0.0982,0.1337,0.1337,0.1337,0.1337,0.1337,0.1337,0.1337,0.07117,0.1337,0.3286,0.312,0.1337,0.1268,0.1337,0.1096,0.5166,0.1337,0.1337,0.0766,0.1337,0.1337,0.1337,0.129,0.1337,0.1337,0.1337,0.1337,0.1337,0.1337,0.1337,0.1337,0.11194,0.0934,1.401,0.1337,0.1337,0.1181,0.1337,2.318,0.1337,0.1188,0.1337,0.411,0.1337,0.1337,0.1337,0.1337,0.2472,0.1337,0.4531,0.1337,0.1337,0.527,0.2393,0.1337,0.1337,0.1337,0.463,0.0937,0.0911,0.1279,0.1337,0.1337,0.1337,0.0748,1.442,0.1337,0.1337,0.1337,0.3176,0.1708,0.924,0.1337,0.1337,0.1062,0.1337,0.1337,0.1337,0.06555,0.2407,0.2725,0.06934,0.1187,0.1337,0.1337,0.1337,0.1337,0.1337,0.1337,0.1337,0.08014,0.1337,0.1337,0.1337,0.1337,0.1337,0.1337,0.1337,0.1337,0.1337,0.1627,0.1337,0.1337,0.1337,0.1337,0.2598,0.1337,0.2725,0.1337,0.1337,0.1337,0.07825,0.1337,0.1337,0.1337,0.944,0.1337,0.1337,0.1337,0.1337,0.6045,0.4578,0.1337,0.1337,0.11505,0.1337,0.1337,2.201,0.1337,0.1337,0.1337,0.1337,0.1337,0.1337,0.1337,0.0751,0.1337,0.1337,0.1337,0.1337,0.1337,0.1337,0.1337,0.1337,0.1337,0.1337,0.5728,0.1337,0.3171,0.1337,0.1337,0.1337,0.1337,0.1337,0.1337,0.0899,0.1337,0.208,0.116,0.1337,0.0806,0.1149,0.574,0.1188,0.1337,0.1337,0.1337,0.1298,0.08136,0.11,0.1337,0.3726,0.1337,0.1337,0.2993,0.1337,0.1337,0.1337,0.1131,0.415,0.1337,0.11084,0.1337,0.695,0.548,0.1337,0.1337,0.1337,0.1337,0.1337,0.1337,0.9043,0.352,0.1337,0.07434,0.1337,0.1337,0.0683,0.1337,0.528,0.1337,0.1337,0.1337,0.1337,0.1337,0.1337,0.1337,0.1514,0.1337,0.1224,0.2693,0.123,0.1337,0.1337,0.1337,0.1337,0.1337,0.06396,0.1337,0.1337,0.1337,0.1337,0.1266,0.1337,0.1337,0.4216,0.1337,0.1337,0.1337,0.6826,0.2559,0.5874,0.1337,0.1209,0.1337,0.1337,0.1337,0.1337,0.829,0.1337,0.1337,0.1337,0.1337,0.1337,0.1071,0.1337,1.539,0.539,0.1337,0.1337,0.1337,0.1337,0.1337,0.1337,0.1127,0.513,0.1337,0.1337,0.1337,0.1337,0.1337,0.1337,0.2668,0.1337,0.1337,1.22,0.1337,0.1337,0.863,0.2162,0.1337,0.06805,0.1337,0.1051,0.1337,0.1337,0.1337,0.1337,0.4397,1.23,0.1337,0.751,0.1337,0.44,0.1337,0.1337,0.11975,0.1337,0.1337,0.1333,0.1337,0.1337,0.10297,0.1337,0.1337,0.4194,0.1337,0.1335,0.1337,0.1337,0.1337,0.1337,0.1105,0.1337,0.1337,0.1337,0.1337,0.1337,0.1337,0.1337,0.1337,0.1337,0.1337,0.1337,0.1337,0.1337,0.1283,0.1337,0.1337,0.5996,0.1324,0.1337,0.08215,0.1337,0.1368,0.1337,0.10846,0.411,0.1337,0.1337,0.1337,0.7505,0.1337,0.1237,0.1337,0.1337,0.1337,0.1337,0.1337,0.1337,0.1337,0.1337,0.04843,0.0842,1.015,0.1337,0.1337,0.1337,0.246,0.596,0.1337,0.2832,0.1102,0.1337,0.1337,0.1337,0.1337,0.12085,0.0974,0.1337,0.1337,0.1337,0.1337,0.5225,0.1337,0.1337,0.0863,0.2054,0.1337,0.1337,0.1337,0.1337,0.1337,0.3284,0.1337,0.1337,0.1337,0.2017,0.1337,0.1337,0.1337,0.1337,0.1337,0.1337,0.04703,0.1337,0.0702,0.1776,0.1337,0.1337,0.1337,0.1337,0.1337,0.1337,0.1109,0.1277,0.1337,0.1337,0.1337,0.1337,0.1337,0.747,0.1337,0.1337,0.1337,0.1337,0.0815,0.1337,0.1337,0.1337,0.10626,0.1337,0.1337,0.1337,0.1337,0.1337,0.1337,0.0945,0.1337,0.346,0.1337,0.08905,0.1337,0.1337,0.393,0.1337,0.1013,0.1337,0.1337,0.1337,0.1337,0.1337,0.1337,0.1337,0.1337,0.2341,0.1337,0.1337,0.1337,1.741,0.1636,0.864,0.1871,0.1337,0.3574,0.1337,0.1337,0.607,0.1337,0.1337,0.1337,0.1337,0.11285,0.1337,0.7583,0.1337,0.1287,0.897,0.1954,0.1337,0.177,0.1337,0.4404,0.1337,0.08527,0.1337,0.1337,0.1298,0.2427,0.216,0.629,0.1337,0.1337,0.1236,0.1337,0.297,0.1337,0.1337,0.1337,0.1337,0.2255,0.1337,0.1337,0.313,0.2312,0.1337,0.1337,0.1337,0.076,0.1337,0.1337,0.1337,0.4656,0.1337,0.207,1.25,0.09344,0.1337,0.1337,0.1337,0.1337,0.3516,0.1337,0.1337,0.106,0.1337,0.1337,0.0935,0.1337,0.1337,0.1337,0.1337,0.1337,0.1337,0.1337,0.1337,0.1337,0.0977,0.1337,0.1337,0.1337,0.1337,0.1337,0.1337,0.0992,0.1337,0.1337,0.1337,0.467,0.1337,0.1337,0.1218,1.206,0.1337,0.06204,0.2888,0.1337,0.1337,0.1337,0.1337,0.1755,0.1337,0.131,0.1337,0.1337,0.1337,0.1337,0.12286,0.1337,0.1337,0.1337,0.1337,0.1337,0.1316,0.1337,0.1337,0.1337,0.1337,0.1337,0.2482,0.1337,0.1337,0.1337,0.1337,0.7896,0.1337,0.1337,0.1337,0.1154,0.1337,0.1334,1.194,0.1337,0.1337,0.1337,0.1364,0.1337,0.1267,0.62,0.9907,0.1337,0.1337,0.7373,0.1337,0.1268,0.1337,0.2417,0.1337,0.1337,0.1337,0.1337,0.2363,0.0726,0.1337,0.583,0.1071,0.1337,0.1337,0.1337,0.1364,0.1337,0.109,0.1337,0.1337,0.1337,0.275,0.3435,0.1337,0.1337,0.09985,0.1337,1.219,1.146,0.1337,0.1337,0.1337,0.1337,0.1337,0.1991,0.3384,0.1337,0.1337,0.1337,0.1337,0.1337,0.1337,0.1337,0.1575,0.1337,1.172,0.9355,0.1337,0.1337,0.1373,0.4924,0.1337,0.1337,0.1337,1.26,0.1337,0.1337,0.1337,0.2488,0.1337,0.1337,0.1337,0.1337,0.1337,0.2455,0.1337,0.1337,0.3066,0.1337,0.1337,0.1337,0.1337,0.1337,0.1337,0.1337,0.1337,0.1337,0.1337,0.1337,0.4954,0.1337,0.1337,1.372,0.1337,0.996,0.1973,0.1337,0.1337,0.1337,0.1337,0.158,0.1337,0.1337,0.1337,0.8135,0.1197,0.1337,0.1337,0.4678,0.1337,0.1337,0.1337,0.1337,0.1337,0.1337,0.9053,0.1337,0.676,0.1337,0.1337,0.3687,1.021,0.1337,0.0955,0.1337,0.1337,0.8174,0.2025,0.11774,0.1337,0.1337,0.1337,0.1337,0.1337,0.1337,0.2374,0.1337,0.1337,0.476,0.1337,0.1337,0.1337,0.1311,0.1621,0.1337,0.6084,0.1337,0.1337,0.08795,0.1337,0.2102,0.1337,0.1337,0.739,0.1337,0.1337,0.1337,0.1337,0.9146,0.1337,0.1337,0.1337,0.1312,0.10455,0.1311,0.1676,0.1337,0.1337,0.1337,0.1337,0.1062,0.956,0.3533,0.1818,0.1337,0.1337,0.3125,0.1337,2.023,0.1337,0.1337,0.11884,0.1337,0.2861,0.2284,0.1337,0.144,0.1337,0.1337,0.1337,0.1337,0.2832,0.1337,0.1337,0.1337,0.1337,0.1364,1.043,0.1337,0.1337,0.1337,0.1337,1.013,0.1337,0.1337,0.1337,0.1337,0.1243,0.1337,1.354,0.1337,0.1337,0.1337,0.1316,0.1337,0.123,0.1337,0.1337,0.1337,0.1337,0.1337,0.1337,0.1337,0.10333,0.1337,0.1337,0.1337,0.1337,0.1337,0.1337,0.1337,0.1337,0.1337,0.1337,0.1337,0.1337,0.1337,0.1337,0.1337,0.1337,0.1337,0.1337,0.3335,0.1337,0.1708,0.1337,0.1337,0.472,0.1337,0.1337,0.598,0.2137,0.1337,0.1337,0.1337,0.1321,0.1021,0.1337,0.1337,1.121,0.1337,0.1273,0.9385,0.1337,0.7905,0.1337,0.1337,0.1337,0.1337,0.09924,0.1337,0.1337,0.1337,0.1337,0.1337,0.1337,0.1337,0.1337,0.1337,0.11035,0.1337,0.1337,0.1337,0.1337,0.1337,0.1337,0.1337,0.1337,0.1337,0.703,0.1337,0.1337,0.1337,0.1337,0.1337,0.1337,0.1337,0.1337,0.1337,0.1337,0.1337,0.1337,0.1337,0.1337,0.1337,0.1337,0.1337,0.182,0.1337,0.1337,0.2402,0.1337,0.7554,0.1337,0.129,0.1337,0.1337,0.1337,0.1337,0.1337,0.1337,0.1337,0.1337,0.1337,0.1337,0.1337,0.2041,0.9775,0.1337,0.1337,0.1337,0.1094,0.1337,0.1337,0.1224,0.1337,0.1337,0.1337,0.1337,0.1337,0.1337,0.1337,0.1337,0.1337,0.1337,0.1337,0.084,0.1337,0.1337,0.1437,0.1337,0.8203,0.1337,0.1337,0.1337,0.1337,0.4746,0.1337,0.1337,0.1793,0.1337,0.1337,0.05347,0.1337,0.1337,0.1337,0.1337,0.1592,0.1337,0.0942,0.1337,0.1317,0.1337,0.1337,0.1337,0.1337,0.4292,0.1337,0.1337,0.2942,0.1337,0.1337,0.813,0.1188,0.1337,0.1337,0.1337,0.6177,0.4326,0.4307,0.1337,0.1337,0.1337,0.1337,0.1337,0.1278,0.11945,0.1056,0.1337,0.625,0.1337,0.1306,0.1337,0.1337,0.1337,0.1337,0.1337,0.1337,0.127,1.169,0.1337,0.1337,0.1337,0.1337,0.1337,0.1337,0.1075,0.1301,0.1337,0.1337,0.122,0.1337,0.1337,0.1337,0.1337,0.1337,0.1337,0.1337,0.1337,0.4077,0.633,0.1337,0.3208,0.1337,0.1337,0.1337,0.1337,0.1337,0.1237,0.1337,0.98,0.1337,0.1337,0.1337,0.1337,0.1337,0.7686,0.1337,0.2966,0.1337,0.0599,0.1337,0.1337,0.1907,0.1337,0.1337,0.1337,0.1649,0.1337,0.1337,0.1042,0.1337,0.1337,0.1337,0.1337,0.443,0.1337,0.1337,0.1332,1.112,0.2651,0.1337,0.1337,0.1337,0.1337,0.1337,0.1288,0.1337,0.3484,0.1337,0.1967,0.0683,0.1337,0.05478,0.1259,0.1337,0.1337,0.1337,0.1337,0.1337,0.1337,0.1337,0.1337,0.1337,0.1337,0.1337,0.2292,0.3403,0.1337,0.1326,0.1337,0.1337,0.1337,0.5005,0.1337,0.1337,0.1337,0.12463,0.1337,0.1337,0.1337,0.1337,0.1337,0.1337,0.1337,0.1337,0.1337,0.1337,0.1337,0.1337,0.1337,0.1337,0.1337,0.1337,0.1337,0.1337,0.1337,0.297,0.1337,0.1015,0.1337,0.4414,0.1337,0.1337,0.1337,0.1337,0.1337,0.06155,0.1337,0.1337,0.10974,0.1337,0.1337,0.973,0.1337,0.1337,0.1047,0.1337,0.1337,0.1337,0.1271,0.1337,0.0965,0.1337,0.1337,0.2588,0.1337,0.1337,0.1337,0.10535,0.6475,0.1337,0.1337,0.1337,0.1337,0.1337,0.1337,0.462,0.1337,0.1337,0.10913,0.1324,0.1337,0.1337,0.2554,0.1337,0.877,0.1265,0.1337,0.1458,0.4316,0.1337,0.0971,0.1337,0.1337,0.26,0.1337,0.1337,0.1337,0.1337,0.1337,0.1337,0.1337,0.1337,0.1337,0.1337,0.1337,0.1337,0.1337,0.85,0.1337,0.1337,0.1337,0.1337,0.1337,0.1337,0.1337,0.1337,0.1337,0.1683,0.1337,0.1337,0.1337,0.1337,0.1337,0.1337,0.1337,0.3845,0.1337,0.1592,0.1337,0.1337,0.1337,0.1337,0.1337,0.1337,0.11176,0.1337,0.1337,0.10455,0.1337,0.1337,0.1337,0.1337,0.1337,0.4766,0.1337,0.1337,0.763,0.1337,0.1337,0.4297,0.2922,0.1337,0.1337,0.1337,0.1154,0.1024,0.1337,0.11346,0.1337,0.1337,0.654,0.1337,0.1337,0.1337,0.1337,0.1337,0.1337,0.1337,0.2494,0.1337,0.1337,0.1337,0.1337,0.1337,0.1337,0.1337,0.1337,0.1337,0.1337,0.1337,0.1337,0.1337,0.1337,0.1337,0.1337,0.1337,0.0946,0.1337,0.1337,0.1337,0.1337,0.1337,0.1337,0.1451,0.1337,0.1337,0.1337,0.1337,0.1337,0.1337,0.1598,0.974,0.07874,0.1234,0.1337,0.8174,0.1337,0.1337,0.1337,0.1337,0.1337,0.1337,0.1337,0.1337,0.1337,1.169,0.1337,0.1337,0.1337,0.1312,0.1337,0.1337,0.1337,0.1337,0.1337,0.83,0.1337,0.1337,0.1337,0.1337,0.1337,0.1337,0.1337,0.1337,0.1337,0.1337,0.0987,0.1337,0.1337,0.1288,0.1337,0.1337,0.1337,0.1337,0.1337,0.1337,0.1081,0.1337,0.1337,0.1337,0.1337,0.1337,0.1337,0.07306,0.1337,0.1337,1.353,0.03632,0.1337,0.912,0.1337,0.1337,0.08575,0.1337,0.1337,0.4534,0.1249,0.1337,0.119,0.1337,0.1337,0.1337,0.1337,1.096,0.1337,0.1337,0.1672,0.1337,0.1337,0.1337,0.1337,2.357,0.08124,0.1337,0.1337,0.1337,0.1731,0.2211,0.4688,0.1337,0.1337,0.1337,0.1337,0.1337,0.1337,0.0951,0.0887,0.1337,0.1337,0.1337,0.1337,0.1337,0.12335,0.1333,0.1337,0.0922,0.1337,0.1337,0.1337,0.1337,0.1337,0.1337,0.1337,0.1337,0.1304,0.1337,0.1337,0.9424,0.1337,0.1337,0.1337,0.07104,0.1337,0.1088,0.1337,0.1337,0.1337,0.1337,0.1337,0.1337,0.1337,0.1337,0.1009,0.1337,0.7803,0.1337,0.1337,0.1337,0.1337,0.1337,0.1337,0.1337,0.1337,0.0878,0.1337,0.1337,0.1337,0.1844,0.1337,0.1337,0.1337,0.1337,0.1337,0.1337,0.1337,0.1337,0.1337,0.1337,0.1337,0.1337,0.1337,0.1337,0.1337,0.1337,0.1337,0.1337,0.1337,0.1337,0.1337,0.1337,0.1248,0.2029,0.1337,0.1337,0.1874,0.1337,0.804,0.5703,0.1337,0.1337,0.1337,0.1337,0.1337,0.1337,0.549,0.1337,0.1337,0.1337,0.1337,0.1337,0.09796,1.257,0.1337,0.1337,0.1337,0.2251,0.2883,0.1337,0.1337,0.1265,0.1337,1.713,0.1337,0.1337,0.1337,0.1337,0.2546,0.1337,0.1337,0.1337,0.1337,0.3782,0.1337,0.1337,0.2146,0.1337,0.1337,0.4126,0.102,0.128,0.1337,0.1337,0.1337,0.126,0.1337,0.1337,0.935,0.2307,0.1337,0.07623,0.142,0.256,0.1337,0.1337,0.1337,0.1337,0.1337,0.1337,0.1337,0.1337,0.1337,0.1337,0.1337,0.1337,0.1337,0.1337,0.1353,0.1337,0.2664,1.231,0.1337,0.368,0.1337,0.1337,0.1337,0.1337,0.1337,0.1323,0.11487,1.744,0.1337,0.1337,0.1337,0.1337,0.09955,0.1337,0.1779,0.1337,0.1337,0.1337,0.1337,0.1337,0.1337,0.515,0.1337,0.1337,0.1337,0.1337,0.1337,0.1337,0.1337,0.1337,0.1337,0.1337,0.1337,0.1337,0.1956,0.1337,0.1337,0.10406,0.1337,0.1337,0.1337,0.105,0.1337,0.1337,0.1337,0.1337,0.1337,0.1337,0.1337,0.1337,0.1337,0.109,0.1337,0.3486,0.1337,0.3862,0.1337,0.1337,0.1337,0.4983,0.1337,0.504,0.1337,0.1337,0.1337,0.5664,0.1337,0.1337,0.0833
29,0.1251,0.1251,0.2754,0.1251,0.4456,0.712,0.1251,0.1251,0.1251,0.1251,0.1251,0.1251,0.1251,0.1251,0.13,0.1251,0.256,1.123,0.1251,0.1251,0.1251,0.1251,0.3037,0.085,0.1251,0.1969,0.1251,0.426,0.3335,0.1521,0.1655,0.1251,0.0981,0.1251,0.1251,0.3438,0.1251,0.1251,0.1251,0.1251,0.1251,0.1251,0.2101,0.135,0.1251,0.1251,0.1251,0.1251,0.1251,1.403,0.1251,0.1251,0.0797,0.1251,0.1251,0.5845,0.0846,0.1251,0.3818,0.1251,1.153,0.1251,0.11646,0.546,0.1251,0.1251,0.874,0.1251,0.1251,0.1251,0.1251,0.1251,0.1251,0.1172,0.1251,1.419,0.1251,0.558,0.1251,0.1251,0.1251,0.1251,0.1251,0.1251,0.0773,0.1251,0.1251,0.1251,0.1251,0.1251,0.1251,0.1251,0.3413,0.11414,0.1251,0.0925,0.1251,0.0865,0.08105,0.1029,0.1251,0.1251,0.4556,0.1251,0.1251,0.1251,0.1251,0.1251,0.2488,0.1251,0.1251,0.1251,0.1251,0.1251,0.1251,1.411,0.12317,0.1251,0.1251,0.1251,0.847,0.1251,0.1251,0.1251,0.1251,0.1251,0.1251,0.1251,0.07574,0.1282,0.1251,0.1251,0.1251,0.10675,0.1251,0.1251,0.1251,0.1251,0.914,0.1251,0.1251,0.1251,0.1251,0.55,0.1251,0.1251,0.1251,0.1251,0.1251,0.1251,0.1251,0.1251,0.1251,0.1251,0.1251,0.1251,0.1251,1.25,0.1251,0.1339,0.1251,0.5957,0.1251,0.1125,0.1251,0.1251,0.1248,0.1251,0.1251,0.1356,0.1251,0.1251,0.1251,0.1251,0.2712,0.1251,0.1251,0.677,0.1029,0.1251,0.1251,0.1251,0.1251,0.1251,0.1251,0.349,0.1251,0.531,0.1251,0.1251,0.1251,0.1251,0.10187,0.469,0.1251,0.1251,0.1251,0.1251,1.359,0.1251,0.1426,0.09235,0.1251,1.818,0.08704,0.103,0.1251,0.1251,0.1251,0.3662,0.1251,0.1251,0.1251,0.1251,0.1251,0.1309,0.1251,0.1251,0.0965,0.1251,0.1251,0.9717,0.3276,0.1251,0.1251,0.1198,0.1251,0.1251,0.1251,0.7827,0.12006,0.11835,0.5903,0.1251,0.1251,0.1251,0.0886,0.1251,0.1238,0.1251,0.2109,0.1251,0.0962,0.1251,0.1251,0.1251,0.11865,0.1251,0.1251,0.1235,0.1251,0.1251,0.1251,1.45,0.1456,0.2255,0.1251,0.1251,0.1251,0.1202,0.1251,0.1251,0.1251,0.1251,0.1251,0.1969,0.1251,0.08954,0.3823,0.1251,0.1112,0.1251,0.1251,0.1251,0.1251,0.1251,0.1251,0.1251,0.1251,0.1251,0.1251,0.1251,0.1251,0.05188,0.1251,0.1251,0.1251,0.1251,0.1251,0.1251,0.1251,0.1251,0.1251,0.1943,0.1251,0.1251,0.1251,0.1251,0.1251,0.1251,0.1251,0.0651,0.766,0.1251,0.0877,0.589,0.1176,0.1251,0.1251,0.1251,0.1251,0.1251,0.1251,0.1251,0.1808,0.1658,0.1251,0.1251,0.1251,0.919,0.1865,0.1251,0.448,1.874,0.1251,0.1251,0.6313,0.1251,0.1251,0.1251,0.1251,0.1251,0.1251,0.1251,0.1251,0.05008,0.2896,0.1251,0.1251,0.1251,0.1251,0.3105,0.4795,1.431,0.1251,0.2275,0.1251,0.1251,0.3079,0.1251,0.1251,0.1251,0.1251,0.1251,0.09424,0.35,0.2119,0.1251,0.1251,0.1105,0.973,0.1251,0.1251,0.1154,0.1251,0.1251,0.1251,1.062,0.7773,0.1157,0.1251,0.1251,0.1251,0.1251,0.0644,0.0944,0.1251,0.1251,0.1251,0.802,0.1251,0.1251,0.1251,0.881,0.1251,0.1511,0.078,0.1112,0.1251,0.1251,0.1251,0.1251,0.0719,0.1251,0.1188,0.1251,0.757,0.1251,0.2603,0.1251,1.663,0.1251,0.1251,0.1251,0.10785,0.0967,0.1251,0.08563,0.1251,0.1148,0.3342,1.071,0.1251,0.1251,0.1251,0.1251,0.1274,0.1251,0.1251,0.1251,0.1251,0.1251,0.1251,0.1251,0.1251,0.0729,0.1251,0.1251,0.1251,0.1251,0.5425,0.1251,0.1251,0.1251,0.0858,0.1251,0.1251,0.1251,0.4238,0.1251,0.1251,0.1251,0.1251,0.1661,0.1251,0.1251,0.1605,0.08856,0.1251,0.1251,0.1251,0.1251,0.1251,0.1251,0.1251,0.1251,0.1251,0.1251,0.0943,0.1251,0.1251,0.1251,0.2137,0.1251,0.1251,0.1251,0.1251,0.1251,0.04388,0.1251,0.1251,0.1251,0.1284,0.1251,0.1251,0.1251,0.1388,0.1251,0.07166,0.1251,0.1251,0.995,0.2125,0.1251,0.1251,0.1251,0.1251,0.1251,0.1251,0.1251,0.1251,0.0907,0.2427,0.1251,0.1251,0.1251,0.1251,0.1251,0.1251,0.1251,0.1251,0.1251,0.1251,0.1197,0.1251,0.1251,0.1251,0.1251,0.1251,0.1251,0.1251,0.1251,0.0935,0.0897,0.1489,0.1251,0.1251,0.1251,0.1251,0.1251,0.0691,0.1251,0.1251,0.428,0.3865,0.1251,0.1251,0.1251,0.1251,0.1251,0.1251,0.1251,0.1251,0.1251,0.1251,0.1251,0.1251,0.1251,0.0826,0.1251,0.1251,0.1251,0.1251,0.1324,0.1251,0.0967,0.1251,0.1251,0.1251,0.3352,0.1251,0.1251,0.1251,0.751,0.1251,0.3826,0.1251,0.1251,0.1251,0.1251,0.1251,0.1251,0.1251,0.1251,0.1251,0.3364,0.1251,0.1078,0.1725,0.1251,0.115,0.1251,0.1251,0.455,0.0972,0.1251,0.9233,0.1251,0.4688,0.1251,0.1251,0.1251,0.1192,0.1251,0.1251,0.1251,0.1251,0.1251,0.11395,0.1251,0.1251,0.1251,0.1251,0.1251,0.1251,0.1251,0.1875,0.1251,0.1251,0.1251,0.1251,0.1251,0.1251,0.1251,0.1251,0.2744,0.1251,0.1251,0.2473,0.1251,0.9995,0.1251,0.1251,0.1251,0.313,0.7603,0.1251,0.1251,0.4666,0.1251,0.1251,0.1251,0.763,0.1147,0.3452,0.5156,0.1251,0.1251,0.1251,0.1251,0.1251,0.6826,0.09937,0.1251,0.1251,0.1251,0.6772,0.1251,0.1251,0.12317,0.1251,0.1251,0.376,0.1251,0.1251,0.1251,0.1251,0.1251,1.236,0.1251,0.1251,0.1251,0.1251,0.09705,0.1251,0.9307,0.1251,0.1251,0.1251,0.1251,0.1411,0.1251,0.2512,0.1251,0.1251,0.1251,0.1251,0.1866,0.1024,0.75,0.1251,0.1251,0.1251,0.1251,0.1251,0.1251,0.1251,0.1251,0.3567,0.1251,0.1251,0.1251,0.1251,0.1251,0.1251,0.1251,0.1251,0.8433,0.1251,0.1251,0.686,0.1247,0.1017,0.1251,0.1251,0.0935,0.1251,0.5186,0.4675,0.1251,0.1251,0.1251,0.1251,0.1251,0.1251,0.1251,0.3823,0.0892,0.1251,0.2004,0.1251,0.6665,0.1251,0.1251,0.1251,0.1251,0.1251,1.708,0.4036,0.1251,0.1251,0.1251,0.857,0.1251,0.1251,0.1251,0.1251,0.07996,0.6074,0.1251,0.2651,0.1594,0.1251,0.1251,0.05795,0.1251,0.1251,0.1251,0.1251,0.1251,0.1251,0.1251,0.1251,0.1251,0.1251,0.1251,1.054,0.1251,0.1251,0.1251,0.1251,0.1251,0.6763,0.7607,0.1251,0.1251,0.1251,0.12354,0.1251,0.1251,0.1251,1.568,0.1251,0.1251,0.1251,0.1251,0.1251,0.1251,1.071,0.1251,0.10516,0.1251,0.703,0.1251,0.1251,0.1251,0.10187,0.1251,0.1251,0.1251,0.1251,0.1251,0.1251,0.26,0.1251,0.1251,0.547,0.1251,0.1473,0.5186,0.1251,0.1251,0.1251,0.1251,0.1604,0.1251,0.1251,0.3816,0.1251,0.1251,0.1251,0.1251,1.06,0.1251,0.1251,0.1251,0.1251,0.1251,0.1251,0.1251,0.1251,0.1251,0.132,0.1251,0.1251,0.1251,0.1251,0.1251,0.1251,1.211,0.1251,0.11597,0.0727,0.1251,1.585,0.577,0.1221,0.09607,0.1251,0.471,0.1251,0.1251,0.1251,0.1251,1.064,0.2333,0.1251,0.1251,0.1251,0.1251,0.1251,0.1251,1.074,0.1251,0.2311,0.1251,0.1251,0.11755,0.1046,0.1186,0.1251,0.1251,0.0976,0.1251,0.1251,0.1251,0.1251,0.1251,0.1251,0.1251,0.5137,0.1251,0.1251,0.08093,0.1251,0.1987,0.1251,0.1251,0.1251,0.1251,0.1251,0.1251,0.1251,0.1251,0.1251,0.1251,0.1251,0.1251,0.1251,0.1251,0.1251,0.1251,0.1251,0.969,0.11615,0.325,0.1251,0.08,0.1251,0.1251,0.1251,0.1251,0.1251,0.4695,0.1251,0.1251,0.1251,0.3643,0.1251,0.1251,0.07135,0.1251,0.263,0.1251,0.1251,0.1251,0.1251,0.1251,0.1276,0.1251,0.1251,0.425,0.2827,0.3413,0.06635,0.1251,0.1251,0.1251,0.1251,0.1251,0.1251,0.1251,0.1251,0.1251,0.355,0.1251,0.1251,0.1251,0.1251,0.2412,0.1251,0.1251,0.1251,0.2893,0.1251,0.1251,0.1116,0.1251,0.1251,0.1171,0.1251,0.577,0.1251,0.361,0.2489,0.0945,0.1206,0.1251,0.1251,0.1251,0.1251,0.1333,0.1251,0.10095,0.1251,0.1251,0.1251,0.0652,0.1251,0.0957,0.1251,0.1251,0.1875,0.1251,0.1251,0.7646,0.1251,0.0958,0.1251,0.1251,0.1251,0.1251,0.1251,0.1251,0.1124,0.1251,0.08203,0.1251,0.1251,0.1251,0.1251,0.1251,0.1251,0.11755,1.079,1.016,0.1251,0.4507,0.1251,0.1251,0.1251,0.1112,0.1251,0.1251,0.1251,0.1251,0.1251,0.1251,0.754,0.1251,0.1251,0.1251,0.09436,0.1251,0.1539,0.1251,0.1251,0.1499,0.1251,0.1236,0.1251,0.1251,0.1251,0.1251,0.1251,0.1251,0.1251,0.1251,0.1251,0.1251,0.1251,1.068,0.1251,0.1251,0.1251,1.196,0.1251,0.7715,0.1251,0.08405,0.1251,0.1251,0.823,0.1251,0.1251,0.606,0.1251,0.1251,0.09515,0.87,1.139,0.1251,0.1251,0.1251,0.1251,0.1251,0.1251,0.1204,0.1251,0.1251,0.1251,0.1251,0.1251,0.1251,0.2479,0.1251,0.6436,0.1251,0.9487,0.1251,0.1251,0.1251,0.1251,0.1251,0.1251,0.1251,0.124,0.1251,0.1251,0.1251,0.1251,0.1251,0.1251,0.1251,0.12384,0.1251,0.4382,0.1251,0.1251,0.1251,0.1251,0.1251,0.1251,0.4084,0.04022,0.1251,0.1251,0.1162,0.09735,0.1251,0.1251,0.1251,0.1251,0.1228,0.1251,0.1251,0.1251,0.1251,0.1251,0.1251,0.1251,0.1251,0.1251,0.4866,0.1251,0.1251,0.1251,0.1251,1.501,0.1251,0.1251,0.689,0.1251,0.1251,0.4878,0.2217,0.1251,2.443,0.1072,0.1251,0.1251,0.08044,0.1251,0.1251,0.1251,0.1251,0.1251,0.1251,0.1251,0.136,0.1251,0.1251,0.1251,0.1251,0.1251,0.1251,0.1445,0.0876,0.1251,0.1586,0.08734,0.1251,0.1251,0.1774,0.1251,0.1251,0.1251,0.1251,0.1251,0.1251,0.1251,0.1251,0.1251,0.1251,0.1251,0.1251,0.4404,0.1251,0.1251,0.1251,0.1251,0.0778,0.3196,0.1005,0.2253,0.1251,0.1251,0.1251,1.243,0.496,0.1251,0.1251,0.744,0.1251,0.1251,0.1091,0.1251,0.1251,0.801,0.1251,0.1788,0.1003,0.1251,0.1251,0.1251,0.1251,0.11847,0.1251,0.1251,0.1191,0.1251,0.4907,0.1609,0.1353,0.6714,0.1251,0.1251,0.1251,0.1251,0.1251,0.1251,0.1251,0.1251,0.1251,0.1251,0.1251,0.1125,0.11426,0.1251,0.10693,0.1251,0.1251,0.1251,0.189,0.1251,0.1251,0.1251,0.1251,0.1251,0.0799,0.634,0.1251,0.1251,0.1251,0.8633,0.1251,0.1251,0.1251,0.762,0.1153,0.1251,0.1251,0.2262,0.1251,0.1251,0.1251,0.1251,0.1251,0.1251,0.1251,0.1251,0.1251,0.1251,0.1251,0.1251,0.1251,0.1251,0.1251,0.1251,0.1251,0.1251,0.1251,0.1251,0.1385,0.1251,0.1251,0.1251,0.1251,0.1239,0.1129,0.1251,0.74,0.1954,0.1251,0.1251,0.1251,0.1251,0.1251,0.1251,0.3396,0.1251,0.1251,0.1251,0.1251,0.0822,0.269,0.1489,0.1251,0.2766,0.1251,0.1251,0.1251,0.0783,0.1251,0.1251,0.1251,0.1251,0.1251,0.1251,0.1251,0.3372,0.6133,0.10565,0.1251,0.1251,0.1251,0.1251,0.1251,0.1251,0.1251,0.1251,0.822,0.08746,0.1251,0.1251,0.301,0.1251,0.1251,0.1251,0.1251,0.1251,0.3691,0.1251,0.1251,0.1251,0.1251,0.1251,0.1251,0.1251,0.1251,0.1251,0.1251,0.2573,0.1137,0.1225,0.1251,0.3577,0.1251,0.1251,0.2825,0.1251,0.1251,1.0,0.1251,0.09045,0.1251,0.0759,0.1251,0.1251,0.1251,1.009,0.1251,0.12115,0.1251,0.1251,0.1251,0.869,0.1251,0.1251,0.1251,0.1251,0.3582,0.5977,0.1251,0.1251,0.1251,0.1251,0.1251,0.1251,0.1251,0.1251,0.1251,0.1251,0.112,0.1251,0.1251,0.7275,0.1251,0.3333,0.1251,0.1251,0.1251,0.1251,0.1251,0.1251,0.1251,0.1251,0.1251,0.1251,0.1251,0.2322,0.1251,0.1251,0.1251,0.1251,0.0436,0.0698,0.1251,0.1251,0.1251,0.1251,1.9375,0.1251,0.1251,0.1251,0.154,0.1251,0.1251,0.2236,0.1251,0.1251,0.1251,0.1251,0.1251,0.1251,0.1251,0.1251,0.1251,0.1251,0.09106,0.1251,0.376,0.1246,1.36,0.1251,0.1251,0.1251,0.1251,0.1547,0.1251,0.11664,0.1489,0.1251,1.36,0.1251,0.1251,0.1251,0.1251,0.08203,0.1251,0.1251,0.1251,0.3398,1.686,0.1251,0.1251,0.1251,0.1251,0.1251,0.1251,0.1251,0.1251,0.1251,0.1251,0.11914,0.11523,0.1115,0.1251,0.1251,0.1251,0.1251,0.1251,0.1251,0.488,0.1251,0.1251,0.1251,0.1251,0.1251,0.544,0.10913,0.1251,0.1251,0.1251,0.0934,0.1251,0.1251,0.07,0.1251,0.6426,0.6274,0.1251,0.1059,0.1251,0.11096,0.1251,0.1251,0.1251,0.8833,0.1251,0.1251,0.1251,0.1251,0.1251,0.1251,0.1251,0.3635,0.1222,0.1251,0.1251,0.7876,0.1251,0.1251,0.15,0.359,0.11487,0.1251,1.025,0.1251,0.1251,0.4358,0.1251,0.1251,0.1251,0.1152,0.1251,1.3545,0.36,0.686,0.1251,0.1576,0.1251,0.1251,0.1583,0.1251,0.1251,0.1251,0.1251,0.1251,0.1251,0.1251,0.1063,0.1251,0.1251,1.762,0.3909,0.1251,0.1251,1.072,0.1251,0.3508,0.1251,0.1251,0.1251,0.1251,1.124,0.1251,0.1251,0.2261,0.1251,0.1251,0.2323,0.11304,0.1251,1.096,0.1251,0.2532,0.1251,0.1251,0.1251,0.1251,0.1251,0.1251,0.12366,0.1251,0.3413,0.1251,0.1741,0.1251,0.94,0.1251,0.1251,0.10535,0.1251,0.1251,0.1617,0.1251,0.1251,0.1251,0.1251,0.1251,0.1251,0.1595,0.1251,0.1251,0.554,0.1251,0.121,0.1251,0.1251,0.1251,0.1251,0.1251,0.1251,0.1251,1.866,0.1251,0.1251,0.1251,0.1583,0.1251,0.1251,0.394,0.1251,0.1251,0.1251,0.1251,0.1251,0.1251,0.3665,0.4705,0.1251,0.1251,0.1251,0.1251,0.1251,0.1251,0.1251,0.1251,0.1724,0.11725,0.1251,0.1251,1.382,0.1251,0.1251,0.1251,0.1251,0.1251,0.1251,0.1251,0.1251,0.1251,0.11664,0.1251,0.1251,0.1251,0.1251,2.162,0.1989,0.11865,0.1251,0.1251,0.1251,0.1082,0.1251,0.11707,0.1251,1.037,0.131,0.1251,0.1251,0.1735,0.125,0.1251,0.1251,0.1251,0.08704,0.1251,0.1251,0.08167,0.1251,0.1229,0.1251,0.1251,0.1206,0.1251,0.1251,0.2493,0.1251,0.1251,0.1251,0.1251,0.1251,0.3704,0.1251,0.6475,0.869,0.0753,0.1251,0.11334,0.1251,0.1251,0.1251,1.129,0.0979,0.0681,0.1151,0.1251,0.1251,0.65,0.1251,0.1212,0.1251,0.1251,0.1251,0.1251,0.1251,0.6196,0.1251,1.613,0.1251,0.1251,0.1251,0.66,0.1251,0.1251,0.1251,0.1251,0.1251,0.1251,0.09985,0.434,0.669,0.1251,0.1251,0.1779,0.1251,0.1251,0.2625,0.1251,0.1251,0.1251,0.1251,0.1251,0.1251,0.1251,0.2465,0.1251,0.1251,0.1251,0.1293,0.1251,0.1251,0.1251,0.1251,0.1251,0.1251,0.1251,0.1251,0.1251,0.2793,0.1251,0.1251,0.1251,0.06506,0.1251,0.1251,0.1251,0.10785,0.2192,0.1251,0.1251,0.1125,0.1251,0.1251,0.1334,0.0995,1.496,0.1251,0.1251,0.1016,2.055,0.1251,0.1251,0.1251,0.1251,0.1251,0.1251,0.1251,0.1251,0.1036,0.1251,0.1251,0.1251,0.1251,0.1251,0.2194,0.1251,0.1251,0.1251,0.1251,0.1251,0.1251,0.1251,0.0658,0.08154,0.1163,0.1251,0.1037,0.10693,0.1691,0.1251,0.878,0.1251,0.1251,0.4443,0.1251,0.5854,0.3003,0.1251,0.08484,0.1251,0.1251,0.1251,0.1251,0.1251,0.1251,0.1251,0.1251,0.1251,0.1251,0.2106,0.1251,0.1163,0.1251,0.1251,0.1251,0.1251,0.1251,0.1251,0.1251,0.7197,0.1251,0.1251,0.848,0.1251,0.1251,0.1251,0.1251,0.1251,0.1251,0.383,0.08435,0.1251,0.1251,0.1251,0.1251,0.1251,0.5493,0.1251,0.1251,0.1251,0.3916,0.1251,0.1251,0.1669,0.1251,0.02716,0.1251,0.767,0.1251,0.1251,0.1251,0.1251,0.1251,0.1251,0.1251,0.1251,0.1251,0.1251,0.1251,0.1251,0.1251,0.1294,0.1251,0.1251,0.1251,0.10266,0.1251,0.1251,0.1251,0.1251,0.5435,0.1318,0.1251,0.1251,0.1251,0.1251,0.1251,0.2537,0.1251,0.1251,0.1251,0.1251,0.1251,0.1251,0.09644,0.1251,0.1251,0.1251,0.1251,0.1251,0.1251,1.295,0.72,0.9756,0.1251,0.1251,0.1251,0.1251,0.1251,0.1251,0.1923,0.1251,0.1251,0.9766,0.2418,0.5947,0.1251,0.8735,0.1251,0.1251,0.1251,0.1251,0.1251,0.2896,0.1251,0.1251,1.2705,0.1251,0.1251,0.1251,0.1251,0.1251,0.1239,0.0928,0.1251,1.621,0.1251,0.805,0.1251,0.3086,0.1251,0.1251,0.1251,0.1251,0.1251,0.1251,0.767,0.1251,0.1251,0.1251,0.1251,0.11273,0.1251,0.1251,0.9653,0.0806,0.11273,0.1251,0.1148,0.1251,0.1251,0.1251,0.1107,0.1251,0.1251,0.1251,0.1251,0.1251,0.1251,0.1251,0.3164,0.1251,0.363,0.1251,0.1251,0.1251,0.1251,0.1251,0.2253,0.1251,0.1203,0.1251,0.1251,0.1251,0.1251,0.7446,0.1251,0.542,0.09576,0.1251,0.1251,0.1251,0.0909,1.114,0.0842,0.7417,0.1251,0.1251,0.1251,0.1251,0.1251,0.1251,0.1251,0.1251,0.1251,0.1251,0.1251,0.1033,0.1251,0.3188,0.1251,0.1251,0.1251,0.1251,0.1251,0.1251,0.1251,0.1251,0.1251,0.1251,0.3328,0.1913,0.1251,0.8887,0.2825,0.1251,0.1251,0.1251,0.1251,0.1251,0.1251,0.174,0.1251,0.10016,0.1251,0.1251,0.1251,0.10547,0.1029,0.1251,0.08875,0.1251,0.1251,0.2235,0.1251,0.3108,0.06866,0.1251,0.1251,0.1251,0.1251,0.1261,0.1251,0.0969,0.717,0.11163,0.3796,0.1251,0.836,0.1251,0.1251,0.2898,0.1251,0.1251,0.654,0.2233,0.1251,0.1251,0.1251,0.1251,0.1251,0.1251,0.1251,0.1251,0.1251,0.1251,0.1251,0.6826,0.502,0.1251,0.1251,0.1251,0.333,0.9785,0.1251,0.1251,0.1251,0.1251,0.1251,0.1251,0.1251,0.1251,0.1251,0.2783,0.1251,0.1409,0.1251,0.1793,0.1251,0.1251,0.1251,2.143,0.1251,0.08234,0.1251,0.7812,0.776,0.1251,0.1251,0.369,0.1251,0.1251,0.1251,0.1197,0.6826,0.8276,0.1251,0.1251,0.1251,0.1251,0.1251,0.1251,0.1251,0.075,0.1251,0.1251,0.1251,0.6187,0.1251,0.1251,0.1251,1.1875,0.1251,0.597,0.0974,0.1251,0.1251,0.852,0.1251,0.1251,0.3892,0.1251,0.1251,0.1251,0.1251,0.123,0.1251,0.1251,0.08685,0.1193,0.1251,0.1251,0.1251,0.1251,0.1251,0.0886,0.1251,0.1251,0.1251,0.1251,0.11743,0.1251,0.1251,0.1251,0.1251,0.1251,0.1251,0.1251,0.11053,0.1251,0.1054,0.1251,0.1251,0.1251,0.1251,0.1251,0.1251,0.5913,0.3967,0.1251,0.4358,0.1251,0.1251,0.381,0.1251,0.747,0.1137,0.1237,0.1251,0.1251,0.3657,0.1251,0.1251,0.1251,0.1251,0.1251,0.4363,0.1251,0.1046,0.1251,0.1251,0.1251,0.1251,0.1251,0.1251,0.1251,0.4414,0.4507,0.1251,0.1251,0.1251,0.1251,0.1251,0.1251,0.1251,0.1251,0.1251,0.1251,0.1251,0.3223,0.1251,0.0753,0.1976,0.1251,0.1251,0.1251,0.1505,0.1251,0.1251,0.1251,0.1251,0.0703,0.09436,0.1251,1.74,0.1251,0.1251,0.61,0.1251,0.8516,0.1104,0.4272,0.1251,0.1251,0.1251,0.1251,0.1251,0.1251,0.1251,0.1251,0.1251,0.1251,0.1251,0.1251,0.1251,0.1251,0.1251,0.4143,1.927,0.1251,0.1251,0.1251,1.341,0.0854,0.1317,0.223,0.1251,0.1251,0.1251,0.1251,0.1251,0.5645,0.1251,0.1251,0.1251,0.4775,0.1011,0.1251,0.1251,0.1251,0.1251,0.1251,0.1251,0.1251,0.1251,0.12103,0.1251,0.1251,0.181,0.1251,0.1251,0.1251,0.1251,0.3706,0.1251,0.1251,0.1251,1.117,0.1251,0.1251,0.1251,0.1251,0.2286,0.1251,0.1251,0.0714,0.1251,0.1251,0.1251,0.1251,0.1251,0.1251,0.1251,0.516,0.837,0.1251,0.10504,0.1251,0.1251,0.973,1.859,0.1251,0.1251,0.1251,0.1251,0.1251,0.1251,0.1251,0.1251,0.1251,0.1251,0.1251,0.1251,0.06836,0.4958,0.1251,0.1251,0.1251,0.1381,0.0971,0.1251,1.075,0.1251,0.1195,0.1251,0.1251,0.1251,0.1251,0.1251,0.1251,0.1251,0.1251,0.1459,0.1251,0.1251,0.11456,0.1251,0.1251,0.1251,0.1251,0.1251,0.1023,0.1251,0.1251,0.1251,0.1251,0.233,0.1251,0.0804,0.1251,0.1251,0.1251,0.3608,0.09656,0.1251,0.1251,0.6646,0.1251,0.1251,0.1251,0.1251,0.1251,0.1251,0.11444,0.1843,0.1251,0.7495,0.2734,0.571,0.1251,0.1251,0.1251,0.1251,0.1251,1.049,0.1251,0.146,0.09546,0.1251,0.1251,0.1251,0.1251,0.1251,0.575,0.1251,0.4636,0.07416,0.85,0.1251,0.08435,0.1251,0.1251,0.1251,0.4573,0.283,0.1251,0.1251,0.1251,0.2834,0.1251,0.1251,0.09985,0.1251,0.1251,0.1251,0.2556,0.1251,0.1251,0.1251,0.1251,0.913,0.1251,0.1251,0.1251,0.1251,0.1251,0.1251,0.1251,0.1251,0.12067,0.1251,0.1251,0.1935,0.1251,0.1251,0.1251,0.1141,0.1251,0.06714,0.1143,1.126,0.1251,0.1251,0.1131,0.1251,0.1251,0.1251,0.0571,0.1251,0.1251,0.8247,0.1251,0.1251,0.1251,0.1251,0.1251,0.1231,0.1251,0.1251,0.1251,0.1251,0.1251,0.6133,0.1251,0.1251,0.1251,0.1059,0.1251,0.1251,0.1251,0.1251,0.0634,0.1251,0.1251,0.1251,0.1251,0.1251,0.08545,0.1251,0.1855,0.1251,0.1251,0.1251,0.1251,0.1251,0.1251,0.602,0.1251,0.1251,0.1251,0.1251,0.0915,0.1251,0.1019,0.0701,0.4727,0.1251,0.1251,0.701,0.1251,0.1251,0.3862,0.1251,0.1251,0.1251,0.1251,0.1251,0.1251,0.1251,0.1251,0.1251,0.11584,0.11414,0.1251,0.1251,0.0959,0.1251,0.1251,0.1251,0.1251,0.1251,0.1251,0.1251,0.0837,0.1251,0.264,0.3428,0.1251,0.1251,0.1251,0.1148,0.4443,0.1251,0.10815,0.128,0.1251,0.1251,0.1251,0.1251,0.1251,0.1251,0.1251,0.1251,0.1251,0.1251,0.1251,0.1251,0.1621,0.09454,1.266,0.1251,0.1251,0.107,0.1251,2.238,0.1251,0.12134,0.1251,0.2283,0.1251,0.1251,0.076,0.11255,0.262,0.1251,0.3694,0.1251,0.1251,0.2294,0.211,0.1251,0.1251,0.1251,0.534,0.1041,0.12213,0.1194,0.1251,0.1251,0.1251,0.0647,1.229,0.1251,0.1251,0.1251,0.612,0.3328,0.9224,0.1251,0.1251,0.1852,0.1251,0.1251,0.1187,0.1392,0.4858,0.2637,0.1155,0.1687,0.1251,0.1251,0.1251,0.1251,0.1251,0.1251,0.1251,0.117,0.1251,0.1251,0.1251,0.1251,0.1251,0.1251,0.1251,0.1251,0.1251,0.1309,0.1251,0.1251,0.1251,0.1251,0.1644,0.1146,0.1791,0.1251,0.1251,0.1251,0.1251,0.1251,0.1251,0.1251,0.9614,0.1251,0.1251,0.1251,0.1251,0.7183,0.6797,0.1251,0.1251,0.09674,0.1251,0.1251,2.215,0.1251,0.1251,0.1251,0.1251,0.1251,0.1251,0.1251,0.1062,0.1251,0.1251,0.1251,0.1251,0.1251,0.1251,0.1251,0.1251,0.1251,0.11865,0.537,0.1251,0.399,0.1251,0.1251,0.1251,0.1251,0.1251,0.1251,0.1825,0.1251,0.266,0.1251,0.1251,0.2035,0.1398,0.6025,0.1251,0.1251,0.1251,0.1251,0.1251,0.1169,0.1464,0.1251,0.275,0.1251,0.1251,0.1211,0.1251,0.1251,0.1251,0.1251,0.3977,0.1251,0.1251,0.1251,0.2695,0.415,0.1251,0.1251,0.1251,0.1251,0.1251,0.1251,0.7847,0.1693,0.1251,0.12115,0.1251,0.1251,0.2092,0.1251,0.4426,0.1251,0.1251,0.1251,0.1251,0.1251,0.1251,0.1251,0.3613,0.1251,0.10065,0.3977,0.0509,0.1251,0.1251,0.1251,0.1251,0.1251,0.1153,0.1251,0.1251,0.1251,0.1251,0.1072,0.1251,0.1251,0.3242,0.1251,0.1251,0.1251,0.611,0.3152,0.5864,0.1251,0.2367,0.0943,0.1251,0.1251,0.1251,0.666,0.1251,0.1251,0.1251,0.1251,0.1251,0.1251,0.1251,1.572,0.2238,0.1251,0.1251,0.1251,0.1251,0.1251,0.1251,0.1225,0.494,0.1251,0.1251,0.1251,0.12384,0.1251,0.1251,0.1348,0.1251,0.1251,0.861,0.1251,0.1251,0.8486,0.2625,0.1251,0.11334,0.1251,0.1251,0.1251,0.1251,0.1251,0.1251,0.4873,1.189,0.1251,0.8594,0.1251,0.1931,0.1251,0.1251,0.294,0.1251,0.1141,0.1251,0.1251,0.1251,0.1599,0.1251,0.1251,0.5425,0.1251,0.09845,0.1251,0.1251,0.1251,0.1251,0.1206,0.1251,0.1251,0.1251,0.1251,0.1251,0.1251,0.1251,0.1251,0.1251,0.1251,0.1251,0.1251,0.1251,0.0908,0.1251,0.1251,0.6187,0.1251,0.1251,0.1514,0.1251,0.06696,0.1251,0.08093,0.5195,0.1251,0.1251,0.1251,0.6367,0.1251,0.1251,0.1251,0.1251,0.1251,0.1251,0.1251,0.1251,0.1251,0.1251,0.0734,0.1665,0.9443,0.1251,0.1251,0.1251,0.3794,0.622,0.1251,0.0975,0.1251,0.1251,0.1251,0.1251,0.1251,0.1743,0.1104,0.1251,0.1251,0.1251,0.1251,0.505,0.12427,0.1251,0.082,0.0935,0.1251,0.1251,0.1251,0.1251,0.1251,0.267,0.1251,0.1251,0.1251,0.2935,0.1251,0.1251,0.1251,0.1251,0.1251,0.1251,0.2915,0.1251,0.0919,0.3325,0.1251,0.1251,0.1251,0.1251,0.1251,0.1251,0.0862,0.1046,0.1251,0.1251,0.1251,0.1251,0.1251,0.793,0.1251,0.1251,0.1251,0.1251,0.0896,0.1251,0.1251,0.1251,0.1159,0.122,0.1251,0.1251,0.1251,0.1251,0.1251,0.1251,0.1251,0.406,0.1251,0.07306,0.1251,0.1251,0.245,0.1251,0.0871,0.1251,0.1224,0.1251,0.1251,0.1251,0.1251,0.1251,0.1251,0.116,0.1251,0.1251,0.1251,1.819,0.0827,0.7734,0.2073,0.1251,0.4875,0.1251,0.1251,0.553,0.1251,0.1251,0.1251,0.1251,0.09436,0.1251,0.636,0.1251,0.099,0.7773,0.4702,0.1251,0.1372,0.1251,0.4363,0.1251,0.10443,0.1251,0.1251,0.1166,0.2798,0.1096,0.2986,0.1251,0.1251,0.1251,0.1251,0.4128,0.1251,0.1251,0.1251,0.1251,0.575,0.1251,0.1251,0.3867,0.0761,0.1251,0.1251,0.1251,0.1251,0.1251,0.1251,0.1251,0.1626,0.1251,0.04092,1.254,0.0935,0.1251,0.1251,0.1251,0.1251,0.2725,0.1251,0.1251,0.09186,0.1251,0.1251,0.3936,0.1251,0.1251,0.1251,0.1251,0.1251,0.1251,0.1251,0.09753,0.1251,0.0598,0.1251,0.1251,0.1251,0.1251,0.1251,0.10583,0.099,0.1251,0.1251,0.1251,0.2062,0.1251,0.1122,0.11176,0.948,0.1251,0.4155,0.2683,0.1251,0.1251,0.1251,0.1251,0.4666,0.1251,0.10046,0.1251,0.1251,0.1251,0.1251,0.2798,0.1251,0.1251,0.1251,0.1251,0.1251,0.1727,0.1251,0.1251,0.1177,0.1251,0.1251,0.08246,0.1082,0.1158,0.1251,0.1251,0.543,0.1251,0.1251,0.1251,0.05606,0.1251,0.1251,1.044,0.1251,0.1251,0.1141,0.04605,0.1251,0.1251,0.3745,0.8706,0.1251,0.1251,0.656,0.1251,0.1251,0.1251,0.2646,0.1251,0.1251,0.1251,0.1251,0.2827,0.1014,0.1251,0.4062,0.05225,0.1251,0.1251,0.1251,0.12024,0.1251,0.1154,0.1251,0.1251,0.1251,0.336,0.2644,0.1251,0.1251,0.0612,0.1251,1.217,0.9204,0.1251,0.1251,0.1251,0.1251,0.1251,0.1189,0.1575,0.1251,0.1251,0.1251,0.1092,0.1251,0.1251,0.1251,0.1382,0.1251,1.077,0.986,0.1251,0.1251,0.1553,0.586,0.1251,0.1251,0.1251,1.25,0.1251,0.1251,0.1251,0.312,0.1251,0.1251,0.1251,0.1251,0.1251,0.10065,0.1251,0.1251,0.494,0.1251,0.1251,0.11487,0.1251,0.1186,0.1251,0.1251,0.1251,0.1251,0.1251,0.1233,0.3596,0.1251,0.1251,1.519,0.1251,1.216,0.2573,0.1251,0.1251,0.1251,0.1251,0.0824,0.1251,0.1251,0.1251,0.6,0.1357,0.1251,0.1251,0.293,0.1146,0.1251,0.1251,0.1251,0.1251,0.1251,0.8945,0.1251,0.7305,0.1251,0.1251,0.2668,1.246,0.1251,0.08655,0.1251,0.1251,0.6113,0.08875,0.1251,0.1251,0.1251,0.1251,0.1251,0.1251,0.1251,0.06494,0.1251,0.1251,0.7363,0.1251,0.1251,0.1251,0.1251,0.1095,0.1251,0.5527,0.1251,0.1251,0.1251,0.1251,0.411,0.1251,0.1251,0.6465,0.1251,0.1251,0.1251,0.1251,0.8335,0.1251,0.1251,0.1251,0.1013,0.1156,0.2507,0.07184,0.1251,0.1251,0.1251,0.1251,0.1184,1.22,0.1975,0.109,0.1251,0.1251,0.2612,0.1251,1.66,0.1251,0.1251,0.2854,0.1251,0.3386,0.2874,0.1251,0.1316,0.1251,0.1251,0.1251,0.1251,0.3174,0.1251,0.1251,0.1251,0.1251,0.1448,0.8506,0.1251,0.1251,0.1251,0.1251,1.0205,0.1251,0.1251,0.1251,0.1251,0.11816,0.1251,1.286,0.1251,0.10175,0.1251,0.1251,0.1251,0.05658,0.1251,0.1251,0.1251,0.1251,0.1251,0.1251,0.1251,0.1251,0.1251,0.1251,0.1251,0.1251,0.1251,0.1251,0.1251,0.1251,0.1251,0.1251,0.1251,0.1251,0.07465,0.1251,0.1251,0.1251,0.1251,0.1251,0.423,0.1251,0.08545,0.1251,0.1251,0.2893,0.0854,0.1251,0.727,0.1487,0.1251,0.1251,0.1251,0.1251,0.1494,0.1251,0.1251,0.9497,0.1251,0.1251,1.238,0.1251,0.6265,0.1251,0.1251,0.1251,0.1251,0.08545,0.1231,0.1251,0.1251,0.1251,0.1251,0.1251,0.1251,0.1251,0.1251,0.09247,0.1251,0.1251,0.1251,0.1251,0.1251,0.1251,0.1251,0.1251,0.1251,0.644,0.1251,0.11755,0.09045,0.1178,0.1251,0.1251,0.1251,0.1251,0.1251,0.1251,0.1251,0.1251,0.1251,0.1251,0.1251,0.1251,0.1251,0.2034,0.1251,0.1251,0.0748,0.1251,0.538,0.1251,0.12494,0.1251,0.1251,0.1251,0.1251,0.1251,0.1251,0.1251,0.1251,0.1251,0.1251,0.1251,0.1746,1.075,0.1251,0.1251,0.1251,0.0976,0.1251,0.1251,0.1157,0.1251,0.1251,0.1251,0.1251,0.1251,0.1251,0.1251,0.1251,0.1251,0.1251,0.1251,0.1353,0.1251,0.1251,0.163,0.1251,0.8076,0.1251,0.0515,0.1251,0.1251,0.5146,0.1251,0.1251,0.08636,0.1251,0.1251,0.0593,0.1251,0.1251,0.1251,0.1251,0.1388,0.1251,0.1103,0.1251,0.06647,0.1251,0.1251,0.1251,0.1251,0.2097,0.1251,0.11804,0.2822,0.1251,0.1251,0.4153,0.0668,0.1251,0.1251,0.1251,0.3242,0.3608,0.2812,0.1251,0.1251,0.1251,0.1251,0.1251,0.1251,0.0869,0.09247,0.1251,0.5654,0.1251,0.1251,0.1251,0.1251,0.1251,0.1251,0.1251,0.1251,0.1251,1.37,0.1251,0.1251,0.1251,0.1251,0.1251,0.1251,0.1251,0.119,0.1251,0.1251,0.0764,0.1251,0.1251,0.1251,0.1251,0.1251,0.1251,0.1251,0.1251,0.2803,0.5537,0.1251,0.2417,0.1251,0.1251,0.1251,0.1251,0.1251,0.09705,0.1251,0.7803,0.1251,0.1251,0.1251,0.1251,0.1251,0.8916,0.1251,0.4321,0.1251,0.1251,0.1251,0.1251,0.10583,0.1251,0.1251,0.1251,0.1663,0.1251,0.1251,0.1251,0.1251,0.1251,0.1251,0.1251,0.13,0.1251,0.1251,0.2211,0.9624,0.2512,0.1251,0.1251,0.1251,0.1251,0.1251,0.279,0.1251,0.3547,0.1251,0.06573,0.0903,0.1251,0.1122,0.1644,0.1251,0.1251,0.1251,0.1251,0.1251,0.1251,0.1251,0.1251,0.1251,0.1251,0.1251,0.3286,0.2439,0.1251,0.11237,0.1251,0.1251,0.1251,0.3577,0.1251,0.1251,0.1251,0.12354,0.1251,0.1251,0.1251,0.1251,0.1251,0.1251,0.1251,0.1251,0.1251,0.1251,0.1251,0.1251,0.1251,0.1251,0.1251,0.1251,0.1251,0.1251,0.1251,0.3286,0.1251,0.1231,0.1251,0.2083,0.1251,0.1251,0.1251,0.1251,0.1251,0.0818,0.1251,0.1251,0.1251,0.1251,0.1251,0.967,0.1251,0.1251,0.0866,0.1251,0.1251,0.1251,0.0941,0.1251,0.03564,0.1251,0.1251,0.3352,0.1251,0.1251,0.1251,0.08136,0.362,0.1251,0.1251,0.1251,0.1251,0.1251,0.1251,0.436,0.1228,0.1251,0.08655,0.1251,0.1251,0.1251,0.2373,0.1251,0.867,0.1251,0.1251,0.08276,0.1943,0.1251,0.1038,0.1251,0.1251,0.3594,0.1251,0.1251,0.1251,0.1251,0.1251,0.1251,0.1251,0.1251,0.1099,0.1251,0.1251,0.1251,0.1251,0.898,0.1251,0.1251,0.1251,0.1251,0.1251,0.1251,0.1251,0.1251,0.1251,0.1296,0.1251,0.1251,0.1251,0.1251,0.1251,0.1251,0.1251,0.1242,0.1251,0.1199,0.1251,0.1251,0.1251,0.1251,0.1251,0.1251,0.1251,0.1251,0.1251,0.10175,0.1251,0.1251,0.1251,0.1251,0.1251,0.2957,0.1251,0.1251,0.6006,0.1251,0.1251,0.4163,0.2399,0.1251,0.1251,0.1251,0.1251,0.09357,0.1251,0.2473,0.1251,0.1251,0.38,0.1251,0.07806,0.1251,0.1251,0.1251,0.1251,0.1251,0.252,0.1251,0.1251,0.1251,0.1251,0.1251,0.1251,0.1251,0.1251,0.1251,0.1251,0.1251,0.11804,0.1251,0.1251,0.1251,0.1251,0.1198,0.11694,0.1251,0.1251,0.1251,0.1251,0.1251,0.1251,0.09424,0.1251,0.1251,0.1251,0.1251,0.1251,0.1251,0.1251,0.88,0.1164,0.278,0.1251,0.7354,0.1251,0.1251,0.1251,0.1251,0.1251,0.1251,0.1251,0.1251,0.1251,1.161,0.1251,0.1251,0.1251,0.1251,0.1251,0.1251,0.1251,0.1251,0.1251,0.7686,0.1251,0.1251,0.1251,0.1251,0.1251,0.0922,0.1251,0.1251,0.1251,0.1251,0.12384,0.1251,0.1251,0.1251,0.1251,0.1251,0.1251,0.1251,0.1251,0.1251,0.1251,0.1251,0.1251,0.1251,0.1251,0.1251,0.1251,0.07056,0.1251,0.1251,1.459,0.1094,0.1251,1.016,0.1251,0.1251,0.1039,0.1251,0.1251,0.544,0.1251,0.1251,0.1232,0.1251,0.1251,0.12054,0.1178,0.809,0.1251,0.1251,0.1005,0.1251,0.1251,0.1251,0.1251,2.215,0.3062,0.1251,0.1251,0.1251,0.1245,0.325,0.3254,0.1251,0.1251,0.1251,0.1251,0.1251,0.1251,0.0954,0.1251,0.1251,0.1251,0.1251,0.1251,0.1251,0.1206,0.1251,0.1251,0.09973,0.1251,0.1251,0.1251,0.1251,0.1251,0.1251,0.1251,0.1251,0.1251,0.1251,0.1251,0.8643,0.1251,0.1251,0.1251,0.0971,0.1251,0.1251,0.1251,0.1251,0.1251,0.1251,0.1251,0.1251,0.1251,0.1251,0.1251,0.1251,0.5566,0.1251,0.1251,0.1251,0.1251,0.1251,0.1251,0.1251,0.1251,0.1136,0.1251,0.1251,0.1251,0.1272,0.1251,0.1251,0.1251,0.1251,0.1251,0.1251,0.1093,0.1251,0.1251,0.1251,0.1251,0.1251,0.1251,0.1251,0.1251,0.1251,0.1251,0.1251,0.1251,0.1251,0.1251,0.1251,0.1053,0.3203,0.1251,0.1251,0.11725,0.1251,0.831,0.2825,0.1251,0.1251,0.1251,0.1251,0.1251,0.1251,0.4966,0.1251,0.1251,0.11615,0.1251,0.1251,0.1251,1.526,0.1251,0.1251,0.1251,0.3208,0.106,0.1251,0.1251,0.1205,0.1251,1.365,0.1251,0.1251,0.1251,0.1251,0.2256,0.1251,0.1251,0.1251,0.1251,0.338,0.1251,0.1251,0.074,0.1251,0.1251,0.1832,0.04767,0.1251,0.1251,0.1251,0.1251,0.12396,0.1251,0.1251,0.896,0.4136,0.1251,0.09174,0.1251,0.3684,0.1251,0.1251,0.1251,0.1251,0.1251,0.1251,0.1251,0.0848,0.1251,0.1251,0.1251,0.1251,0.1251,0.1251,0.2,0.1251,0.2507,0.9556,0.1251,0.1327,0.1251,0.1251,0.1251,0.1251,0.1251,0.1251,0.1251,1.735,0.1251,0.1251,0.1251,0.1251,0.1251,0.1251,0.2893,0.1251,0.1251,0.1251,0.1251,0.1251,0.1251,0.46,0.1251,0.1251,0.1251,0.1251,0.1251,0.1251,0.1251,0.1251,0.1251,0.1251,0.1251,0.1251,0.3047,0.1251,0.1251,0.04788,0.1251,0.121,0.1251,0.1324,0.1251,0.1251,0.1251,0.1251,0.1251,0.1251,0.1251,0.1251,0.1251,0.1251,0.0937,0.6587,0.1251,0.538,0.1251,0.1251,0.11,0.4958,0.1251,0.3105,0.1251,0.1251,0.1251,0.327,0.1251,0.1251,0.0788
30,0.1306,0.1306,0.5747,0.1306,0.139,0.9536,0.1306,0.1306,0.1306,0.1306,0.1306,0.1306,0.1306,0.1306,0.2489,0.1306,0.2279,1.044,0.1306,0.1306,0.1306,0.1306,0.3584,0.1267,0.1306,0.2783,0.1306,0.6465,0.268,0.1061,0.1274,0.1306,0.153,0.1306,0.1306,0.3809,0.1306,0.1306,0.1306,0.1306,0.1306,0.1306,0.3362,0.0445,0.1279,0.1306,0.1306,0.1306,0.1306,1.364,0.1306,0.1306,0.0745,0.1283,0.1306,0.4666,0.09155,0.1306,0.3088,0.1306,1.297,0.1306,0.07214,0.289,0.1306,0.1306,0.9014,0.1306,0.1306,0.1306,0.1306,0.1306,0.1306,0.1306,0.1306,1.29,0.1306,0.2435,0.1306,0.1306,0.1306,0.1306,0.1306,0.1306,0.1589,0.1306,0.1306,0.1306,0.1306,0.1306,0.1306,0.1306,0.4102,0.11,0.1306,0.1306,0.1306,0.0794,0.11285,0.0639,0.1306,0.1306,0.4578,0.1306,0.1306,0.1306,0.1306,0.1306,0.4534,0.1306,0.1306,0.1306,0.1268,0.1306,0.1306,1.35,0.07556,0.1306,0.1306,0.1306,0.6206,0.1306,0.1306,0.1306,0.1306,0.1306,0.1306,0.1306,0.1238,0.1131,0.1306,0.1306,0.1306,0.0841,0.1306,0.1306,0.1306,0.1306,0.763,0.1306,0.1306,0.1306,0.1306,0.5967,0.1306,0.1306,0.1306,0.1306,0.1306,0.1306,0.1306,0.1306,0.1306,0.1306,0.1306,0.1306,0.1306,1.258,0.1305,0.0814,0.1306,0.83,0.1306,0.0387,0.1306,0.1306,0.1259,0.1178,0.1306,0.1787,0.1306,0.1306,0.1306,0.1306,0.272,0.1306,0.1306,0.68,0.1196,0.1306,0.1306,0.1306,0.1306,0.1306,0.1306,0.1073,0.1306,0.585,0.1306,0.1306,0.1306,0.1306,0.1179,0.3333,0.1306,0.1306,0.1306,0.1306,1.518,0.1306,0.0966,0.05154,0.1306,2.064,0.05267,0.08374,0.1306,0.1306,0.1306,0.2593,0.1306,0.124,0.1306,0.1306,0.1306,0.1125,0.1306,0.1306,0.1776,0.1306,0.1306,1.279,0.3164,0.1306,0.1306,0.1306,0.1306,0.1306,0.1306,0.982,0.1241,0.0787,0.5327,0.1306,0.1306,0.1306,0.1243,0.1306,0.1232,0.1306,0.2236,0.1306,0.1133,0.1306,0.1306,0.1306,0.1306,0.1306,0.1306,0.1306,0.1306,0.1306,0.1306,1.371,0.4827,0.3618,0.1306,0.1306,0.1306,0.07556,0.1306,0.1306,0.1306,0.1306,0.1306,0.2986,0.1306,0.2024,0.538,0.1306,0.1224,0.1306,0.1306,0.1306,0.1306,0.1306,0.1306,0.1306,0.1306,0.1306,0.1306,0.1306,0.1306,0.1277,0.1306,0.1306,0.1306,0.1306,0.1306,0.1306,0.1306,0.1306,0.1306,0.2615,0.1306,0.1306,0.1306,0.1306,0.1306,0.1306,0.1306,0.0985,0.5713,0.1306,0.1306,0.585,0.07764,0.1306,0.1306,0.1306,0.1863,0.1306,0.1306,0.1306,0.08716,0.0887,0.1306,0.1306,0.1306,0.9395,0.1924,0.1306,0.4243,1.856,0.1306,0.1306,0.7246,0.1306,0.1306,0.1306,0.1306,0.06125,0.1306,0.1306,0.1306,0.1981,0.1423,0.1306,0.1306,0.1306,0.1306,0.321,0.578,1.47,0.1306,0.243,0.1306,0.1306,0.11444,0.1306,0.12335,0.1306,0.1306,0.1306,0.1791,0.316,0.05963,0.1306,0.1306,0.1156,1.343,0.11383,0.1306,0.1268,0.1306,0.1306,0.1306,1.107,0.7856,0.1328,0.1306,0.1306,0.1306,0.1306,0.1697,0.12115,0.1306,0.1306,0.1306,0.7065,0.1306,0.1306,0.1306,1.008,0.1306,0.0749,0.1034,0.1306,0.1306,0.1306,0.1306,0.1306,0.12427,0.1306,0.1304,0.1306,0.7983,0.1306,0.1812,0.1306,1.404,0.1306,0.1306,0.1306,0.12256,0.1306,0.1306,0.1306,0.1306,0.1306,0.2031,1.296,0.1306,0.1306,0.1306,0.1306,0.0826,0.1306,0.1306,0.1306,0.1306,0.1306,0.1306,0.1306,0.1306,0.2416,0.1306,0.1306,0.1306,0.1306,0.5537,0.1306,0.1306,0.1306,0.3264,0.1306,0.1306,0.1306,0.45,0.1306,0.1306,0.1306,0.1306,0.2052,0.08484,0.1306,0.188,0.1031,0.1306,0.1306,0.1306,0.1306,0.10016,0.1306,0.1306,0.1306,0.1306,0.1306,0.09625,0.1272,0.1306,0.1306,0.4026,0.1306,0.1306,0.1306,0.1306,0.1306,0.1709,0.1306,0.1306,0.1306,0.3477,0.1306,0.1306,0.1306,0.3984,0.1306,0.1279,0.1306,0.1306,1.16,0.3281,0.1306,0.1306,0.1306,0.1306,0.1306,0.1306,0.1306,0.1306,0.216,0.2937,0.1306,0.1306,0.1306,0.1306,0.1306,0.1306,0.1306,0.1306,0.1306,0.1306,0.06934,0.1306,0.1306,0.1306,0.0804,0.1306,0.1306,0.1306,0.1306,0.1365,0.1294,0.2032,0.1306,0.1306,0.1306,0.1306,0.1306,0.0836,0.1306,0.1306,0.3198,0.2693,0.1306,0.1306,0.1306,0.1306,0.1306,0.1306,0.1306,0.1306,0.1306,0.1306,0.1306,0.1306,0.1306,0.1151,0.1306,0.1306,0.1306,0.1306,0.03418,0.1306,0.1691,0.1306,0.1306,0.1306,0.4878,0.1306,0.1306,0.1306,0.583,0.1306,0.4407,0.1306,0.1306,0.1306,0.1306,0.1306,0.1306,0.1306,0.1306,0.1306,0.1284,0.1306,0.1267,0.1152,0.1306,0.1306,0.1306,0.1306,0.434,0.1548,0.1306,0.8125,0.1306,0.3137,0.1306,0.1306,0.1306,0.1306,0.1306,0.1306,0.1306,0.1306,0.1306,0.10205,0.1306,0.1298,0.1132,0.1306,0.1306,0.1306,0.1306,0.4841,0.10706,0.1306,0.1306,0.1306,0.1306,0.1306,0.1306,0.1306,0.355,0.1306,0.0836,0.1917,0.1306,1.146,0.1306,0.1306,0.1306,0.413,0.688,0.1306,0.1306,0.2944,0.1306,0.1306,0.1306,0.9395,0.0798,0.363,0.4368,0.1306,0.1306,0.1306,0.1306,0.1306,0.501,0.04025,0.1306,0.1306,0.1306,0.6733,0.0911,0.1306,0.1284,0.1306,0.1306,0.29,0.1306,0.1306,0.1306,0.1306,0.1306,1.048,0.1306,0.1306,0.1306,0.1306,0.1306,0.1306,1.006,0.1306,0.1306,0.1306,0.1306,0.1255,0.1306,0.2502,0.1306,0.1306,0.1306,0.1306,0.411,0.0927,0.4653,0.1306,0.1306,0.1306,0.1306,0.1306,0.1306,0.1306,0.1306,0.3667,0.1306,0.1306,0.1306,0.1306,0.1306,0.0851,0.1306,0.1306,0.936,0.1306,0.1306,0.6265,0.1306,0.1251,0.1306,0.1306,0.1583,0.1306,0.3728,0.325,0.1306,0.1306,0.1306,0.1306,0.1306,0.1306,0.1306,0.2144,0.02838,0.1306,0.04724,0.1306,0.8975,0.1306,0.1306,0.1306,0.1306,0.1306,1.8955,0.6587,0.1306,0.1306,0.1306,0.713,0.1306,0.1306,0.1306,0.1306,0.04477,0.4094,0.1306,0.393,0.271,0.1306,0.1306,0.2285,0.1306,0.1306,0.1306,0.1306,0.1306,0.1306,0.1306,0.1306,0.1306,0.1306,0.1306,0.698,0.1306,0.1306,0.1306,0.1306,0.1306,0.5366,1.018,0.1306,0.1306,0.1306,0.06036,0.1306,0.1306,0.1306,1.1455,0.1306,0.1306,0.1306,0.1306,0.1306,0.1306,0.9653,0.1306,0.1995,0.1306,0.7246,0.1306,0.1306,0.1306,0.1273,0.1306,0.1306,0.1306,0.1306,0.1306,0.1306,0.3914,0.1306,0.1306,0.314,0.1306,0.1433,0.613,0.1306,0.1306,0.1306,0.1306,0.224,0.1306,0.1306,0.3372,0.1306,0.1306,0.1306,0.1306,1.028,0.1306,0.1306,0.1306,0.1306,0.1306,0.1306,0.1306,0.1306,0.1306,0.2172,0.1306,0.1306,0.1306,0.1306,0.1306,0.1306,1.28,0.1306,0.11005,0.2224,0.1306,1.605,0.8003,0.1306,0.1304,0.1306,0.5967,0.1306,0.1306,0.1306,0.1306,1.037,0.3303,0.1306,0.1306,0.1306,0.1306,0.1306,0.1306,0.8896,0.1306,0.3164,0.1306,0.1306,0.1305,0.1242,0.1306,0.1306,0.1306,0.2295,0.1306,0.1306,0.1306,0.1306,0.1306,0.1306,0.1306,0.532,0.1306,0.1306,0.06042,0.1306,0.0745,0.1306,0.1306,0.1306,0.1306,0.1306,0.1306,0.1306,0.1306,0.1306,0.1306,0.1306,0.1306,0.1306,0.1306,0.1306,0.1306,0.1306,0.937,0.1268,0.1781,0.1306,0.0659,0.1306,0.1306,0.1098,0.1306,0.1306,0.7876,0.1306,0.1306,0.1306,0.347,0.1306,0.1306,0.06445,0.1306,0.2764,0.1306,0.1048,0.1306,0.1306,0.1306,0.041,0.1306,0.1306,0.3494,0.327,0.5913,0.0857,0.1306,0.1306,0.1306,0.1306,0.1306,0.1306,0.1306,0.1306,0.1306,0.1854,0.1306,0.1306,0.1306,0.1306,0.1262,0.1306,0.1306,0.1306,0.487,0.1306,0.1306,0.1724,0.1306,0.1306,0.0697,0.1306,0.69,0.1306,0.2686,0.2047,0.1414,0.1086,0.1252,0.1306,0.1306,0.1306,0.09296,0.1306,0.1022,0.1306,0.1306,0.1306,0.1285,0.1306,0.1306,0.1306,0.1306,0.2052,0.1306,0.1306,0.8677,0.1306,0.0619,0.1306,0.1306,0.1306,0.1306,0.1306,0.1306,0.1209,0.1306,0.1992,0.1306,0.1306,0.1306,0.1306,0.1306,0.1306,0.1306,1.145,1.296,0.1306,0.4053,0.1306,0.1306,0.1306,0.2673,0.1306,0.1306,0.1306,0.1306,0.1306,0.1306,0.5425,0.1306,0.1306,0.1306,0.1306,0.1306,0.0692,0.1306,0.1306,0.0945,0.1306,0.1306,0.1306,0.1306,0.1306,0.1306,0.1306,0.1306,0.1306,0.1306,0.1306,0.1306,0.1306,1.283,0.1306,0.1306,0.1305,1.138,0.1306,0.816,0.1306,0.1112,0.1306,0.1306,0.8804,0.1306,0.1306,0.61,0.1306,0.1306,0.1306,1.03,1.222,0.1306,0.1306,0.1306,0.1306,0.1306,0.1306,0.1306,0.1306,0.1306,0.1306,0.1306,0.1306,0.1306,0.05258,0.1306,0.861,0.1306,0.754,0.1306,0.1306,0.1306,0.1306,0.1306,0.1306,0.1306,0.11914,0.1306,0.1306,0.1235,0.1306,0.1306,0.1306,0.1306,0.2397,0.1306,0.435,0.1306,0.1306,0.1306,0.1306,0.1306,0.1306,0.3733,0.11084,0.1306,0.1306,0.1306,0.07806,0.1306,0.1306,0.1306,0.1306,0.1306,0.1306,0.1306,0.1306,0.1306,0.1306,0.1306,0.1306,0.1306,0.1306,0.4797,0.1306,0.1306,0.1306,0.1306,1.467,0.1306,0.1306,0.5703,0.1306,0.1306,0.4138,0.1704,0.1306,2.443,0.1863,0.1306,0.1306,0.1306,0.1306,0.1306,0.1306,0.1306,0.1306,0.1306,0.1306,0.12256,0.1306,0.1306,0.1306,0.1306,0.1306,0.1306,0.06113,0.142,0.1306,0.3171,0.2827,0.1306,0.1306,0.07025,0.1306,0.1306,0.1306,0.1306,0.1306,0.1306,0.1306,0.1306,0.1306,0.1306,0.1306,0.1306,0.2412,0.1306,0.1306,0.1306,0.1306,0.2754,0.4402,0.1306,0.2573,0.1306,0.1306,0.1306,1.471,0.329,0.1306,0.1306,0.514,0.1306,0.1306,0.2142,0.1306,0.1306,0.872,0.1306,0.06134,0.05545,0.1306,0.1306,0.1306,0.1306,0.1296,0.1306,0.1306,0.09406,0.1306,0.416,0.2202,0.105,0.742,0.1306,0.1306,0.1306,0.1306,0.1306,0.1306,0.1306,0.1306,0.1306,0.1306,0.1266,0.1219,0.08344,0.1306,0.1306,0.1306,0.1306,0.1306,0.2416,0.1306,0.1306,0.1306,0.1306,0.1306,0.1969,0.4954,0.1306,0.1306,0.1306,0.6343,0.1306,0.1306,0.1306,0.4392,0.0367,0.1306,0.1306,0.0804,0.1306,0.1306,0.1306,0.1306,0.1306,0.1306,0.1306,0.1306,0.1306,0.1302,0.1306,0.1306,0.1306,0.1306,0.1306,0.1306,0.1306,0.1306,0.1306,0.1306,0.1115,0.1306,0.1306,0.1306,0.1306,0.1199,0.1306,0.1306,0.756,0.1493,0.1306,0.1306,0.1306,0.1306,0.1306,0.1306,0.206,0.1306,0.1306,0.1306,0.1306,0.3284,0.1334,0.09576,0.1306,0.667,0.1306,0.1306,0.1306,0.3462,0.1306,0.1306,0.1306,0.1306,0.1306,0.1306,0.1306,0.4805,0.5264,0.1304,0.1306,0.1306,0.1306,0.1306,0.1306,0.1306,0.1306,0.1306,0.8184,0.0417,0.1306,0.1306,0.253,0.1306,0.1306,0.1306,0.1306,0.1306,0.4714,0.1306,0.1306,0.1306,0.1306,0.0935,0.1306,0.1306,0.1306,0.1306,0.1306,0.4387,0.1285,0.2323,0.1306,0.2864,0.1306,0.1306,0.11115,0.1306,0.1306,1.155,0.1306,0.07947,0.1306,0.0777,0.1306,0.1306,0.1306,0.734,0.1306,0.1306,0.1306,0.1306,0.1306,0.9604,0.1306,0.1306,0.1306,0.1306,0.0628,0.4656,0.1306,0.1306,0.1306,0.1306,0.1105,0.1306,0.1306,0.1306,0.1306,0.1306,0.1306,0.1306,0.1306,0.856,0.1306,0.4543,0.1306,0.1306,0.1306,0.1306,0.1306,0.1306,0.1306,0.1306,0.1306,0.1306,0.1306,0.2798,0.1306,0.1306,0.0827,0.1306,0.10297,0.1204,0.1306,0.1306,0.1306,0.1306,2.145,0.1306,0.1306,0.1306,0.2212,0.1306,0.1306,0.1987,0.1306,0.1306,0.1306,0.1306,0.1306,0.1306,0.1306,0.1306,0.1306,0.1306,0.0967,0.1306,0.423,0.1306,1.348,0.1306,0.1306,0.1306,0.1306,0.1362,0.1306,0.1306,0.2642,0.1306,1.379,0.1306,0.1306,0.08606,0.1306,0.03009,0.1306,0.1306,0.1306,0.2588,1.671,0.11694,0.1306,0.1306,0.1306,0.1306,0.1306,0.1306,0.1306,0.1306,0.1306,0.1204,0.0892,0.1836,0.1306,0.1306,0.1306,0.1306,0.1306,0.1306,0.4963,0.1306,0.1306,0.1306,0.1306,0.1306,0.3696,0.1294,0.1306,0.1306,0.1306,0.0889,0.1306,0.1306,0.10187,0.1306,0.512,0.4573,0.1306,0.1209,0.105,0.0602,0.1306,0.1306,0.1306,0.743,0.1306,0.1306,0.1306,0.1306,0.1306,0.11835,0.1306,0.4216,0.1204,0.1306,0.1306,0.8643,0.1306,0.1306,0.11664,0.5107,0.128,0.1306,0.937,0.1306,0.1306,0.589,0.1306,0.1306,0.1306,0.1306,0.1306,1.32,0.364,0.7256,0.1306,0.03436,0.1306,0.1306,0.1065,0.1306,0.1306,0.1306,0.1306,0.1306,0.1306,0.1306,0.1306,0.1306,0.1306,1.716,0.3406,0.1306,0.1306,1.176,0.1306,0.2627,0.1306,0.1306,0.1306,0.1306,1.093,0.1306,0.1306,0.2705,0.1306,0.1306,0.397,0.05768,0.1306,1.086,0.1306,0.2822,0.1306,0.1306,0.1306,0.1306,0.1306,0.1306,0.1282,0.1306,0.04025,0.1306,0.1595,0.1306,1.133,0.1306,0.1306,0.10565,0.1306,0.1306,0.1113,0.1306,0.1306,0.1306,0.1306,0.1306,0.1306,0.06573,0.1306,0.1306,0.771,0.1306,0.07635,0.1306,0.1061,0.1306,0.1306,0.1306,0.1306,0.1306,1.885,0.1306,0.1306,0.1306,0.1306,0.1306,0.1306,0.3118,0.1306,0.1306,0.1306,0.1306,0.1306,0.1306,0.4873,0.633,0.1306,0.1306,0.1306,0.1306,0.1306,0.1306,0.1306,0.1306,0.2197,0.07,0.1306,0.1306,1.052,0.1306,0.1306,0.1306,0.1306,0.1306,0.1306,0.1306,0.1306,0.1306,0.1306,0.1306,0.1306,0.1306,0.1306,2.346,0.4512,0.057,0.1306,0.1306,0.1306,0.1242,0.1306,0.12054,0.1306,1.239,0.1808,0.1306,0.1306,0.3228,0.1306,0.1306,0.1306,0.1306,0.09485,0.1306,0.1306,0.1501,0.1306,0.1306,0.1306,0.1306,0.1272,0.1306,0.1306,0.11414,0.1306,0.1306,0.1306,0.128,0.1306,0.4734,0.1306,0.9746,0.4272,0.0771,0.1306,0.1109,0.1306,0.1306,0.1306,1.3,0.08875,0.1143,0.0618,0.1306,0.1306,0.8105,0.1306,0.1306,0.12286,0.1306,0.1306,0.1306,0.1306,1.036,0.1306,1.591,0.1306,0.1306,0.1306,0.4077,0.1306,0.1214,0.1306,0.1306,0.1306,0.1306,0.2219,0.3518,0.9414,0.1306,0.1306,0.2947,0.1306,0.1306,0.251,0.1306,0.1306,0.1306,0.1306,0.1306,0.1306,0.1306,0.2712,0.1306,0.1306,0.1306,0.07434,0.1306,0.1306,0.1306,0.1306,0.11694,0.1306,0.1306,0.1306,0.1306,0.2446,0.1306,0.1306,0.1306,0.02368,0.1306,0.1306,0.1306,0.2327,0.29,0.1306,0.1306,0.1076,0.1306,0.1306,0.1752,0.2041,1.445,0.1306,0.1306,0.113,1.844,0.1306,0.1306,0.1306,0.1306,0.1306,0.1306,0.1306,0.1306,0.07513,0.1306,0.1306,0.1306,0.1306,0.1306,0.0623,0.1306,0.1306,0.1306,0.1306,0.1306,0.1306,0.1306,0.0833,0.2211,0.08093,0.1306,0.2068,0.1088,0.2211,0.1306,0.804,0.1306,0.1306,0.3147,0.1306,0.686,0.3406,0.1306,0.0879,0.1306,0.1306,0.1306,0.1306,0.1306,0.1306,0.1306,0.1306,0.1306,0.1306,0.2698,0.1306,0.1306,0.1306,0.1306,0.1306,0.1306,0.1306,0.1306,0.1306,0.6694,0.1306,0.1306,0.673,0.1306,0.1306,0.1124,0.1306,0.1306,0.1306,0.446,0.0662,0.1306,0.1306,0.1306,0.1306,0.1306,0.482,0.1306,0.1306,0.1306,0.3625,0.1306,0.1306,0.3452,0.1306,0.1116,0.1306,0.587,0.1306,0.1306,0.1306,0.1306,0.1306,0.1306,0.1306,0.1306,0.1306,0.1306,0.1306,0.1306,0.08636,0.06775,0.1306,0.1306,0.1306,0.1186,0.1306,0.1306,0.1214,0.1306,0.3337,0.1703,0.1306,0.1306,0.1306,0.1306,0.0968,0.167,0.1306,0.1306,0.1306,0.1021,0.1306,0.1306,0.1456,0.1306,0.1306,0.1306,0.1306,0.1306,0.1306,1.282,0.3499,1.008,0.1306,0.1306,0.1306,0.0722,0.1306,0.1306,0.2563,0.1033,0.1306,0.8594,0.11383,0.46,0.1306,0.633,0.08264,0.1306,0.1306,0.1306,0.1306,0.3918,0.1306,0.1306,1.392,0.1306,0.1306,0.1306,0.1306,0.1306,0.1306,0.1127,0.1306,1.355,0.1306,1.067,0.1306,0.1272,0.1306,0.1306,0.1306,0.1306,0.1306,0.1306,0.7153,0.1306,0.1288,0.1306,0.1306,0.1226,0.1306,0.1306,1.107,0.1271,0.05057,0.1306,0.12476,0.1306,0.1306,0.1306,0.4675,0.1306,0.1306,0.1306,0.1306,0.1306,0.1306,0.1306,0.2913,0.1306,0.732,0.1306,0.1306,0.1306,0.1306,0.1306,0.2123,0.1306,0.12024,0.1306,0.1306,0.1306,0.1306,0.9355,0.1306,0.502,0.04926,0.1306,0.12317,0.1306,0.0832,1.151,0.1126,0.893,0.1306,0.1306,0.1306,0.1306,0.1306,0.1306,0.1306,0.1306,0.1306,0.1306,0.1306,0.11096,0.1306,0.384,0.1306,0.1306,0.1306,0.1306,0.1306,0.1306,0.1306,0.1306,0.1306,0.1306,0.2634,0.3997,0.1267,0.616,0.2651,0.1306,0.1306,0.1306,0.1306,0.1306,0.094,0.078,0.1306,0.0491,0.1306,0.1306,0.1306,0.06805,0.1306,0.1306,0.08234,0.1306,0.1306,0.1265,0.1306,0.1632,0.02682,0.1306,0.1306,0.1306,0.1306,0.1914,0.1306,0.1268,0.7656,0.02368,0.4077,0.1306,0.875,0.1306,0.1306,0.536,0.1306,0.1306,0.7637,0.3347,0.1306,0.09247,0.1306,0.1306,0.1306,0.1306,0.1306,0.1306,0.1306,0.1306,0.1306,0.4668,0.5234,0.1306,0.1306,0.1306,0.3862,0.8105,0.1306,0.1306,0.1306,0.1306,0.1306,0.1306,0.1306,0.1306,0.1306,0.02863,0.1306,0.11475,0.1306,0.1902,0.1306,0.1306,0.1306,2.154,0.1306,0.1306,0.1306,0.929,0.8887,0.1306,0.1306,0.4473,0.1306,0.1306,0.1306,0.071,0.456,0.691,0.1306,0.1306,0.1306,0.1306,0.1306,0.1306,0.1306,0.1306,0.1306,0.1306,0.1306,0.768,0.1306,0.1306,0.1306,1.063,0.1306,0.3198,0.1261,0.1306,0.1306,1.011,0.1306,0.1306,0.314,0.1277,0.1306,0.1306,0.1306,0.1099,0.1306,0.1306,0.02939,0.1316,0.1306,0.1306,0.1306,0.1306,0.1306,0.1306,0.1306,0.1306,0.1306,0.1306,0.123,0.1306,0.1306,0.1306,0.1306,0.1306,0.1131,0.1306,0.06113,0.1306,0.11487,0.0927,0.1306,0.1306,0.1306,0.1306,0.1306,0.528,0.3345,0.1306,0.757,0.1306,0.1306,0.4465,0.1306,0.3572,0.1306,0.07556,0.1306,0.1306,0.4153,0.1306,0.1306,0.1306,0.1306,0.1306,0.4,0.1306,0.06198,0.1306,0.1306,0.1306,0.1306,0.1306,0.1306,0.1306,0.3135,0.2927,0.1306,0.1306,0.1306,0.1306,0.1306,0.1306,0.1249,0.06384,0.1306,0.1306,0.1306,0.4233,0.1306,0.1048,0.0845,0.1306,0.1306,0.1306,0.1005,0.1306,0.1306,0.1306,0.1306,0.07,0.1364,0.1306,1.848,0.1306,0.1306,0.364,0.1306,0.7007,0.1276,0.4995,0.1306,0.1306,0.1306,0.1306,0.1306,0.06046,0.1306,0.1306,0.1306,0.1306,0.12195,0.1306,0.1306,0.1306,0.1306,0.633,1.84,0.1306,0.1306,0.1306,1.29,0.1306,0.05453,0.4834,0.1306,0.1306,0.1306,0.1306,0.1306,0.693,0.1306,0.1306,0.1306,0.6206,0.08887,0.1306,0.1306,0.1306,0.1306,0.1306,0.1306,0.1306,0.1306,0.10394,0.1306,0.1306,0.2463,0.1306,0.1306,0.1306,0.1306,0.1375,0.1306,0.1306,0.1306,0.953,0.1306,0.1306,0.1306,0.1306,0.1776,0.1306,0.1306,0.0831,0.1306,0.1306,0.1306,0.1306,0.1306,0.1306,0.1306,0.425,1.029,0.1306,0.1293,0.1306,0.1306,1.019,1.807,0.1306,0.1306,0.1306,0.1306,0.1306,0.1306,0.1306,0.1306,0.1306,0.1306,0.1306,0.1306,0.05386,0.2471,0.1306,0.1306,0.1306,0.0699,0.06946,0.1306,1.157,0.1306,0.1199,0.1306,0.1306,0.1306,0.1306,0.1306,0.1306,0.1306,0.1306,0.112,0.1306,0.1306,0.1306,0.1306,0.1306,0.1306,0.1306,0.1306,0.12415,0.1306,0.1306,0.1306,0.1306,0.1605,0.1306,0.2267,0.1306,0.1306,0.1306,0.10443,0.1259,0.1306,0.1306,0.7466,0.1306,0.1306,0.1306,0.1306,0.1306,0.1306,0.12177,0.07794,0.1306,0.7617,0.0985,0.4497,0.1306,0.1306,0.122,0.1306,0.1306,0.8555,0.1254,0.1278,0.11444,0.1306,0.1306,0.1306,0.1306,0.1306,0.6377,0.1306,0.3738,0.1306,0.834,0.1306,0.1025,0.1306,0.1306,0.1306,0.515,0.1713,0.1306,0.1306,0.1306,0.2197,0.1306,0.1306,0.0662,0.1306,0.1306,0.1306,0.1381,0.1306,0.1306,0.1306,0.1306,1.039,0.1306,0.1306,0.1306,0.1273,0.1306,0.1306,0.1306,0.1306,0.0854,0.1306,0.1306,0.3555,0.1306,0.1306,0.1306,0.1306,0.1306,0.0975,0.1151,1.512,0.1306,0.1306,0.05417,0.1306,0.1306,0.1306,0.0674,0.1306,0.1306,0.953,0.1306,0.1306,0.1306,0.1306,0.1306,0.1306,0.1306,0.1306,0.1306,0.1306,0.1306,0.6553,0.1306,0.1306,0.1306,0.07587,0.1306,0.1306,0.1306,0.1306,0.0635,0.1306,0.1306,0.1306,0.1306,0.1306,0.1306,0.1306,0.2278,0.1306,0.1306,0.1306,0.1306,0.1306,0.1306,0.478,0.1306,0.1306,0.1306,0.1306,0.1431,0.1306,0.1234,0.0815,0.6665,0.1306,0.1306,0.903,0.1306,0.1306,0.1747,0.1306,0.1306,0.1306,0.1306,0.1306,0.1306,0.1306,0.1306,0.1306,0.091,0.1233,0.1306,0.1306,0.1481,0.1306,0.1306,0.1306,0.1306,0.1306,0.1306,0.1306,0.129,0.1306,0.2693,0.10834,0.1306,0.1306,0.1306,0.1306,0.436,0.1306,0.05087,0.1204,0.1306,0.1306,0.1306,0.1306,0.1306,0.1306,0.1306,0.1306,0.1306,0.1306,0.1306,0.1306,0.2717,0.08887,1.077,0.1306,0.1306,0.1008,0.1306,2.32,0.1306,0.06384,0.1306,0.4475,0.1306,0.1306,0.1,0.10425,0.10974,0.1306,0.4597,0.1306,0.1306,0.2134,0.2145,0.1306,0.1306,0.1306,0.399,0.1306,0.1306,0.1306,0.1306,0.1007,0.1306,0.1094,1.173,0.1306,0.1306,0.1306,0.414,0.486,0.8564,0.1306,0.1306,0.1907,0.1306,0.1306,0.1089,0.1787,0.1669,0.12366,0.11414,0.1799,0.1306,0.1306,0.12317,0.1306,0.1306,0.1306,0.1306,0.2435,0.1306,0.1306,0.1306,0.1306,0.1306,0.1306,0.1306,0.1306,0.1306,0.2025,0.1306,0.1306,0.1306,0.1306,0.1936,0.07623,0.07056,0.1306,0.1306,0.1306,0.1306,0.1306,0.1306,0.1306,0.9946,0.1306,0.1306,0.1306,0.1306,0.8223,0.888,0.1306,0.1306,0.0781,0.1306,0.1306,2.176,0.1306,0.1306,0.1306,0.1306,0.1306,0.1306,0.1306,0.1267,0.1306,0.1306,0.1306,0.1306,0.1306,0.1306,0.1306,0.1306,0.1306,0.1306,0.4404,0.1306,0.3833,0.1306,0.1306,0.1306,0.1306,0.1306,0.1306,0.42,0.1306,0.0647,0.1301,0.1306,0.2554,0.12427,0.663,0.1306,0.1306,0.1306,0.1306,0.1306,0.12024,0.0795,0.1306,0.4575,0.1306,0.1306,0.284,0.1306,0.1306,0.1306,0.1123,0.311,0.1306,0.07745,0.1306,0.1624,0.6187,0.1306,0.1306,0.1306,0.1306,0.1306,0.1306,1.068,0.1648,0.1306,0.1306,0.1306,0.1306,0.09454,0.1306,0.376,0.1306,0.1306,0.1306,0.1306,0.1306,0.1306,0.1306,0.2332,0.1306,0.1306,0.1725,0.12036,0.1306,0.1306,0.1306,0.1306,0.1306,0.1212,0.1306,0.1306,0.1306,0.1306,0.0677,0.1306,0.1306,0.255,0.1306,0.1306,0.1306,0.553,0.2595,0.53,0.1306,0.2125,0.1128,0.1306,0.1306,0.1306,0.765,0.1236,0.1306,0.1306,0.1306,0.1306,0.1306,0.1306,1.5625,0.2632,0.1306,0.1306,0.1306,0.1306,0.1306,0.1306,0.04483,0.5103,0.1306,0.1306,0.1306,0.1247,0.1306,0.1306,0.0842,0.1306,0.1306,1.05,0.1306,0.1306,0.576,0.2129,0.1306,0.1306,0.1306,0.1306,0.1306,0.1306,0.1306,0.1306,0.3237,1.043,0.1306,0.823,0.1306,0.0632,0.1306,0.1306,0.1189,0.1306,0.1306,0.1306,0.1306,0.1306,0.1343,0.1306,0.1306,0.7866,0.1306,0.0912,0.1306,0.1306,0.1306,0.1306,0.04507,0.1306,0.1306,0.1306,0.1273,0.1306,0.1306,0.1306,0.1306,0.1306,0.1306,0.1306,0.1306,0.1306,0.0641,0.1306,0.1306,0.7017,0.11707,0.1306,0.10126,0.1306,0.1134,0.1306,0.03976,0.5825,0.1306,0.1306,0.1204,0.8,0.1306,0.1306,0.1306,0.1306,0.1306,0.1306,0.1306,0.1306,0.1306,0.1306,0.114,0.2067,0.8926,0.1306,0.1306,0.1201,0.4902,0.4707,0.1306,0.1227,0.0903,0.1306,0.1306,0.1306,0.1306,0.0988,0.1306,0.1306,0.1306,0.1306,0.1306,0.5566,0.1306,0.1306,0.1262,0.0707,0.1306,0.1306,0.1306,0.1306,0.1306,0.1666,0.1306,0.1306,0.1306,0.225,0.1306,0.1306,0.11554,0.1306,0.1306,0.1306,0.5054,0.1306,0.2423,0.2551,0.1306,0.1306,0.1306,0.1306,0.1306,0.1306,0.0707,0.127,0.1306,0.1306,0.1306,0.1306,0.1306,0.6465,0.1306,0.1306,0.1306,0.1306,0.1202,0.1306,0.1306,0.1306,0.1306,0.1306,0.1306,0.1306,0.1306,0.1306,0.1306,0.1306,0.1306,0.3098,0.1306,0.04053,0.1306,0.1306,0.5835,0.1306,0.05267,0.1306,0.125,0.1306,0.1306,0.1306,0.1306,0.1306,0.1306,0.0759,0.1306,0.1306,0.1306,1.716,0.10956,0.7715,0.197,0.1306,0.3696,0.1306,0.1306,0.4963,0.1306,0.1306,0.1306,0.1306,0.1306,0.1306,0.9277,0.1306,0.1306,0.7485,0.4907,0.1306,0.3374,0.1306,0.5137,0.1306,0.0771,0.1306,0.1306,0.09973,0.3564,0.1293,0.469,0.1306,0.1306,0.1306,0.1306,0.2068,0.1306,0.1306,0.1306,0.1306,0.3982,0.1306,0.1306,0.4082,0.0985,0.1306,0.1306,0.1306,0.1306,0.1306,0.1306,0.1306,0.0731,0.1306,0.1119,1.157,0.1005,0.1306,0.1306,0.1306,0.1306,0.3967,0.1306,0.1306,0.04764,0.1306,0.1306,0.1456,0.1306,0.1306,0.1306,0.1306,0.1306,0.1306,0.1306,0.1013,0.1306,0.2238,0.1306,0.1306,0.1306,0.1306,0.1306,0.1232,0.0845,0.1306,0.1306,0.1306,0.4292,0.1306,0.1306,0.0936,0.967,0.1306,0.4084,0.0714,0.1306,0.1306,0.1306,0.1306,0.4934,0.1306,0.1306,0.1306,0.1306,0.1306,0.1306,0.12366,0.1306,0.1306,0.1306,0.1306,0.1306,0.2434,0.126,0.1306,0.11945,0.1306,0.1306,0.1007,0.1562,0.10754,0.1306,0.1306,0.754,0.1306,0.1306,0.1306,0.08734,0.1306,0.1189,1.303,0.1306,0.1306,0.1306,0.1135,0.1306,0.1306,0.541,0.845,0.1306,0.1306,0.7114,0.1306,0.0632,0.1155,0.2218,0.1306,0.1147,0.1306,0.1306,0.1708,0.08844,0.1306,0.3582,0.0362,0.1306,0.1306,0.1306,0.0727,0.1306,0.173,0.1306,0.1306,0.1306,0.4368,0.2031,0.1306,0.1306,0.1666,0.1306,0.9385,0.76,0.1306,0.1306,0.1306,0.1306,0.1306,0.3179,0.06635,0.1271,0.1306,0.1306,0.1226,0.1306,0.1306,0.1306,0.1285,0.1306,1.097,1.067,0.1306,0.09174,0.1649,0.521,0.1306,0.1306,0.1306,1.447,0.1306,0.1306,0.1306,0.4697,0.1306,0.1306,0.1306,0.1306,0.1306,0.10895,0.1306,0.1306,0.4922,0.1306,0.1306,0.1306,0.1306,0.1306,0.1306,0.1306,0.1306,0.1306,0.1306,0.1306,0.3567,0.1306,0.1306,1.252,0.1306,1.284,0.402,0.1306,0.1124,0.1306,0.1306,0.0649,0.1306,0.1306,0.1306,0.4463,0.3452,0.1306,0.1306,0.4048,0.1306,0.1306,0.1306,0.1306,0.1306,0.1306,1.024,0.1306,0.703,0.1306,0.1306,0.1465,1.24,0.1306,0.1306,0.1306,0.1306,0.7915,0.03955,0.1306,0.1306,0.1306,0.1306,0.1306,0.1306,0.1306,0.07214,0.1306,0.1306,0.605,0.1306,0.1306,0.1306,0.1306,0.2186,0.1306,0.5786,0.1306,0.1306,0.1139,0.1306,0.616,0.1306,0.1306,0.6436,0.1306,0.1306,0.1306,0.1306,0.6587,0.1306,0.1306,0.1306,0.1306,0.212,0.2389,0.0727,0.1306,0.1306,0.1306,0.1306,0.06744,0.782,0.1769,0.0993,0.1306,0.1306,0.0918,0.1306,1.812,0.1306,0.1306,0.1173,0.1306,0.3047,0.3137,0.1306,0.1582,0.1306,0.1306,0.1306,0.1306,0.1066,0.1306,0.1306,0.1306,0.1306,0.1981,0.8623,0.1306,0.1306,0.1306,0.1306,1.048,0.1306,0.1306,0.1306,0.1306,0.12036,0.1306,0.9556,0.1306,0.1407,0.1306,0.1306,0.1306,0.1306,0.1306,0.1306,0.1306,0.1306,0.1306,0.1306,0.1306,0.0914,0.1306,0.1306,0.1306,0.1306,0.1306,0.1306,0.1306,0.1306,0.1306,0.1306,0.1306,0.1306,0.04596,0.1306,0.1306,0.1306,0.1306,0.1306,0.3875,0.1306,0.2418,0.1306,0.1306,0.3618,0.0836,0.1306,0.768,0.2737,0.1306,0.1306,0.1306,0.1306,0.1124,0.1306,0.1306,0.8716,0.1306,0.07654,1.262,0.1306,0.6587,0.1306,0.1306,0.1306,0.1306,0.1306,0.1306,0.1306,0.1306,0.1306,0.1306,0.1306,0.1306,0.1306,0.1306,0.1306,0.1306,0.1306,0.1306,0.1306,0.1306,0.1306,0.1306,0.1306,0.1306,0.847,0.1306,0.1306,0.1306,0.1306,0.1306,0.1306,0.1306,0.1306,0.1306,0.1306,0.1306,0.1306,0.1306,0.1306,0.1306,0.1306,0.1306,0.1908,0.1306,0.1306,0.0687,0.1306,0.662,0.1306,0.1306,0.1306,0.1306,0.1306,0.1306,0.1306,0.1306,0.1306,0.1306,0.1306,0.1306,0.1306,0.1046,1.006,0.1306,0.1306,0.1306,0.251,0.1306,0.1306,0.1306,0.1306,0.1306,0.1306,0.1306,0.1306,0.1306,0.1306,0.1306,0.1306,0.1306,0.1306,0.272,0.1306,0.1306,0.2042,0.1306,0.969,0.1306,0.1844,0.1306,0.1306,0.5327,0.1306,0.1306,0.1063,0.1306,0.1306,0.05164,0.1306,0.1306,0.1306,0.1306,0.2423,0.1306,0.10443,0.1306,0.04575,0.1306,0.1306,0.1306,0.1306,0.1768,0.1306,0.1306,0.1915,0.1306,0.1306,0.516,0.1388,0.1306,0.1306,0.1306,0.1509,0.2152,0.2698,0.1306,0.1306,0.1306,0.1306,0.1306,0.1306,0.1048,0.1306,0.1306,0.3298,0.1306,0.1186,0.1306,0.12195,0.1306,0.1215,0.1306,0.1306,0.1306,1.348,0.1306,0.1306,0.1306,0.1306,0.1306,0.1306,0.1061,0.1254,0.1306,0.1306,0.244,0.1306,0.1306,0.1306,0.1306,0.1306,0.1306,0.1306,0.1306,0.2773,0.699,0.1306,0.2886,0.1306,0.1306,0.1306,0.1306,0.1306,0.11993,0.1306,0.767,0.1306,0.1306,0.1306,0.1306,0.1306,0.724,0.1306,0.521,0.1306,0.09216,0.1306,0.1306,0.06537,0.1306,0.1306,0.1306,0.1035,0.1306,0.1306,0.1306,0.1306,0.1306,0.1306,0.1306,0.285,0.1306,0.1306,0.3115,1.264,0.3357,0.1306,0.1306,0.1306,0.1306,0.1306,0.10956,0.1306,0.278,0.1306,0.1823,0.08466,0.1306,0.11884,0.1736,0.1306,0.1306,0.1306,0.1306,0.1306,0.1306,0.1306,0.1306,0.1306,0.1306,0.1306,0.3772,0.2932,0.1306,0.1923,0.1306,0.1306,0.1306,0.419,0.1306,0.1306,0.1306,0.1289,0.1306,0.1306,0.1306,0.1306,0.1306,0.1306,0.1306,0.1306,0.1306,0.1306,0.1306,0.1306,0.1306,0.1306,0.1306,0.1306,0.1306,0.1306,0.1306,0.2284,0.1306,0.0708,0.1306,0.2883,0.1306,0.1306,0.1306,0.1306,0.1306,0.1306,0.1306,0.1306,0.1306,0.1306,0.1306,0.683,0.1306,0.1306,0.2096,0.1306,0.1306,0.1306,0.0776,0.1306,0.1295,0.1306,0.1306,0.3079,0.1306,0.1306,0.1306,0.11975,0.36,0.1306,0.1306,0.1306,0.1306,0.1306,0.1306,0.5835,0.08966,0.1306,0.05475,0.1306,0.1306,0.1306,0.09216,0.1082,0.8354,0.1306,0.1306,0.0668,0.3967,0.1306,0.1298,0.1306,0.1306,0.3232,0.1306,0.1306,0.1306,0.0801,0.1306,0.1306,0.1306,0.1306,0.0663,0.1306,0.1306,0.1306,0.1306,1.123,0.1306,0.1306,0.1306,0.1306,0.1306,0.1306,0.1306,0.1306,0.1306,0.1101,0.1306,0.1306,0.1306,0.1306,0.1306,0.09875,0.1306,0.2345,0.1306,0.0647,0.1271,0.1306,0.1306,0.1306,0.1306,0.1306,0.11536,0.1306,0.1306,0.07935,0.1306,0.1306,0.1306,0.1306,0.1306,0.4216,0.1306,0.1306,0.9023,0.1306,0.1306,0.3013,0.1445,0.1306,0.1306,0.1306,0.0881,0.1306,0.1306,0.0802,0.1306,0.1306,0.3523,0.1306,0.1205,0.1306,0.1306,0.1306,0.1306,0.1306,0.3818,0.1306,0.1306,0.1306,0.1306,0.1306,0.1306,0.1306,0.1306,0.1306,0.1306,0.1306,0.1306,0.1306,0.1306,0.1306,0.1306,0.1306,0.2206,0.1306,0.1306,0.1306,0.1306,0.1306,0.1306,0.0478,0.1306,0.1306,0.1306,0.1306,0.1306,0.1306,0.12256,1.01,0.0553,0.128,0.1306,0.8555,0.1306,0.1306,0.1306,0.1306,0.1306,0.1306,0.1306,0.1306,0.1306,0.9497,0.1306,0.1306,0.1306,0.1306,0.1306,0.1306,0.1306,0.1306,0.1306,0.5283,0.1306,0.1306,0.1306,0.1306,0.1306,0.12115,0.1306,0.1306,0.1306,0.1306,0.1109,0.1306,0.1306,0.05322,0.1306,0.1306,0.1306,0.1306,0.1306,0.1306,0.0982,0.1306,0.1306,0.1306,0.1306,0.1306,0.1306,0.3188,0.1306,0.1306,1.459,0.1252,0.1306,0.977,0.1306,0.1306,0.0787,0.1306,0.1306,0.362,0.1306,0.1306,0.09216,0.1306,0.1306,0.09174,0.1105,0.8525,0.1306,0.1306,0.2104,0.1306,0.1306,0.1306,0.1306,2.31,0.282,0.1306,0.1306,0.1306,0.1306,0.3687,0.326,0.1306,0.1306,0.1306,0.1306,0.1306,0.1306,0.09875,0.1306,0.1306,0.1306,0.1306,0.1306,0.1306,0.1127,0.0943,0.1306,0.1321,0.1306,0.1306,0.1306,0.1306,0.1306,0.09515,0.1306,0.1306,0.10974,0.1306,0.1306,1.056,0.1306,0.1306,0.1306,0.1306,0.1306,0.1306,0.1306,0.1306,0.1306,0.1306,0.1306,0.1306,0.1306,0.1306,0.1306,0.1306,0.562,0.12256,0.1306,0.1306,0.1306,0.1306,0.1306,0.1306,0.1306,0.1047,0.1306,0.1306,0.1306,0.2465,0.1306,0.1306,0.1306,0.1306,0.1306,0.1306,0.11316,0.1306,0.1306,0.1306,0.1306,0.1306,0.1306,0.1306,0.10315,0.1306,0.1306,0.1306,0.1306,0.1306,0.1306,0.1306,0.08734,0.1661,0.1306,0.1306,0.09717,0.1306,1.071,0.4565,0.1306,0.1306,0.1306,0.1306,0.1306,0.1306,0.6196,0.1306,0.1306,0.1306,0.1306,0.1306,0.09326,1.416,0.1306,0.1306,0.1306,0.1202,0.135,0.1306,0.1306,0.0876,0.1306,1.544,0.1306,0.1306,0.1306,0.1306,0.0552,0.1306,0.1167,0.1306,0.1306,0.6177,0.1306,0.1306,0.1573,0.1306,0.1306,0.08514,0.0568,0.1193,0.1306,0.1306,0.1306,0.1293,0.1306,0.1306,0.9575,0.4836,0.1306,0.05484,0.11444,0.136,0.1306,0.1306,0.1306,0.1306,0.1306,0.1306,0.1306,0.1106,0.1306,0.1306,0.1306,0.1306,0.0778,0.1306,0.1241,0.1306,0.1017,1.155,0.1306,0.3735,0.1306,0.1306,0.1306,0.1306,0.1306,0.1306,0.0866,1.965,0.1306,0.1306,0.1306,0.1306,0.0966,0.1306,0.1414,0.1306,0.1306,0.1306,0.1306,0.1306,0.1306,0.6978,0.1306,0.1306,0.1306,0.1306,0.1306,0.1306,0.1306,0.1306,0.1306,0.1306,0.1306,0.1306,0.2477,0.1306,0.1306,0.1526,0.1306,0.0766,0.1306,0.0459,0.1306,0.1306,0.1306,0.1306,0.1306,0.1306,0.1306,0.1306,0.1306,0.11536,0.04407,0.622,0.1306,0.557,0.1306,0.1306,0.0727,0.3506,0.1306,0.2476,0.1306,0.08563,0.1306,0.2751,0.1306,0.1306,0.03333
31,0.32,0.32,1.424,0.2244,0.696,0.653,0.6553,0.2236,0.1815,0.1644,0.32,0.444,0.1362,0.588,0.4214,0.32,0.3115,0.782,0.1803,0.32,0.32,0.274,0.7256,0.575,0.11884,0.5693,0.1783,0.516,0.3027,0.2278,0.1812,0.32,0.278,0.2383,0.32,0.3618,0.4023,0.176,0.2947,0.32,0.3706,0.2241,0.288,0.4336,0.1755,0.32,0.3477,0.32,0.32,1.176,0.1929,0.32,0.1831,0.4111,0.4873,0.469,0.2734,0.1777,0.1989,0.3452,1.011,0.2573,0.5415,0.418,0.32,0.2258,0.889,0.4685,0.2737,0.32,0.7373,0.32,0.532,0.262,0.2944,1.018,0.32,0.314,0.2554,0.2725,0.1871,0.267,0.09485,0.364,0.5,0.32,0.1975,0.32,0.32,0.1978,0.32,0.1676,0.566,0.1913,0.1871,0.32,0.1826,0.2827,0.187,0.3286,0.2417,0.887,0.4387,0.32,0.4622,0.2303,0.32,0.5527,0.5264,0.7,0.3762,0.2942,0.1766,0.2101,0.312,1.214,0.559,0.3003,0.3623,0.32,1.08,0.23,0.32,0.1774,0.32,0.32,0.22,0.2656,0.3054,0.2285,0.2396,0.4697,0.3066,0.2722,0.256,0.4092,0.311,0.4138,0.599,0.3923,0.7173,0.32,0.2869,0.703,0.32,0.2004,0.2216,0.1765,0.2905,0.544,0.1279,0.2288,0.4587,0.312,0.1781,0.2883,0.3103,0.947,0.2861,0.2585,0.3123,0.544,0.2196,0.374,0.254,0.572,0.2766,0.11896,0.547,0.2003,0.2913,0.4011,0.4983,0.3027,0.3396,0.2937,0.32,0.752,0.4502,0.474,0.2822,0.32,0.32,0.267,0.3481,0.3274,0.32,0.4604,0.1877,0.6094,0.2083,0.15,0.3843,0.4949,0.491,0.306,0.2045,0.1731,1.601,0.2878,0.5195,0.1862,0.2874,1.451,0.1685,0.1664,0.286,0.32,0.2405,0.2078,0.2742,0.2915,0.594,0.1106,0.3093,0.608,0.3323,0.788,0.2698,0.3784,0.2168,1.129,0.7124,0.32,0.7397,0.3582,0.145,0.3826,0.32,0.7017,0.744,0.1043,0.892,0.2515,0.32,0.2485,0.3335,0.4773,0.544,0.1824,0.305,0.1433,0.4155,0.32,0.32,0.1914,0.2751,0.32,0.1895,0.439,0.2195,0.1201,0.3987,1.109,0.596,0.768,0.3992,0.32,0.4565,0.3948,0.2013,0.32,0.32,0.32,0.1448,0.3625,0.32,0.2903,0.786,0.1683,0.5264,0.1663,0.2522,0.32,0.3823,0.2324,0.2676,0.31,0.1812,0.32,0.1854,0.1794,0.32,0.1214,0.2915,0.2373,0.32,0.1781,0.4883,0.5376,0.1942,0.1854,0.2585,1.018,0.1968,0.3064,0.32,0.1423,0.32,0.1808,0.2983,0.4158,0.4885,0.2888,0.2279,0.3796,1.068,0.4163,0.4866,0.1932,0.6743,0.178,0.32,0.141,0.614,0.2847,0.2913,0.2448,0.32,0.6846,0.2751,0.366,0.5166,1.53,0.2896,0.1937,0.609,0.2844,0.3152,0.415,0.32,0.3093,0.32,0.32,0.3164,0.8135,0.5015,0.32,0.427,0.2278,0.308,0.9214,0.459,1.347,0.32,0.2954,0.6646,0.2883,0.4036,0.1897,0.2576,0.238,0.2042,0.32,0.3313,0.3718,0.2952,0.1797,0.228,0.451,0.9927,0.3442,0.32,0.305,0.1209,0.1833,0.1827,0.766,0.831,0.3027,0.2927,0.2637,0.32,0.32,0.3623,0.29,0.2173,0.32,0.2988,0.634,0.3376,0.32,0.3147,0.8164,0.1759,0.2438,0.3865,0.3005,0.32,0.5747,0.278,0.3364,0.598,0.273,0.32,0.3547,0.7334,0.32,0.2037,0.2244,1.071,0.244,1.09,0.4438,0.3245,0.3542,0.32,0.6074,0.432,0.308,0.3228,0.816,0.1268,0.1853,0.3008,0.597,0.1732,0.32,0.32,0.6025,0.1943,0.2937,0.32,0.2,0.32,0.3213,0.27,0.2043,0.4822,0.3118,0.4653,0.6,0.1619,1.248,0.895,0.1952,0.3066,0.32,0.5244,0.2708,0.12427,0.1936,0.2126,0.16,0.272,0.293,0.2793,0.5864,0.2847,0.2861,0.32,0.3857,0.176,0.2646,0.4976,0.3196,0.32,0.32,0.442,0.32,0.1559,0.233,0.599,0.2072,0.2064,0.2191,0.32,0.289,0.5996,0.2761,0.32,0.32,0.9497,0.3079,0.32,0.1985,0.55,0.2422,0.3748,0.32,0.1781,0.9956,0.4258,0.32,0.2386,0.4695,0.3135,0.32,0.32,0.1901,0.3228,0.4036,0.4885,0.184,0.1797,0.558,0.321,0.3167,0.264,0.3186,0.276,0.2937,0.4497,0.1947,0.32,0.4998,0.2947,0.3135,0.1984,0.261,0.32,0.1256,0.2058,0.2524,0.266,0.1974,0.1879,0.762,0.223,0.2256,0.3188,0.32,0.32,0.8403,0.3174,0.32,0.2034,0.4912,0.2284,0.5693,0.4114,0.1324,0.521,0.3281,0.202,0.3083,0.3457,0.1302,0.3022,0.187,0.2542,0.2361,0.3066,0.3113,0.2773,0.296,0.1361,0.2048,0.2856,0.4016,0.2993,0.1565,0.551,0.9087,0.626,0.4458,0.2966,0.32,0.32,0.279,0.2009,0.1722,0.32,0.32,0.183,0.2091,0.2988,0.1324,0.2542,0.1818,0.6807,0.518,0.3572,0.833,0.2603,0.32,0.53,0.32,0.5195,0.1805,0.4592,0.263,0.1814,0.32,0.2612,0.375,0.3882,0.32,0.2664,0.3079,0.522,0.2708,0.32,0.2686,0.32,0.3918,0.972,0.1792,0.1285,0.1797,0.32,0.3047,0.1595,0.32,0.1908,0.1777,0.2101,0.23,0.6064,0.3137,0.658,0.32,0.5923,0.4456,0.8706,0.5566,0.2328,0.32,0.2255,0.2896,0.1273,0.2115,0.84,0.12146,0.2712,0.3867,0.2007,0.32,0.2195,0.2913,0.177,0.582,0.2627,0.5073,0.287,0.1917,0.992,0.4949,0.3154,0.2207,0.32,0.3086,0.331,0.1971,0.2795,0.2434,0.3145,0.32,0.793,0.3398,0.32,0.2075,0.2231,0.2316,0.287,0.836,0.283,0.32,0.32,0.2229,0.328,0.1515,0.3335,0.1891,0.1802,0.179,0.357,0.4097,0.586,0.3503,0.1859,0.4326,0.529,0.3745,0.4822,0.2189,0.3457,0.3044,0.404,0.2612,0.5234,0.3525,0.7104,0.662,0.5283,0.2896,0.5938,0.686,0.2866,0.24,0.4448,0.2585,0.3762,0.32,0.32,0.7935,0.1769,0.6562,0.7227,0.77,0.31,0.518,0.2644,0.3154,0.4878,0.32,0.2585,0.3115,0.2578,0.3582,0.32,0.974,0.1859,0.2864,0.2404,0.3145,0.32,1.419,0.637,0.1857,0.5684,0.32,0.6533,0.4006,0.685,0.251,0.673,0.4858,0.6426,0.4578,0.831,0.985,0.2449,0.1814,0.3467,0.2883,0.1714,0.318,0.1835,0.3103,0.32,0.2103,0.4128,0.2117,0.32,0.2322,0.9414,0.32,0.262,0.2114,0.32,0.3398,0.4993,0.7603,0.2825,0.1863,0.32,0.4187,0.32,0.2712,0.3098,0.747,0.2947,1.194,0.3132,0.32,0.1868,0.1659,0.66,0.365,0.2856,0.32,0.5986,0.304,0.2493,0.1927,0.1333,0.2065,0.32,0.576,0.1946,0.1316,0.3333,0.2299,0.32,0.2827,0.695,0.2888,0.4333,1.184,1.207,0.32,0.3123,0.32,0.615,0.419,0.1936,0.4373,0.298,0.32,0.2272,0.32,1.066,0.346,0.26,0.2067,0.32,0.6807,0.32,0.1713,0.32,0.296,0.4844,0.3188,0.2583,0.288,0.32,0.2474,0.1653,1.283,0.181,0.3003,0.3945,0.1954,1.27,0.5913,0.3489,0.2102,0.1842,0.636,0.32,0.2202,0.32,0.32,0.7715,0.4192,0.2284,0.1776,0.2103,0.3098,0.1891,0.2272,0.6675,0.32,0.9106,0.45,0.32,0.714,0.3645,0.184,0.1838,0.6,0.5083,0.4336,0.446,0.32,0.2646,0.4004,0.288,0.6294,0.4634,0.2856,0.2352,0.3545,0.1785,0.282,0.1835,0.32,0.1947,0.4058,0.2651,0.32,0.32,0.54,0.3481,0.244,0.1816,0.1826,0.2091,0.1984,0.2998,0.1932,0.4158,1.021,0.493,0.1902,0.32,0.3435,0.32,0.1765,0.2805,0.32,0.3745,0.8716,0.448,0.2632,0.32,0.3591,0.4888,0.1781,0.331,0.2888,0.685,0.2389,0.812,0.32,0.1289,0.32,0.2527,0.2766,0.32,0.3757,0.3667,0.721,0.3772,0.4556,0.3481,0.371,0.2225,0.2075,0.1863,0.4016,0.2778,0.1926,0.3296,0.2156,0.2883,0.2225,0.2228,0.3992,0.4187,0.1978,0.1448,0.502,0.3237,0.32,0.3203,0.296,0.261,0.306,0.32,0.549,0.29,0.6357,0.5605,0.162,0.2893,0.521,0.3518,0.1509,0.2607,0.2317,0.3008,1.023,0.2087,0.2288,0.7393,0.255,0.3423,0.2834,0.1311,0.314,0.3037,0.32,0.1932,0.8027,0.3186,0.1555,0.3066,0.1412,0.32,0.1772,0.2915,0.2367,0.271,0.594,0.678,0.32,0.3748,0.2167,0.1887,0.2465,0.2861,0.216,0.8984,1.24,0.32,0.9487,0.5117,0.3958,0.2961,0.7734,0.32,0.515,0.32,0.2756,0.1891,0.3975,0.517,0.386,0.329,0.2563,0.2386,0.2998,0.3225,0.4314,0.3,0.2426,0.2874,0.4792,0.2035,0.2898,0.2747,0.3225,0.279,0.32,0.32,0.32,0.1255,0.32,0.274,0.9233,0.32,0.442,0.3186,0.765,0.1752,0.689,0.2512,0.2898,0.32,0.2903,0.687,0.32,0.1948,0.4927,0.3596,0.841,0.635,0.9497,0.8447,0.1216,0.2966,0.2915,0.3054,0.32,0.2754,0.794,0.2822,0.641,0.4016,0.4136,0.284,0.32,0.2384,0.3103,0.8203,0.68,0.417,0.32,0.181,0.2913,0.115,0.2703,0.1654,0.32,0.259,0.2028,0.325,0.82,0.1315,0.2367,0.3284,0.295,0.1729,0.4614,0.3176,0.1866,0.32,0.32,0.1815,0.1908,0.2126,0.5,0.4937,0.1787,0.363,0.32,0.0926,0.4407,0.761,0.266,0.652,0.32,0.185,0.2595,0.3542,0.2966,0.32,0.32,0.139,0.2969,0.2124,0.722,0.273,0.3235,0.2634,0.1936,1.315,0.4927,0.25,0.599,0.32,0.32,0.628,0.281,0.32,1.784,0.4321,0.264,0.2017,0.2896,0.281,0.2988,0.649,0.32,0.2732,0.3162,0.1797,0.2054,0.2443,0.3518,0.312,0.2612,0.2734,0.5977,0.4133,0.2042,0.4924,0.2888,0.4507,0.555,0.1517,0.1989,0.5806,0.3125,0.32,0.32,0.1967,0.1904,0.32,0.1302,0.2998,0.219,0.1799,0.1583,0.3843,0.32,0.32,0.2878,0.3025,0.2913,0.659,0.32,0.5186,0.32,0.184,0.32,1.489,0.4336,0.3003,0.2141,0.4329,0.316,0.764,0.3142,0.1849,0.3076,0.6,0.487,0.1803,0.2235,0.32,0.1823,0.298,0.793,0.3374,0.8325,0.23,0.5415,0.32,0.4832,0.2264,0.3289,0.5566,0.3079,0.32,0.2086,0.32,0.2189,0.1855,0.262,0.32,0.32,0.32,0.4778,0.287,0.3713,0.3464,0.1853,0.4482,0.2037,0.3123,0.2172,0.29,0.382,0.32,0.385,0.207,0.488,0.8647,0.32,0.1913,1.118,0.8364,0.3967,0.1984,0.3113,0.4248,0.3062,0.66,0.2467,0.79,0.3083,0.379,0.1954,0.4895,0.3167,0.2551,0.2198,0.2893,0.812,0.2554,0.2377,0.235,0.2808,0.2944,0.2642,0.32,0.3394,0.3354,0.6055,0.5176,0.2817,0.146,0.1786,0.231,0.3796,0.3228,0.32,0.1819,0.645,0.2058,0.32,0.2788,0.7393,0.32,0.2128,0.3958,0.2869,0.2014,0.176,0.2644,0.32,0.3152,0.5166,0.4749,0.1859,0.4583,0.32,0.1427,0.251,0.381,0.3926,0.32,0.2817,0.3037,0.1832,0.4368,0.32,0.5737,0.464,0.3186,0.8413,0.32,0.378,0.2646,0.32,0.2898,0.1577,0.1804,0.5464,0.1753,0.32,0.32,0.52,0.177,0.1953,0.32,0.2125,0.1913,0.3,0.189,0.32,0.2208,0.32,0.3127,0.1859,0.272,0.2537,0.32,0.5117,0.4084,0.551,0.5366,0.32,0.3276,0.2883,0.1606,0.874,0.1964,0.4475,0.9736,0.32,0.7114,0.189,0.2515,0.2903,0.3298,0.2705,0.627,0.2302,0.3684,0.5093,0.32,0.2878,0.752,0.5967,0.2913,0.2153,0.1781,0.311,0.458,0.1674,0.2532,0.32,0.279,0.316,0.293,0.2908,0.32,0.2893,0.3193,0.694,0.2408,0.473,0.7573,0.263,1.2,0.2878,0.3518,0.2369,0.482,0.32,0.32,0.35,0.944,0.2754,0.32,0.1809,0.3796,0.2856,0.2852,0.2164,0.5615,0.378,0.2427,0.2998,0.3157,0.2334,0.256,1.623,0.32,0.32,0.1775,0.419,0.32,0.2788,0.4287,0.3562,0.2783,0.2052,0.2876,0.2925,0.5474,0.32,0.1818,0.406,0.1231,0.1836,0.1757,0.4807,0.481,0.7324,0.1935,0.32,0.3018,0.32,0.2438,0.2886,0.5728,0.3552,0.2903,1.536,0.2327,0.1929,0.3047,0.3196,0.32,0.3293,0.2808,0.1304,0.257,1.18,0.557,0.1967,0.2983,0.3384,0.32,0.2267,0.1656,0.4531,0.2769,0.2258,0.168,0.1619,0.1292,0.32,0.2874,0.6816,0.8022,0.5273,0.1494,0.505,0.32,0.2368,0.282,0.2184,0.3499,0.2844,0.3022,0.5205,0.1809,0.253,0.2795,0.2642,0.2478,0.254,0.3474,0.3254,0.894,0.2668,0.784,0.3333,0.3118,0.91,0.4705,0.1752,0.794,0.1864,0.32,0.1625,0.2917,0.2247,0.3784,0.3606,0.4807,0.4102,0.2225,0.5903,0.849,0.1813,0.32,0.178,0.466,0.262,0.32,0.8286,0.3032,0.1742,0.4585,0.279,0.1759,0.32,0.2856,0.32,0.9277,0.288,0.606,0.32,0.36,0.2466,0.32,0.3638,0.2515,0.2769,0.2983,0.32,0.1694,0.3062,0.816,0.2046,0.1467,0.2998,1.213,0.4028,0.4924,0.2969,0.7993,0.3118,0.508,0.2275,0.913,0.32,0.32,0.8125,0.286,0.2878,0.546,0.1787,0.529,0.4873,0.3108,0.4949,0.908,0.2152,0.4316,0.3877,0.2852,0.4683,0.317,0.32,0.1917,0.211,0.5938,0.623,0.2427,0.3818,0.32,0.864,0.581,0.3499,0.177,0.32,1.375,0.2822,0.4788,0.32,0.2334,0.2898,0.32,0.32,0.1569,0.1954,0.1586,0.671,0.32,0.3274,0.4487,0.331,0.5396,0.289,0.0802,0.32,0.2617,1.219,0.4795,0.2021,0.32,0.1792,0.32,0.32,0.3643,0.3108,0.32,0.3293,0.269,0.28,0.1832,0.5293,0.6475,0.32,0.1909,0.32,0.32,0.1892,0.6743,0.3757,0.32,0.3145,0.52,0.3206,0.1687,1.246,0.2126,0.1464,0.3843,0.2952,0.32,0.199,0.712,0.607,0.2869,0.3489,0.2954,0.32,0.32,0.32,1.793,0.3574,0.278,0.32,0.32,0.32,0.5835,0.2517,0.308,0.5234,1.108,0.2996,0.3535,0.32,0.5386,0.3032,0.2155,0.3372,0.32,0.1595,0.32,0.7563,0.169,0.2123,0.2854,0.2905,0.4644,0.6064,0.32,0.2861,0.3599,0.3142,0.2258,0.32,0.287,0.32,0.3499,0.3564,0.7817,0.275,0.2893,0.9204,0.32,0.237,0.32,0.2432,1.014,0.473,0.2898,0.3782,0.2722,0.3682,0.7563,0.391,0.2069,0.309,0.32,0.32,0.32,0.6553,0.9375,0.781,1.167,0.2913,0.2054,0.1865,0.3362,0.2168,0.2786,0.6523,0.2334,0.163,0.5894,0.334,0.557,0.5347,0.32,0.2878,0.4436,0.585,0.2961,0.625,0.2524,0.626,0.282,0.1619,0.533,0.2556,0.274,0.326,0.32,0.32,0.289,0.2842,0.286,0.2091,0.23,0.6016,0.1426,0.32,0.2625,0.4182,0.645,0.3445,0.1832,0.4412,0.2524,0.2222,0.1293,0.2256,0.215,0.326,0.6323,0.2712,0.2391,0.3086,0.8613,0.32,0.387,0.3516,1.147,0.2935,0.3616,0.1796,1.303,0.32,0.32,0.2406,0.3079,0.2903,0.2654,0.32,0.32,0.286,0.316,0.3877,0.11084,0.2058,0.4915,0.3335,0.32,0.2952,0.32,0.2585,0.7783,0.1362,0.1985,0.684,0.608,0.361,0.1415,0.2742,0.1866,0.329,0.1898,0.794,0.5137,0.32,0.582,0.2101,0.582,0.3992,0.2795,0.294,0.1322,0.32,0.3906,0.1018,0.331,0.1813,0.2368,0.32,0.207,0.297,0.3164,0.307,0.272,0.427,0.32,0.2686,0.2922,0.318,0.2864,0.3152,0.656,0.3545,0.4155,0.622,0.32,0.2178,0.3176,0.32,0.616,0.32,0.4192,0.166,0.324,0.198,0.312,0.1786,0.32,0.638,0.3281,0.2817,0.159,0.4482,0.2175,0.3047,0.5254,0.32,0.3118,0.32,0.4014,0.1699,0.228,0.32,0.3113,0.3154,0.2388,0.1794,0.32,0.32,0.2659,0.32,0.3364,0.3757,0.2644,0.3877,0.32,0.1931,0.5093,0.306,0.516,0.281,0.628,0.2257,0.31,0.3733,0.481,0.2397,0.3884,0.1713,0.6724,0.2151,0.525,0.184,0.8276,0.32,0.4136,0.5454,0.275,0.3054,0.3416,0.3145,0.655,0.32,0.8457,0.3652,0.7505,0.32,0.1808,0.1443,0.3093,0.217,0.2776,0.2576,0.439,0.2153,0.6006,0.7656,0.2825,0.32,0.404,0.293,0.1721,0.32,0.279,0.2303,0.3787,0.504,0.3135,1.417,0.3452,0.2203,0.32,0.1831,0.2942,0.1449,0.508,0.32,1.097,0.1826,0.843,0.1797,1.349,0.2317,0.32,0.4465,0.427,0.32,0.2168,0.646,0.32,0.2654,0.364,0.32,0.2185,0.1842,0.384,0.743,0.4465,0.5215,0.32,0.0824,0.32,0.1968,0.239,0.4426,0.32,0.197,0.32,0.249,0.3057,0.366,0.2004,0.7065,0.735,0.684,0.255,0.32,0.2778,0.207,0.35,0.1608,0.32,0.32,0.1915,0.1661,0.32,0.2866,0.7197,0.4353,0.4646,0.1759,0.1769,0.3008,0.303,0.594,0.9487,0.3809,0.6245,0.2208,0.32,0.1521,0.32,0.2147,0.2576,0.1874,0.1682,0.716,0.2026,0.32,0.3132,0.315,0.4814,0.4578,0.32,0.2637,0.2925,0.32,0.3943,0.1294,0.3,0.2156,0.2827,0.311,0.4712,0.1787,0.4397,0.3762,0.32,0.2537,0.3037,0.3628,0.8145,0.4556,0.11694,0.515,0.2642,0.294,0.3481,0.4355,0.2773,0.1333,0.3035,0.317,0.305,0.1785,0.2235,0.4102,0.2864,0.4368,0.2668,0.1987,0.2861,0.4321,0.1985,0.8223,0.32,0.7393,0.3303,0.363,0.3376,0.563,0.455,0.32,0.614,0.32,0.32,0.568,0.3328,0.2277,0.311,0.2476,0.2886,0.32,0.1475,0.32,0.214,0.32,1.07,0.32,0.3533,0.4722,0.1973,0.32,0.269,0.4233,0.4739,0.32,0.6157,0.186,0.4084,0.32,0.32,0.2195,0.3198,0.303,0.311,0.8726,0.4824,0.2251,0.086,0.2091,0.1814,0.32,1.532,0.2632,0.1078,0.32,0.7734,0.76,0.388,0.2979,0.9536,0.166,0.3728,0.1694,0.504,0.325,0.5522,0.32,0.32,0.1672,0.32,0.32,0.2712,0.2551,0.3157,0.11816,0.2893,0.5083,0.5684,0.3418,0.1504,0.1935,0.6245,0.1844,0.3037,0.496,0.513,0.32,0.707,0.6084,0.403,0.2128,0.85,0.292,0.32,0.32,0.3179,0.2122,0.32,0.501,0.406,0.4614,0.1697,0.422,0.307,0.32,0.2795,0.185,0.286,0.3113,0.3193,0.3484,0.292,0.3613,0.4841,0.2148,0.32,0.1853,0.3462,0.3835,0.62,0.2421,0.2778,0.3145,0.2874,0.188,0.257,0.282,0.483,0.2302,0.1802,0.5264,0.32,0.1832,0.569,0.2483,0.3179,0.2754,0.3113,0.32,0.1781,0.5273,0.1864,0.32,0.293,0.4165,0.2079,0.737,0.32,0.521,0.3262,0.32,0.522,0.2993,0.2878,0.177,0.3137,0.595,0.4287,0.32,0.1825,0.1941,0.32,0.2052,0.32,0.3215,0.4126,0.3884,0.1912,0.1652,0.4338,0.1862,0.1926,0.2683,0.32,0.32,0.546,0.1964,0.2817,0.283,0.2086,0.323,0.4712,0.3613,0.6187,1.454,0.3958,0.38,0.374,0.4756,0.568,0.1798,0.667,0.625,0.434,0.2104,0.319,0.569,0.1364,0.292,0.466,0.1816,0.5347,0.1857,0.2084,0.1785,0.32,0.532,0.7427,1.731,0.3882,0.504,0.2546,1.229,0.1854,0.4407,0.3796,0.3547,0.2112,0.32,0.32,0.291,0.7964,0.186,0.2974,0.527,0.525,0.2318,0.2866,0.2698,0.2391,0.3833,0.2341,0.2129,0.182,0.2988,0.2942,0.3193,0.32,0.496,0.1987,0.216,0.1748,0.32,0.4536,0.2072,0.6416,0.32,0.6616,0.2163,0.21,0.32,0.3652,0.3108,0.32,0.2927,0.201,0.1837,0.2236,0.32,0.3591,0.32,0.32,0.3906,0.2413,0.853,0.2874,0.2742,0.32,0.5083,0.912,1.252,0.2637,0.2686,0.1594,0.32,0.2834,0.384,0.3398,0.611,0.2092,0.1897,0.7134,0.3037,0.3147,0.7734,0.4248,0.32,0.2637,0.3538,0.1453,0.32,0.9175,0.604,0.3242,0.526,0.203,0.3042,0.258,0.32,0.3965,0.3716,0.1434,0.2913,0.3523,0.32,0.3867,0.2983,0.32,0.32,0.2128,0.2886,0.3157,0.285,0.32,0.32,0.4749,0.1365,0.499,0.7896,0.1917,0.1278,0.2054,0.3123,0.3545,0.32,0.3057,1.068,0.311,0.177,0.12463,0.2,0.10895,0.3987,0.2585,0.458,0.32,0.4314,0.4766,0.2883,0.542,0.2903,0.5425,0.1774,0.6704,0.716,0.3105,0.3142,0.6016,0.32,0.201,0.3198,0.6904,0.32,0.872,0.32,0.3213,0.287,0.6875,0.2471,0.32,0.3171,0.4866,0.3083,0.393,0.5615,0.3044,0.3132,0.4207,0.341,0.32,0.1865,0.2642,0.32,0.2915,0.254,0.3694,0.2969,0.1785,0.244,0.292,0.7324,0.4111,0.2323,0.4937,0.32,0.2291,0.208,0.259,0.7524,0.7354,0.3396,0.32,0.3647,0.2856,0.2896,0.32,0.1771,0.2047,0.2808,0.2727,1.438,0.32,0.2181,0.606,0.32,0.3887,0.2686,0.2496,0.2673,0.474,0.787,0.7495,0.355,0.4182,0.2505,0.32,0.2396,0.3184,0.32,0.32,0.32,0.362,0.748,0.1602,0.3416,0.2505,0.2722,0.295,0.32,0.1998,0.32,0.1071,0.2145,0.32,0.1898,0.1853,0.1248,0.32,0.5054,0.3662,0.3079,0.2303,0.32,0.1997,0.601,0.262,0.358,0.2448,0.1995,0.32,0.311,0.444,0.4795,0.943,0.316,0.9927,0.3171,0.32,0.741,0.1427,0.5703,0.722,0.2086,0.6426,0.32,0.3367,0.3604,0.2754,0.2113,0.4248,0.32,0.1656,0.635,0.1448,0.4707,0.2947,0.3008,0.4465,0.344,0.4888,0.3381,0.2947,0.2974,0.28,0.6763,0.2605,0.264,0.1986,0.2932,0.2003,1.18,0.4749,0.32,0.1232,0.414,0.32,0.2517,0.32,0.1605,0.203,0.1786,0.2441,0.2856,0.537,0.5664,0.32,0.2096,0.588,0.4988,0.781,0.32,0.32,0.224,0.2966,1.637,0.5986,0.2576,0.32,0.6235,0.2786,0.1826,0.3176,0.1367,0.3757,0.2815,0.4634,0.32,0.32,0.2258,0.3118,0.32,0.4722,0.3677,0.3765,0.11707,0.3186,0.486,0.4585,0.4575,0.5283,0.3206,0.921,0.1813,0.296,0.276,0.5254,0.3342,0.695,0.282,0.32,0.1498,0.167,0.562,0.2544,0.3943,0.4023,0.10187,0.0639,0.3013,0.32,0.32,0.2847,0.4119,0.2101,0.32,0.32,0.5728,0.426,0.32,0.2117,0.307,0.1203,0.32,0.4211,0.206,0.4346,0.4888,0.32,0.32,0.227,0.1844,0.548,0.3582,0.11957,0.32,0.756,0.2205,0.55,0.32,0.2231,0.3113,0.8296,0.1797,0.2844,0.1211,0.3113,0.9746,0.4717,0.525,0.2976,0.3125,0.3672,0.1792,1.574,0.289,0.831,0.2915,0.32,0.2554,0.2361,0.3193,0.2788,0.32,0.32,0.3005,0.3137,0.2107,0.32,0.2126,0.3105,0.2964,0.2333,0.437,0.32,0.2861,0.1989,0.5083,0.32,0.1984,0.1873,0.4946,0.3896,0.3433,0.282,0.3918,0.1818,0.2747,0.31,0.773,0.2177,0.2013,0.1829,0.3108,0.2935,0.1619,0.32,0.1765,0.391,0.2573,0.32,0.8105,0.1788,0.32,0.4873,0.7446,0.758,0.1818,0.2678,0.32,0.474,0.778,0.226,0.4102,0.2925,0.3647,0.32,0.2705,1.062,0.4705,0.32,0.2306,0.1764,0.32,0.1731,0.2837,0.3115,0.2145,0.32,0.32,0.3164,0.2527,0.5405,0.32,0.8403,0.336,0.3513,0.358,0.2502,0.295,0.32,0.316,0.3342,0.2449,0.1782,0.288,0.1803,0.2896,0.32,0.2673,0.1862,0.32,0.4165,0.3115,0.2678,0.1791,0.54,0.452,0.6626,0.6343,0.145,0.3157,0.2437,0.3513,0.5054,0.716,0.633,0.3086,0.5254,0.187,0.32,0.11346,0.194,1.169,0.3606,0.2793,0.306,0.1694,0.32,0.3,0.3037,0.1876,0.702,0.2559,0.1354,0.4585,0.2554,0.1818,0.3943,0.268,0.2883,0.1877,0.8657,0.2227,0.5483,0.55,0.336,0.2434,0.2192,0.32,0.4727,0.4236,0.32,0.3547,0.3196,0.4216,0.7593,0.4211,1.108,0.2996,0.7314,0.1333,0.32,0.1914,0.32,0.32,0.5195,0.32,0.32,0.708,0.2092,0.2041,0.5967,0.6924,0.2186,0.336,0.4185,0.2595,0.3818,0.1996,0.32,0.32,0.32,0.3667,0.2583,0.84,0.2214,0.1771,0.1526,0.6133,0.1788,0.3115,0.7295,0.205,0.1818,0.879,0.4285,0.4392,0.2964,0.2998,0.32,0.1311,0.549,0.1517,0.4092,0.5156,0.263,0.2242,0.7236,0.2795,0.32,0.32,0.32,0.2405,0.3135,0.6553,0.485,0.1887,0.539,0.4136,0.3093,0.542,0.2034,0.2988,0.1882,0.7676,0.4758,0.4524,0.5874,0.2812,0.32,0.555,0.32,0.1348,0.4922,0.477,0.2455,0.32,0.5366,0.7124,0.6772,0.1885,0.542,0.2197,0.833,0.32,0.278,0.1901,0.1743,0.263,0.3125,0.1963,0.25,0.794,0.4443,0.604,0.1819,0.298,0.269,0.32,0.5874,0.8174,0.2194,0.554,0.2588,0.32,0.3164,0.266,0.38,0.6597,0.1288,0.354,0.1494,0.5728,0.2585,0.2603,0.2378,0.2081,0.4968,0.2737,0.2695,0.32,0.254,0.3044,0.32,0.2998,0.165,0.3262,0.1971,0.523,0.32,0.49,0.2028,0.32,0.4656,0.3425,0.635,0.2258,0.627,0.3147,0.1993,1.009,0.3655,0.3057,0.32,0.3416,0.32,0.3684,0.32,0.4539,0.1531,0.32,0.2769,0.1041,0.1779,0.2046,1.259,0.3176,0.61,0.2284,0.2627,0.4158,0.342,0.2766,0.4768,0.2708,0.2612,0.1412,0.32,0.232,0.1583,0.793,0.3992,0.3552,0.751,0.3906,0.32,0.617,0.2052,0.585,0.2673,0.2085,0.3037,0.7295,0.3982,1.195,0.7563,0.4126,0.273,0.4263,0.2162,0.32,0.2144,0.2515,0.193,0.32,0.343,0.635,0.32,0.32,0.3765,0.5557,0.32,0.1934,0.2979,0.7505,0.2874,0.8413,0.2227,0.3875,0.2086,0.3154,0.868,0.1711,0.1904,0.245,0.3235,0.199,0.8477,0.32,0.128,0.357,0.32,0.4265,0.143,0.1517,0.2167,0.1849,0.32,0.32,0.32,0.32,0.1523,0.294,0.3545,0.185,0.2876,0.2145,0.2961,0.32,0.2323,0.286,0.561,0.2512,0.317,0.5737,0.32,0.3135,0.765,0.745,0.1667,0.463,0.3413,0.32,0.6953,0.32,0.32,0.549,0.2795,0.32,0.3726,0.1907,0.86,0.2544,0.2241,1.121,0.32,0.27,0.32,0.3767,0.3223,0.1499,0.2976,0.1499,0.2646,0.32,0.2844,0.3352,0.2231,0.2136,0.2737,0.698,0.32,0.2285,0.6,0.3015,0.2264,0.32,1.256,0.2355,0.2445,0.175,0.5,0.519,0.32,0.5117,0.96,0.273,0.1263,0.411,0.32,0.2642,0.552,0.2622,0.576,0.207,0.1388,0.265,0.337,0.316,0.3025,0.3364,0.4766,0.2042,0.3823,0.3096,0.327,0.3367,0.6787,0.2783,0.2942,0.357,0.4746,0.5186,0.32,0.2944,0.2333,0.1892,0.6816,1.155,0.3977,0.2969,0.2578,0.2186,0.32,0.3193,0.275,0.2825,0.1525,0.2654,0.3308,0.3318,0.496,0.6577,0.3113,0.2976,1.125,0.686,0.32,0.3127,0.7603,0.5327,0.1523,0.32,0.2861,0.969,0.2256,0.9473,0.244,0.553,0.3137,0.32,0.6226,0.179,0.2356,0.1881,0.32,0.1802,0.4185,0.1829,0.788,0.2756,0.2477,0.3154,0.2861,0.315,0.5044,0.1366,0.32,0.3052,0.4805,0.1919,0.378,0.936,0.4194,0.937,0.778,0.2913,0.2954,0.3171,0.275,0.371,0.32,0.182,0.32,0.5186,0.867,0.3066,0.2742,0.509,0.1655,0.5933,0.2101,0.469,0.2223,0.2822,1.247,0.5107,0.601,0.1901,0.2048,0.3164,0.8604,0.2668,0.3713,0.2185,0.3213,0.8696,0.282,0.1475,0.3643,0.2413,0.1847,0.32,0.206,0.4395,0.3962,0.32,0.184,0.986,0.1293,0.265,0.1777,0.4783,0.2654,0.514,0.6616,0.32,0.4863,0.2766,0.302,0.7065,0.3757,0.32,0.7554,0.32,0.1974,0.2202,0.2389,0.6978,0.348,0.2135,0.1963,0.3542,0.504,0.2256,0.2211,0.2815,0.32,0.615,0.257,0.3064,0.4856,0.3098,0.412,0.4336,0.1892,0.2854,0.1761,1.675,0.32,0.6133,0.515,0.381,0.6714,0.748,0.311,0.688,0.2246,0.293,0.4587,0.2454,0.304,0.2812,0.2866,0.1781,0.2285,0.3123,1.0,0.579,0.2717,0.1469,0.2744,0.909,0.32,0.32,0.32,0.534,0.3306,0.2888,0.604,0.3398,0.3623,0.678,0.613,0.5474,0.1887,0.192,0.32,0.2036,0.3398,0.2085,0.1858,0.2551,0.2927,0.258,0.32,0.3801,0.32,0.2986,0.311,0.3357,0.32,0.244,0.32,0.3745,0.2239,0.315,0.1681,0.2456,0.3254,0.3093,0.1758,0.331,0.2942,0.4543,0.2164,0.32,0.5654,0.1902,0.3862,0.8057,0.5566,0.317,0.11884,0.32,0.1708,0.93,0.5444,0.32,0.569,0.4985,0.261,0.954,0.3083,0.698,0.2896,0.1804,0.2979,0.32,0.2686,0.394,0.322,0.1812,0.1594,0.2373,0.5767,0.2566,0.2625,0.2079,0.32,0.182,0.3364,0.3628,0.524,0.2778,0.32,0.2173,0.2072,0.4011,0.813,0.4417,0.5522,0.32,0.2048,0.32,0.994,0.28,0.3145,0.32,0.2637,0.625,0.2925,0.2128,0.2051,0.32,0.3027,0.4553,0.3726,0.7446,0.32,0.3142,0.286,1.047,0.32,0.4004,0.2059,0.2888,0.32,0.3508,0.32,0.2413,0.32,0.1792,0.32,0.7593,0.794,0.1772,0.91,0.487,0.1791,0.222,0.452,0.32,0.1454,0.32,0.2482,0.32,0.2942,0.3984,0.2158,0.3196,0.2722,0.235,0.1841,0.2162,0.2354,0.36,0.3015,0.1975,0.7207,0.232,0.874,0.2145,0.3108,0.3123,0.3687,0.3818,0.1852,0.1473,0.8447,0.2896,0.2856,0.2764,0.5044,0.2908,0.529,0.32,0.3293,0.2388,0.382,0.1913,0.2979,0.1476,0.2896,0.3203,0.3413,0.5347,0.32,0.281,0.6377,0.2483,0.1571,0.5317,0.3308,0.1611,0.32,0.309,0.4014,0.279,0.559,0.5107,0.3384,0.2903,0.32,0.2878,0.2097,0.282,0.1685,0.4731,0.429,0.1161,0.41,0.32,0.3176,0.1881,0.1924,0.2225,0.5317,0.6763,0.963,0.32,0.32,0.32,0.32,0.1724,0.2305,0.217,0.2583,0.32,0.32,0.538,0.2878,0.3423,0.2125,0.3035,0.1819,0.1921,0.2041,0.1906,0.3171,0.518,0.1743,0.285,0.32,0.2037,0.32,0.32,0.5044,0.7407,0.4795,0.8633,0.2178,0.2037,0.2969,0.315,0.2133,0.4292,0.1606,0.4058,0.32,0.4219,0.32,0.2289,0.6006,0.2524,0.5576,0.4504,0.3496,0.4502,0.2627,0.3123,0.2396,0.2184,0.1119,0.414,0.574,0.32,0.2695,0.3655,1.154,0.9307,0.3506,0.257,0.2048,0.5127,0.2747,0.46,0.423,0.3271,0.4004,0.275,0.7383,0.3118,0.3105,0.1611,0.2122,0.32,0.32,0.2313,0.32,0.1733,0.32,0.2812,0.2441,0.2935,0.1842,0.3171,0.2996,0.2194,0.38,0.2432,0.32,0.1804,0.3247,0.26,0.305,0.2242,0.458,0.32,0.1571,0.183,0.3123,0.432,0.3083,0.32,0.5293,0.1852,0.1674,0.1842,0.6196,0.1813,0.2344,0.32,0.1835,0.44,0.254,0.4668,0.2634,0.1892,0.4138,0.4685,0.3145,0.1772,0.1881,0.1833,0.3074,0.3037,0.211,0.1093,0.192,0.4438,0.2944,0.1792,0.6914,0.1896,0.4397,0.4434,0.32,0.3167,0.4226,0.309,0.428,0.3887,0.32,0.4038,0.3994,0.32,0.1948,0.32,0.3145,0.3923,0.302,0.2064,0.3093,0.3145,0.252,0.32,0.761,0.4238,0.32,0.1842,0.43,0.2917,0.416,0.32,0.2808,0.994,0.2496,0.32,0.477,0.5347,0.1472,0.267,0.2283,0.811,0.2327,0.321,0.2285,0.257,0.3784,0.3293,0.2048,0.1311,0.1968,0.646,0.1982,0.85,0.942,0.4348,0.8403,0.3157,0.2284,0.3088,0.5054,0.515,0.2551,0.341,0.1781,0.2169,0.2913,0.3022,0.32,0.2117,0.2146,0.2876,0.3513,0.4138,0.2006,0.2703,1.01,0.3057,0.2177,0.2905,0.1824,0.2954,0.288,0.7124,0.538,0.6753,0.3347,0.8047,0.383,0.599,0.1768,0.1775,0.4265,0.1848,0.2454,0.681,0.1594,0.5986,0.2725,0.1909,0.2146,0.5825,0.32,0.1454,0.32,0.1074,0.2874,0.32,0.2096,0.315,0.5156,0.1896,0.2491,0.117,0.2151,0.2861,0.3098,0.7646,0.325,0.4307,0.2402,0.3818,0.2266,0.2856,0.2507,0.1619,0.5312,0.2932,0.2313,0.345,0.32,0.2646,0.3188,0.2365,0.3901,0.2336,0.269,0.32,0.3132,0.32,0.32,0.1926,0.2764,0.1818,0.32,0.2866,0.32,0.2957,0.668,0.2717,0.757,0.2583,0.1304,0.2346,0.6353,0.3167,0.461,0.8013,0.32,0.2947,0.1764,0.4912,0.2402,0.2028,0.7095,0.1472,0.32,0.32,0.1833,0.3015,0.3108,0.32,0.2583,0.32,0.365,0.29,0.32,0.32,0.286,0.32,0.8276,0.32,0.182,0.5073,0.31,0.327,0.1799,0.3857,0.2922,0.32,0.313,0.32,0.5415,0.32,0.464,0.346,0.255,0.32,0.32,0.32,0.2424,0.287,0.4338,0.3184,0.2673,1.01,0.4045,0.2546,0.8228,0.544,0.6333,0.5444,0.1783,0.1945,0.3655,0.6743,0.3196,0.4043,0.588,0.32,0.323,0.7476,0.708,0.1769,0.2654,0.2786,0.3687,0.2969,0.32,0.4941,1.585,0.2957,0.32,0.3503,0.2383,0.3113,0.4595,0.4978,0.2234,0.2666,0.303,0.2446,0.32,0.2861,0.3179,0.319,0.2515,0.294,0.202,0.281,0.32,0.3142,0.7515,0.32,0.327,0.1512,0.1797,0.2546,0.32,0.2588,0.3296,0.187,0.32,0.2654,0.32,0.1841,0.8286,0.3035,0.3435,0.1478,0.2937,0.4841,0.2856,0.224,0.2903,0.3247,0.2622,0.32,0.1923,0.1912,0.153,0.1996,0.32,0.599,0.4087,0.2585,0.4978,0.7456,0.3503,0.1611,0.4258,0.32,0.3188,0.1962,0.3186,0.559,0.7485,0.386,0.32,0.8633,0.198,0.32,0.2354,0.2756,0.2917,0.2637,0.2522,0.32,0.2954,0.32,0.573,0.6973,0.2297,0.2216,0.1824,0.2546,0.2903,0.261,0.3179,0.409,0.3894,0.32,0.3628,0.456,0.1156,0.9395,1.045,0.1965,0.4502,0.32,0.9434,0.2622,0.1803,0.4946,0.1641,0.3013,0.32,0.1816,0.32,0.706,1.0205,0.2218,0.3,0.223,0.2961,0.1833,0.314,0.1982,0.2793,0.1777,1.098,0.1537,0.2217,0.2407,0.4004,0.3035,0.2976,0.2915,0.3975,0.2003,0.578,0.1982,0.4143,0.2179,0.32,0.1769,0.3616,0.2157,0.524,0.2135,0.1852,0.779,0.3135,0.32,0.46,1.153,0.4048,0.2893,0.3386,0.3142,0.3953,0.1768,0.2856,0.185,0.384,0.2605,0.1781,0.3728,0.32,0.564,0.6074,0.2041,0.288,0.2024,0.1063,0.10046,0.32,0.3186,1.3545,0.32,0.2935,0.1814,0.4316,0.2113,0.32,0.32,0.8716,0.2874,1.424,0.3003,0.2455,0.1827,0.2264,0.512,0.32,0.1006,0.29,0.3696,0.32,0.869,0.32,0.12006,0.648,0.32,0.224,0.2489,0.11505,0.1998,0.32,0.3196,0.3364,0.2803,0.32,0.32,0.1982,0.496,0.2888,0.1407,0.2026,0.2856,0.262,0.6797,0.349,0.417,0.1902,0.2908,0.32,0.32,0.2927,0.4365,0.3997,0.2993,0.4731,0.1176,0.587,0.4182,0.7246,0.32,0.32,0.3096,0.4863,0.2854,0.688,0.7827,0.2961,0.6934,0.5225,0.3174,0.2186,0.489
